"","Comp 1","Comp 2","Comp 3","Comp 4","Comp 5","Comp 6","Comp 7","Comp 8","Comp 9","Comp 10","Comp 11","Comp 12","Comp 13","Comp 14","Comp 15","Comp 16","Comp 17","Comp 18","Comp 19","Comp 20","Comp 21","Comp 22","Comp 23","Comp 24","Comp 25","Comp 26","Comp 27","Comp 28","Comp 29","Comp 30","Comp 31","Comp 32","Comp 33","Comp 34","Comp 35","Comp 36"
"5830",1.09734235486361,0.0378717697980981,-1.04712063044509,1.24939184952108,0.335790021327236,0.456925646307496,-0.883948989392852,1.2691668278592,-1.28439240098747,0.542445677793447,-0.835811114189907,-0.662526445680275,1.35527193971475,0.106240169936248,-1.22912267664848,1.12541684516477,-0.835753758665465,-0.00965121542330515,0.0500851268757986,-1.15092424199935,0.910590850375008,-1.46248163322304,0.223937013232447,-0.300647220524482,-0.41106807590473,0.436241093407034,-0.153600284277266,-0.42923302908257,0.0198431564995846,0.536245781472574,-0.252972497636398,0.129950709985911,0.145353376441898,0.0449592189058974,0.590010643071087,-0.486097907219964
"5831",2.55623597872205,0.292437210415043,0.609351594980614,-1.00966419643659,1.28500134706124,0.179749204671485,-0.304854439957299,-0.0033134154873806,0.206645740359265,0.012166061901749,-0.547161292665247,0.853936986909251,-0.742576683584517,0.212027669721348,-0.0352541260804224,0.32749046248268,0.13514504032053,-0.0512628560050384,0.597769846093698,0.595792435688427,-0.621587687349473,-0.0711798391450456,0.18650391280401,0.399130493447659,0.511922317847946,-0.275229980487244,0.157491660904245,0.110581222129444,0.681395187975829,0.724452510099406,-0.059540623101832,-0.171187008716163,0.117334619178616,-0.115908377833766,0.209314594410934,-0.35148875439555
"5832",-3.45006927500807,-0.204383124977157,-0.8211799224639,-1.33024826964761,-0.764393270883011,-0.331933671618245,-0.690084636233972,-0.537751864226794,0.398432407329592,0.630341458738701,1.88300950764758,1.55877477973247,0.18910595670226,-0.249478219718745,-1.43353239418754,-0.541863585352286,0.107577134278422,1.19784337116761,-0.652649275901602,-0.95049267868305,-0.867918854860629,-0.285116234693768,0.409642146939053,-1.46477762862811,-0.267245838335524,0.0196000765100477,1.47539763899941,-0.146122954244641,0.644808560387732,0.561472117056525,0.570692149581774,-1.12803321455341,-0.487271929294138,0.595090246319903,0.186427072679527,-0.176819277863374
"5833",0.447422456324386,-0.764938342150068,-0.137894084067728,0.623967836913188,-0.808353204160999,0.0564448768209136,1.71653970289858,-1.24146737985824,-0.0996922626209639,0.889791082490048,-0.261878745646816,-0.722017655263892,2.30313574454505,-0.150579979619317,0.537187876146732,0.0414462425720667,-1.59784025480704,0.306346431889506,-1.56242879453507,1.52889793950325,-1.04282698820068,0.987686511155515,-0.280968259546413,1.08785247053178,-0.0528465495937026,0.809220567746824,-0.479983113630212,-0.435437733595071,-0.394643859447268,1.41784098467821,-0.0582915890725285,-0.385433328638632,0.71051563827855,-0.802423439617311,0.277287664145297,0.0362686270220836
"5834",-2.14551689489023,-2.25954786821476,0.794814840292611,0.628171914337916,-1.98132070210055,1.40127538698199,-2.26541492779028,-0.0731552880000641,1.89416925123515,-1.29000800344341,-0.585402657400366,-0.646566218149865,1.10445158826273,-0.863180657255483,0.187639689360143,0.293627140830761,3.12669829185636,-0.623961080884155,-1.51253010333823,0.373979704945361,0.35037862556977,-0.30808069941275,2.26157962404231,-2.17058530741945,-0.0280402339525678,0.193496839666315,-0.131512246845078,0.483944513447097,-0.268567854187085,-0.337650190647657,-0.905973798223198,-0.718531903119772,-1.00322651179504,-0.883595344701366,0.812419997178285,0.117137495786085
"5835",2.04210729787729,-0.887754916559509,0.381010320827018,-1.84796754007133,-0.541216767669611,0.2307657576265,-0.0199536387783553,0.669348753937673,0.779099395752447,0.185184341921425,-0.466809097876181,0.589078202629463,-0.566432385611071,0.595396483492108,-0.494780123046979,0.503747072478079,0.284508967154809,0.42512253239052,-0.205902615704912,-0.231874069010256,0.139312867683806,-0.0918219769020325,0.320026587045492,0.131695418396548,-0.700508048194208,-0.821666071146035,-0.40372468915866,-1.22836722141861,-0.109943888063462,0.130143738788983,-0.336768008289888,0.179366238764516,0.17601079247826,-0.632405609184327,1.10086105773802,-0.725472340609732
"5836",0.561207554213292,-1.43545046159439,0.00366440419146518,-0.674454870655797,0.620869085094938,1.48089486406042,1.3620431013728,1.0288921801811,1.14393218011683,-0.351311669271093,-0.108377472537878,-1.52670571384632,-0.788722283501056,-0.404641170170466,0.232869346512651,-0.391339620253814,-1.32058746442768,-0.551039201341257,-0.405077905329308,-0.730923299929975,1.63328721957016,1.17217460857599,0.757081620916377,-0.0222199583034755,-1.6708619248719,0.00889614137652334,0.725932755736924,0.200697670234462,0.933758796632676,0.99961534985811,0.822471726422449,-0.526064833245917,-1.31987051786929,-0.666175263844271,-0.232162237409337,-0.692177876186551
"5837",1.76187573390197,0.326120097163579,0.907825157542873,2.09794796195693,-1.43109961877691,0.221027624074168,-0.0308117133091898,1.4892172740208,-0.699515838363046,0.0634819011318858,0.83697469410199,0.0697135650430409,-1.02113772131454,1.82126963994982,1.28122281217243,-0.784104955696232,-0.851917904760552,0.75354783232633,-0.258924944997912,-0.529742028046289,-0.0531103802909089,0.248073837645992,-0.445375047104751,-1.16712754654474,1.22733660268031,-0.0681692895250761,-0.119641239076057,-0.0734846163099415,-0.343976001748653,-0.0687378568719861,-0.106178260901217,-0.0957401654844447,-0.00432790888063928,-0.595273697365926,-0.0522733923289815,-0.171509875520841
"5838",-1.14403557124597,1.8953221072598,-1.58900675680804,-0.147176171173238,0.122186236077119,0.565521320149939,-0.651294763100048,-1.17692145112073,0.860214272565886,0.33699871071885,-1.48683659520854,-0.197363561226294,-0.80565317543137,-1.51753252526915,1.15559266503257,-0.451747938161796,-0.11447247360674,1.25804366240774,-1.12360532924372,-0.50929173124132,-0.136138455683928,-0.641525096077771,-0.276227062004325,0.74976715103977,0.150210118883146,0.0785818521484143,-0.0238236104004798,1.30864526493796,-0.52790520666928,-0.389475455791857,0.574214167550987,0.0645293613753607,-0.0683556813863495,1.02364432533852,1.80736369109984,0.399361781418926
"5839",-0.413507876877593,2.36374079720126,-3.04469544789174,-0.812116929127895,-1.70147317604896,-0.808833895244935,-0.561628535451305,-0.546802799105608,-0.174056777655892,-0.0689383891005861,0.273080496728252,-0.149886116981599,-1.05617071720519,-1.05204323108994,-1.38188082112343,-1.02636877397068,0.115749727324796,-0.274416703979451,-0.957997111270686,-0.484608638770296,-1.51413275353535,0.161790993274244,-1.80596660512749,-0.429208568377212,-0.263950738963525,-0.348519125816327,1.17048805091589,-0.422086004923739,1.30765490568492,0.610902347091132,0.316760999865508,0.0752917051683759,0.967921257721643,0.162733921024292,-0.879898248908642,0.0681998821545356
"5840",1.73336474279924,2.05753719105337,1.74447439594207,0.249042797787135,-0.906622474210114,0.520347405692136,0.856499775272826,-0.654886742334866,-0.413218031234346,-0.127203031276696,0.827955915507688,0.929801482179509,1.06958539458917,-1.46529652669258,0.21016792522043,-1.12172268369664,0.117837580254693,0.320239622653083,0.857838575720577,0.128258583540809,-0.238273137960773,-1.40357979424064,-0.44037054008796,1.00807253654464,-0.399220897509988,0.291853479264532,0.132419857137119,-0.0260733599747035,-0.076596750403065,-1.07117102057614,0.10013812646165,-1.19385528502281,0.194379555928054,1.28057986976282,-0.87989051754406,1.09090082370265
"5841",-1.64394168214472,0.157308666116109,-0.760647473204702,1.10569168818158,0.743828875517577,-2.17134371602481,-1.35435507367988,0.103621729991404,-0.0439257072062487,-1.40355825064639,0.899732664740888,2.20915285615874,1.03521363837546,0.635578900404818,0.114043790878912,-0.811032759079817,-0.30970598864104,1.18037583293819,0.155053889718126,-0.720833930789543,0.450235227247313,0.228310910085865,1.06619822874708,-0.227011250447775,-0.478731656502603,0.671056056688893,-0.190834214684841,-0.539349949505692,0.33610316732246,0.387902398099312,-0.494154528462828,0.352971548399759,0.841837479280528,-0.658978545170716,1.36493690563958,-0.304336871314762
"5842",0.480335666713321,-1.26066647358298,0.788194718380484,-0.262579148740008,0.215266083779333,0.607828928630274,-0.367025799259804,-2.56271154389402,-1.26933046409605,-0.794138438416127,0.7342088021395,-0.915544019311254,-0.965114878502882,-1.63621287929053,-0.0716459972875581,1.48200727323961,0.111462249793817,1.46194896112334,-0.372778579073724,-0.123926684895689,0.0696075677865836,0.825194393691876,0.298234857610399,0.286182967998413,1.19318201328386,-0.949500563739929,0.879459795709829,0.241191940010496,-0.270977122641066,1.42492524511939,-0.735051111641205,1.61650253296119,-1.29759283996858,2.27260040035797,-0.711605318864268,0.0702871521363189
"5843",0.614400531157922,-1.1413144936379,0.331875393725828,-0.378510856899905,-0.875086756867049,0.644661391894728,0.342814505442986,-0.164440682481482,-0.428252664160819,-0.323029617485013,0.464485962775897,-1.09593401168194,-1.44441757197367,-1.16315976401215,-0.120176988672613,1.17176237596854,-0.118801075219127,0.8248712062337,-0.441406924984064,1.22922098290346,1.14008551249278,0.354002542896436,0.304220873012696,-1.13889540606932,-0.904754931333798,-1.31722259172327,-0.473368517310491,-0.835728679242086,0.158908430869721,0.00308556869688745,0.819817370175495,0.782589803866577,0.484028569237027,-0.166672765920853,0.110424506709361,0.0836852332237263
"5844",2.07713393329604,-0.153587846940238,0.392773639439368,-1.34851277537589,1.42818369639897,0.0273931226930742,-0.41162456634398,0.180892618124828,0.477402905900667,-0.0155471716271169,-0.603870531662636,1.25354288434217,-0.386941860069678,0.32946745190237,-0.369008359222261,-0.18894334195901,-0.169466018773717,-0.0318759397515359,0.495399283666162,0.612657322156169,-0.725098183642296,-0.461188537422762,0.000595133578001792,0.124180377011227,-0.0947708433164646,-0.165850455485103,0.122522132078764,-0.690978403653699,-0.163793915836202,0.122046238341167,-0.493216746888716,0.0144138054644839,0.191928003144277,-0.391642366867805,0.245755679658817,-0.476784205059332
"5845",-0.0602797690531143,-0.737268666103604,0.400099085567919,0.237315445203256,1.50524085079411,0.557201476292469,0.261725888514835,0.472573219603824,0.234826858856361,-0.472824241059076,-0.248552653660754,-0.818308182753447,-0.529922143494359,-1.09739919720667,-1.20199742556299,-0.477991071317038,-0.246737996939505,0.771750040595612,-0.276841274147672,1.71534780782711,0.176205615133495,0.70755941298905,0.41272884393225,-0.175506646192258,-0.752348635189957,-0.473034821314416,0.344760262938659,0.564374015379691,-0.433893377433639,-0.294880915906037,0.917393575641571,0.658222081373227,0.567134599048661,0.712817391054789,-0.298493746552969,-0.600684944627306
"5846",-2.00719460232509,0.0732164169893169,-0.799156306190866,-0.0490854765462495,-0.765768772931004,0.874747127936702,0.508509074523014,-2.012374274328,0.464567366502958,-1.43234165055019,0.686642454765652,-0.565487898833279,-1.59184273738046,1.9202053687281,-0.709365385321892,1.80948127633013,0.00719192421628134,0.68775404974315,1.48114596595056,-0.23667719816045,-1.42538360393638,-1.61587123868335,0.256447581397458,-0.169756009515595,-0.740242009244983,0.675692899242634,-0.787151599921883,1.20676349555745,0.0166439529513724,0.0183833730328311,-0.697281185068588,-1.2877154921593,-1.10729633914532,-0.0405356715461039,0.526089181855029,0.0388437422975284
"5847",-0.634726104377941,3.04623175627901,-1.86865061778693,-0.567316965320899,0.104459328529415,0.850953932499796,0.387591611297539,-0.447300834843268,0.810566273266707,0.349184306568865,-0.438682066951599,0.230030133815068,-0.918816944514692,0.269532905985139,1.45646490593721,0.234951556188618,-0.244246786498666,-0.288839902567762,-2.05265363081112,-0.12027002923432,0.960676199014731,-0.135999754269408,-0.101582861886208,0.298502003455222,0.488268051599542,-1.27049229805224,-0.126716665406088,0.385740316827739,0.221871610630767,-0.498771324561554,-0.710232026510908,0.0505477793522046,0.603318402285271,0.282764263380369,-0.581300998657364,-0.47005097559719
"5848",-2.96809011663531,-1.44017520429984,-0.378319327839531,1.28838434510597,0.237642945077325,0.894786217177413,-0.12928481122198,0.333355286060248,-0.463961068601448,0.176713766437062,1.10380247610307,1.52189780609813,0.613711182494252,0.38929397008982,-0.327883758298857,-0.64976685130158,0.749852564189904,-0.926769701301862,-0.271868922038461,-0.726657701349992,-2.22325764021123,0.393703953940631,0.602167176692859,0.623921126186212,-0.246319301857916,-1.31909797334646,1.22746453091811,-0.708080404999128,0.072592543827396,-0.620004353016017,-0.0195080855213468,-0.692659391689173,-1.22998045857695,-0.830280576200674,-0.401572377327123,-0.521312761892297
"5849",3.3863067417475,1.31484645282885,0.145387252404822,-0.266310311473841,-2.68500468920512,-0.858334490501493,-0.53793875376403,0.945740316541871,0.50171781869751,1.20397282213607,0.834711631408189,-0.144664768322802,1.24242233367512,-0.269183018546245,-1.37643055798168,-0.024992135298062,1.53988885494694,0.745108835972793,-0.613854672225521,-1.07309072714801,-0.183499271584808,-2.424638595514,-0.463650446633454,1.70602559707263,-0.944104672207593,-0.00928426013871519,0.325085247055827,0.943057242120848,-0.481924714270193,-1.11323249361152,1.16766289080827,-0.0346467421745949,-0.985610474017307,-0.924963084033867,-0.641860981709282,0.259064772410922
"5850",3.18327182741371,0.0283518943059079,-3.78922862396921,1.33507626531769,-0.260720000558722,-0.320622088619398,2.88473494892816,-0.0443046349455093,-1.28942889709468,1.54756690051997,-0.506083259508565,0.576692718886288,0.111536180140691,-1.02075579251505,-1.45317457407602,-1.48104557787161,0.433973470714633,0.962096811465948,1.41179931976103,1.63183650537106,0.486306869957066,0.300443819981493,-0.307425605897104,0.915347971904923,0.92760478150509,-0.421712581393013,-0.092149293548907,0.121190229407606,0.143426101911303,-1.34258551268576,0.0621352696989357,-1.57383440481867,1.84374637007222,2.29523523216797,0.704297833634155,1.48115049374614
"5851",0.402890469752674,0.297754400327038,1.39811845835641,0.525224828823728,0.132298896112303,1.66505571056314,-0.698500957161516,0.139479760567569,0.420481811821821,-0.676194831748019,1.17681738722635,0.988120992167282,1.11812703377816,-0.378465595456255,-0.0396473390836896,-1.59959042459036,-0.378201986780224,-0.689864803823266,-0.222272169822827,0.475084194376039,-0.419039317540281,-0.875885047024361,0.506572728332338,1.17001072800543,-1.71938718157578,0.845521965607206,0.845181495128036,-0.127410091409283,-0.648494803667177,-0.956065984736327,-0.377187979692043,-1.53923250287939,-0.677427198730313,1.24875193582634,-1.2191138657399,0.966612619574499
"5852",-0.87109897948386,-0.400702553357291,0.882614278047733,0.915030215579657,0.144051317067865,-0.0195951514569846,-0.440398398473794,0.479611407246188,-0.738420749716471,0.390084591128692,-0.821423353295037,-0.078210548277628,-0.621837708726503,1.19341198956078,0.51751163788645,0.981182621970637,-0.286952594281846,-1.20448618115752,-0.307860031497531,-0.765197314312609,0.474428532945406,1.8937444241868,-0.755544697329102,-0.474725121816758,-0.0250873262003903,1.38870701765094,0.0490314623071874,0.562117795279367,-0.601308358433445,-0.691659092185042,0.532306134863899,0.115727225479184,-0.333256098603011,0.113775470476531,-0.116774514174007,1.15271642528446
"5853",-2.6964891555569,-1.94687517265414,0.586244747313494,-4.24778606369775,0.192894458381035,-0.578821191993502,-0.11776266912665,1.06419947495915,0.423101647241579,1.03709810670369,0.277146935835732,-0.453129147356737,0.0878387427374388,0.779661795322687,0.0889855788188291,-0.406289639596134,-0.604193781838283,0.977456981231761,0.897383992937376,-0.491321625756971,0.493431422910727,-0.120228672778698,0.870416646710151,1.068460395092,0.40170197607075,-1.60708503932274,-0.616461700347044,1.29174103657851,0.102712383676022,-1.08554722318352,-0.64370768867203,-1.51375078414457,-0.0343890705501474,-0.183752055581697,-0.214648285942639,1.63960337415434
"5854",-1.61072846945828,-2.53259859006208,0.323339239741472,1.5495102096148,-0.291249587002046,0.0530958045771136,-0.969173289887047,-2.22234959466496,-1.061514735154,-0.360722065782673,-0.626384345415095,1.41371409158753,-0.535423016228635,0.0791251722270117,0.174757966293669,0.906017301212358,1.30623805675551,-0.893622826067054,-0.996656085540228,-0.240258660101251,0.15739057374561,0.138671796958509,-0.464917595588589,0.30968756472776,-0.32899079266298,0.118039886248991,0.202796656647158,-0.909866988218163,0.143211563122873,-0.468053156288478,0.435013496020225,-0.395152202206418,0.153792277410354,-0.016335834147072,-1.94431560813314,-0.034717514589878
"5855",0.87831713255099,0.227164215018325,0.128558226967279,0.574946206470571,0.784736180690424,-0.0422238092856117,1.88570692813092,-0.147072350867415,0.720585188918681,-0.0529946615851747,-0.550824968634849,-0.971306245454342,-0.0943404376859891,-1.24606592540208,0.58866593179033,-0.922686040106454,-0.142940630444634,-0.416528687529144,1.09347504069913,0.35465347210544,0.995541454281703,-0.19235751900602,-0.822071938923646,-0.757957419517832,0.275557912007283,-0.456124766730195,0.0995546353842318,0.379785510924025,0.698970275812122,0.646466864475923,0.650850831110145,-0.544537009514887,-0.634428949202581,0.0295755483471549,-0.376355305793755,-0.0887100028502514
"5856",2.1700341780785,-0.88616940038741,0.217213396153331,-1.20211361560422,-0.727074002233885,0.835078242275683,-1.04305130287446,0.635261232070767,1.03706014293472,-0.137568752509463,-0.418437934730312,0.270343275149117,-0.349307096326905,0.473053919981568,0.0961416027150231,0.81172164629372,0.724013927563789,0.140752992130147,0.113006104663878,0.230672837010228,0.201305941866028,0.26213312997268,-0.138707993611537,0.232175716687825,-0.359380906911746,-0.702139967229777,-0.28223068826193,-0.490919353647533,0.356671936390542,0.888694946193414,0.238042795887994,0.854240159367635,0.303009871460982,-0.431612739429158,1.24218382775728,-0.0290655427035362
"5857",-2.61439774594549,1.37270444193554,-0.624840726404215,0.167136598943566,1.63799692541804,1.02783895293862,-2.02322425305587,-0.251756964206717,1.7816371243578,1.93061112628717,1.33611399907953,1.69805665950788,2.29367693720789,1.29915287992254,1.59683295594909,0.483375981377758,-1.5392508091001,-0.449927855809919,-1.80965050350533,-1.85693806724444,0.0500218352437523,-0.272808075705495,2.7415925243473,0.0648960962740424,-1.76267946076277,-1.3883103830162,-1.94128710064215,-1.02094524037282,-1.35089099011811,0.748778266415894,0.78215517339187,0.653775267648498,-1.5238929296391,-0.167649787316643,-0.821325575486868,-1.09535571986051
"5858",-0.557128520247813,0.950437938208546,0.0758819140026597,0.215700165818145,-2.51580344686979,-0.62825751581174,-0.393442939669263,-0.471370111389034,-0.761165121489215,-0.403900035468202,-0.488559390357161,0.108549049488699,-0.38712791961596,-0.880997589749882,-0.35662480127888,-0.694904653207678,-1.42308600135025,0.646522077490462,0.486608006863311,-0.444046502875976,1.39078696040371,0.471618636396274,0.00192365286258336,-0.499174027241279,-0.331426214644283,-0.211950773039261,-0.695781789722759,0.206294350282169,0.743812205419043,0.937227971289189,0.388360989867422,0.568221858110992,0.163632380976867,-0.100518005090773,1.55001026760209,-0.227315810428608
"5859",2.17903890644225,-0.00954689959538693,0.439186402207833,-1.23562343666267,1.60603241019593,0.0312963412910893,-0.535472699735741,0.137133344709065,0.460358959727328,-0.252000110733137,-0.850502930106121,1.12826081708166,-0.324978531125363,0.140089633456595,-0.759123470495761,-0.342568625507448,-0.0581997557448074,0.172925673447966,0.213973802912326,0.415149076215721,-0.823712936428744,-0.530950255158921,-0.294147656522983,0.383806247649134,0.0821587907147753,-0.108382890259282,0.116314770779448,-0.471944670219311,-0.101287120626176,0.163940435717884,-0.191328455877617,-0.0796111697859646,0.210601198857376,-0.273497109673643,0.412353403269275,-0.557990616082725
"5860",-0.287393974666699,-0.758408811460957,0.666596037887309,0.00531822664926063,1.49200025079651,0.298728012710883,0.406336783118714,0.066343585052012,-0.0768804145797234,-0.367135514359948,0.213818720145562,-0.190768111815051,-0.360976542199492,-0.844556667286388,-0.942168986610959,-0.187031224003935,-0.349092144222023,0.720964166941627,-0.479983223578362,1.37036114209407,-0.0377558638363157,-0.235716636524125,0.0798625081672095,-1.01464089472243,-0.904064342076309,-1.05367144548572,-0.133120842531174,-0.184042627497918,-0.390064627258784,-0.260322872283658,0.832583563601572,0.532011076464045,0.599667550761156,0.490019337345234,-0.418730386858559,-0.368827801102365
"5861",1.21412995138011,2.42151811860401,2.17155935941669,-0.94480798284296,-1.51588653269287,1.03256924526313,0.800782687524267,0.609049788350263,0.188981261198405,-1.06755961698115,0.292101285160772,-0.083666056000352,1.03145739073493,0.0712574489882695,-0.448202219060932,-0.161658128503491,0.977016836304733,0.309968947412808,-1.25707338765585,-0.0970905778146154,1.69774037472049,-1.64254781564149,-0.533229543939088,1.17530374119519,-1.61436391369263,0.0144117637623157,0.931944214408582,-0.727598986592894,0.586459968083466,-0.588184906069927,-0.766732573218386,-0.350584705772233,0.984878886071961,0.248406668265287,-1.68164569652977,-0.304929637654228
"5862",-0.921659006915357,-0.659207825576835,0.514553269711049,-2.03037849696337,0.844737802684652,-0.46492052382883,-0.292547949556304,-0.413976764552441,-1.26166186086152,-0.722252208231323,-0.311264813798645,-0.153665511863647,0.0654623756254005,0.771824914689161,0.376712101327973,0.0340242245579544,0.293048411267577,-0.25190548082924,-0.0873861543795464,0.594569962722878,0.494982184838019,-0.454132901905331,0.263863606735912,-0.158921330931883,0.0764953073806155,0.523185974988436,-0.2252433599247,-0.517380608432974,-0.253660246456848,0.128886952546349,0.926702207639833,-0.427940652122846,-0.264775991096178,0.586209762331882,-0.204347148686193,-0.684338483693617
"5863",-0.238503068652707,-1.39105215300329,-0.264258048787019,-0.04374203768449,0.769343622005253,-2.03583863365189,-0.0694907753318345,-0.911364559459942,1.78107576246862,-1.20548406463703,1.42454792062927,-1.22530488835813,-0.13790171803105,0.16417718306572,1.17974872620262,1.13926052926357,-0.147679578958066,-0.496406133947469,0.753065303265294,-1.25232611264261,1.18240809940445,0.367374195917802,0.905934408160176,1.05055523560637,0.400224640202426,1.13953907700338,0.895990304616221,-0.0186049056817775,0.160908375996511,-1.2358445091554,-1.30697031601682,-0.797852238686956,1.11217872411661,0.0530533372834012,0.627227667310634,-0.64892885256079
"5864",0.885582662513597,-0.349756479556182,0.379146032412157,-0.202462571865655,0.679196890196127,0.0358320245088895,0.290270223097234,-0.341278422495999,-0.680485815396722,-0.513603512529141,-0.105136838690543,-1.06576426125021,-1.36388775876794,-1.25452893864107,-0.621279555390767,0.101305554327215,-0.68935721811309,0.0412017848758859,-0.145016081244734,1.20458921382498,-0.253956647039206,0.357921355444127,0.0633316848609214,-0.803681664058608,-0.108222400918221,-1.6045600138755,-0.64376657144886,0.1740055553441,-0.0112024212435118,-0.486817611378559,0.31573303313567,-0.272221115423247,0.0383005445517328,0.217490791970069,-0.438998532377845,-0.157947654228198
"5865",1.02310324530489,-0.221979107929797,0.627803993838228,0.321209008882632,0.111728050319861,-0.841486726062124,-0.584983543976729,-1.7404664795121,-0.34512490915352,-0.573282799948939,1.04756347176436,-0.93575977588812,-0.683189065311136,0.123777592792342,-0.608581268692183,1.33151015448957,-0.85102975768297,-0.489263747078326,-0.314839491192583,0.884480881189544,-0.431442368051491,0.279893969414291,-0.126701628844221,-0.136001302086064,-0.838516894233226,-0.894583568948317,0.0586877498464012,1.12506822330158,-0.459538804486477,-1.40217913769504,0.379375136374648,0.354334762503813,0.821399524921871,0.829993163786505,0.535987633211738,-0.549688181696679
"5866",1.42792566304828,0.546649035808953,1.14147417225709,1.9313141483405,0.411247007694523,-1.91990347909662,0.430077877584099,-2.0265000086996,1.06072488200589,-0.251067751861726,0.537316735661725,0.261362029726423,1.04656027072641,0.85814777408375,-0.297801057319673,-1.27204403937744,-1.18388604563984,-2.64100260746271,0.38962500381939,0.945355290093541,1.10547156353638,-1.73219345520009,-1.70446216628185,-0.549403577564816,-0.0323747821010142,-0.618675401275612,-0.760879495019259,-1.62692587506338,-1.01552138884778,-0.741276580145318,-0.285239534912277,-0.545755161385298,-0.377642984598731,-0.168407869736185,1.04647059149479,-0.361505530638629
"5867",1.45768522479501,-1.12936664281784,0.264078949550131,-0.98788564516571,-0.902802128535602,0.5625680303922,-0.335405448292297,0.530350495319572,0.976825792551236,0.0396921563168695,-0.573838384764775,-0.0420572328088117,-0.807173491819407,0.241743224733436,-0.252769635239614,0.901764214966852,1.41829248344623,0.999124852653043,-0.0700264008434008,0.338496595166191,0.652327781899709,0.273662223880407,0.662884981321977,0.439774161354911,-0.0715165862387251,-0.435470324173707,0.213619241273008,-0.387507671734726,0.211831070606745,0.386098342590431,-0.145629912958442,0.125559917820075,0.29117451888594,-0.100373528776885,1.06996813910994,-0.22821625557875
"5868",-2.32668578772947,1.63648646792615,-0.719946906371213,2.05234479153112,-1.28744807363905,0.328016474683396,0.471088412891519,-0.885669890976546,2.070465572314,-1.5502859949116,-0.230373607221345,-1.03222934636765,-0.460653679530502,2.97144069780353,-1.68289576997583,0.471015859332818,2.26616359030031,0.0621905076557863,0.985633992200762,2.09872087232313,0.325620250288596,-2.44158270994783,-1.13374883641047,0.662892360771343,0.773153046941793,-0.0696789142131554,-0.411542472949568,0.963557893542897,-0.014916068922697,0.375513656196738,-1.01414213602486,0.726889023917178,1.12266046784238,-0.0346706177822153,0.0155198578631626,0.923484262531739
"5869",0.569957688904309,-0.692867122035025,-0.0418684159028708,0.600460100105611,-1.0309748068631,-0.185005444104964,1.39180662329185,-1.47706511669489,-0.220221443787654,0.67170642801266,-0.408736098317824,-0.796747227220333,2.31333927425368,-0.155323595458943,0.443014666956953,0.0665596515860369,-1.43269975147239,0.346520872985407,-1.55825857302067,1.53013316651612,-0.971195287064691,0.805358226358602,-0.57048266313363,0.970474294475517,0.322037880746286,0.380156959304194,-0.736612658120491,-0.398595688393662,-0.449101328862317,1.15811938435254,-0.375690246409331,-0.774461672168226,0.391823818452106,-1.1602459789811,0.438594818518758,0.325944170457171
"5870",-1.78759675648377,-1.23474458028516,0.807105813499067,-3.89636798621207,1.01532419679694,0.0666424367236363,-1.04321203533439,0.592498751164964,0.263893743978625,0.742341164606893,0.967517533982814,0.588754830670731,0.947574830233851,0.68454921150999,0.44075954328192,-0.141733742982207,-1.25889244432931,0.541600573410908,0.74203465734681,-0.674800211517294,0.236984052562972,-0.297263380188936,-0.520483477024711,0.976208035790922,0.189484352392207,-1.79211160759211,-1.60659344733427,0.700245918575886,0.810062879702524,0.0739095922368636,0.414042895957656,-1.35221148060657,-0.150991181737773,-0.160114411454867,-0.159556114014416,1.56297235932292
"5871",2.97548836169622,1.87977904196315,1.22806703643311,-0.283703007568464,-2.22374882282872,0.946118417987372,0.302063239259164,-0.026045523979881,-0.426461265027632,-0.803631668413425,-0.16089154604535,-0.272181186887895,0.819876766673708,-1.34079431952704,0.198241472739695,-0.66336602801491,0.368927091429388,0.752948500412674,0.536120775972819,-0.232619195587156,0.289765771263723,-0.398197402352713,-0.393642001572598,1.47117601984037,-1.90081680451514,0.837803410027149,0.746668383345517,0.484575235521147,-0.062811118261054,-0.773162518244955,0.799227098909458,0.41712353365941,0.00454417493996011,0.139480025213874,0.389614536333833,1.09541275978667
"5872",2.31240876709543,-0.425972027917877,0.731301458925947,-1.25064702825102,-0.340850633306858,0.744375920698603,-0.449737600007483,0.278704577429624,0.476884180487676,-0.274736627868381,-0.653476556160416,0.0776311944831812,-0.874564529724716,0.140991517468233,-0.151043044339025,0.943994236108188,0.542117601963851,0.559190454269811,0.0549731414586438,0.226175024153079,0.705465344145896,0.531964803393673,0.687804299329646,0.615049697558931,0.0225908796592466,-0.197709913893012,0.0833631916612665,-0.619922329545706,0.555856160804671,0.821823430770642,0.159508987070079,0.376723804493744,0.227295414247032,-0.432694644921981,0.935790435002652,-0.461983797389317
"5873",0.360122357636706,-1.15456933553002,-1.31679955217194,0.304355120359617,2.30139990482449,-0.892921667352334,1.16287018080906,0.508444130112935,1.12405626500416,-0.921683663018308,0.534913690991364,-0.529562829688673,-0.511156857754432,-0.976106101236488,1.31041499263241,-0.389516652146745,-0.104809222876918,0.473955917203513,0.417380834155701,-1.23608530604307,0.302587598758512,0.282314568234908,0.862652928179555,0.496250187412876,-0.507193859500672,0.648474257734913,0.581472503893278,-0.77606903036338,0.995041074502621,0.385762709913401,0.227280116889851,-0.227196242100338,0.752475645624559,-0.756706854132996,-0.273183460177326,0.693545091187001
"5874",-1.48109636984209,1.75082890170176,-0.551846459221348,-0.948896649231924,-1.64398318870265,-1.10028700463952,-1.53795237497557,-1.53650388772522,-0.412925022554255,-0.138879596400831,0.194857534270726,0.425425340923224,0.267675281067866,-1.22765237289449,-0.389655086116383,-0.258035770772814,0.525567711000751,1.03029741869196,1.17798656630932,0.0901545260122397,-0.497618765563161,0.29427796062171,-0.427186466854139,-1.35856766740672,0.0203911730694629,0.301420565769784,1.04882143734243,0.101499308358307,0.735448345897728,0.910802807650026,0.173010267503077,-0.281644329160873,-0.844032483639346,-0.220646102768044,1.01296942288499,0.0502488812609695
"5875",-0.515982716382602,-0.792183349715093,0.242413953919572,2.13326093206343,0.214241410624977,1.21223250218745,-2.27970046023147,1.63843936692174,0.0837916922935902,-1.12845973764126,-0.653618487016369,-1.62091042871466,-1.18222762692641,0.60909518403526,1.45517827497612,-2.87219202653184,-2.92416215794645,-1.68007022343205,-0.0558339451319079,-0.876938074537249,-2.65466665626202,0.470162481303493,-0.258554297139523,-0.612244673524065,0.127395899062254,1.09565068867596,-0.0774021531590497,-0.422404324285789,-1.75400931817668,0.0200265156843724,-0.858924167379856,0.63641801025897,0.834628247114461,1.20703220200151,-1.08200842105023,0.173404832115335
"5876",0.0954332749863749,-2.44711213297688,-1.0484811692003,-1.60476413857447,-1.08409370499333,0.426576881577853,0.396617664889271,-0.723530556487917,0.270284731040741,0.180699812516221,-0.0545214998058849,-0.957669396174909,1.37211290454832,-0.191360763684292,0.143352776522094,0.91247646255267,-1.59485055814278,0.488815296241434,-1.6012394557463,1.87471511987727,-0.44124877083807,0.959851816205777,-0.976989186422181,0.574069597394432,0.824283946564259,1.85354114539869,0.947041621015335,0.543912966139321,-0.921684638763795,-0.0581115079959341,-1.56811948012978,-1.40055736187762,-0.221229934152714,-1.65564024606658,-0.0692296443938326,-0.972626746785474
"5877",-0.0877735716040216,0.963640184905763,0.158419403715139,-0.883166291998327,-3.13458121924379,-1.06688244489434,-0.513988463983588,-0.406857652230666,-0.81184401607664,-0.249349392429296,-0.583402829113449,-0.161992494041609,-0.924919193187276,-0.966664308510764,-0.0741542926572783,-0.291092782138263,-1.58052420627549,0.163305693077865,0.940353985667513,-0.42547180866931,1.27759158170147,-0.34705175171884,-0.813418118331935,-0.991953118209882,0.417215836396663,-0.290119868350494,-0.634897109915138,0.552901542798479,1.02568731675466,0.932396518160126,0.0479071688088559,0.83875404845856,0.379951234916639,-0.380603957590947,1.71876303297464,-0.244949592692375
"5878",-1.13826488872334,-0.280775804896818,0.231209425162668,-0.266943203099784,0.753442737098317,0.0143567564278742,0.0509227510553203,1.17599510204118,-1.16943374428074,-0.365633386899373,-0.115384161211132,0.236261985092779,-0.17507039205935,0.754360886404366,0.479389704020102,-0.240501004526452,-0.77183636142819,-0.572426887851731,0.552873603908865,0.393326794045447,0.250352250145274,0.0916332438788449,-0.493635615792855,-0.424973790450718,0.716049370037114,0.754704262488561,0.241471612787867,0.331847625697818,-0.783125978729837,-0.95761116252859,-0.0212712346940666,-0.0993312090988095,-0.561082469296988,-0.248826061896921,0.469635746926064,-0.0462815499968516
"5879",0.892344615928023,1.21828367018235,1.57312245989654,0.124590537893683,-0.394364114221579,0.57137672263524,1.03965238562857,-0.621433195991803,0.488148863579123,0.596838813640576,0.59035911635819,1.23020097587617,1.16164329920275,-1.6074411860812,1.02805268628817,-0.00814635010411287,0.68043499029919,-1.65776480654772,0.555042982371965,0.00259039209305023,-0.742882040494641,-0.2802379289934,1.77237742090148,-1.99279198832311,1.90977600066088,-0.151494703852034,-1.23888481890666,0.441210755171667,1.3450502653288,0.624738003069752,0.720282039947699,0.305062144881112,0.799071501771143,-0.165953016519021,-0.526225001671513,-0.322728032031467
"5880",2.38957395220107,-0.387647309963278,-1.14574653920768,0.34760292331638,1.38758703837554,-1.07318334904226,2.34653610900056,0.0194028695034785,0.200482329072596,0.269708539887583,0.269929461973558,0.886510602849975,-0.774873915418355,0.105490623289558,-0.693037216603835,-1.32228788512235,-0.0405190516592818,-0.43772677177359,-0.554522922846883,0.445562447231554,0.176671764200054,-2.1331448781077,-2.15894972481587,-1.67741017494724,0.0398531052851445,-0.846492026463121,0.667698033067483,0.100088426406169,0.376904257461161,-0.456326659851455,0.787264611566696,-1.36261187512314,-1.52612546106213,-1.53984436981787,-0.099663758237012,0.151496339324212
"5881",-1.4258232459881,-1.72006251685476,1.10826178025961,4.18287090734549,-0.389596089490025,0.987555624366498,-0.295026399977286,1.53513903748654,-0.328567068001961,-0.473264492771622,-0.85017072295266,0.208896920682696,-0.204334419794229,1.24084576455944,-0.66442645418388,-2.04066526500154,-0.662826529376532,-2.873905551934,-1.23067558854317,0.227213024544667,-0.117316031522021,0.381163881389471,0.960564392992582,2.43185313154913,-0.361181754145911,-1.47953181095806,-0.685428579146518,-0.476561397153184,0.268136215668706,0.680259624244091,0.08913509247753,-0.0159359316878774,-0.937243320445508,-0.352939854918906,1.1655218044934,-1.04321263497541
"5882",-1.59552737022443,1.55101997411308,0.180789857655691,0.296563802250555,-0.979666825289818,0.594652996733273,1.71396657079273,-1.77773348899148,0.653436867913835,-1.133266699071,0.48352579811564,-0.10786473369904,0.0643115938827281,1.83423217079566,-0.823111360997817,1.28381134527673,0.158177555891107,1.16294313081363,2.62380411951518,-0.102560486689199,-0.611431193779985,-0.94799303463007,0.279587261919633,0.0216856797995201,0.0346903155520789,0.390850376850247,-1.33773036796106,1.06421215969456,-0.296040657934572,0.104761696180722,0.16716033088369,0.464319959388594,0.0585300809564889,0.090047648231992,0.874731717856737,-0.187319301525316
"5883",-0.113255421258975,0.131518087862271,0.24867152581577,-1.31822454973959,1.58479554373531,0.0210519367801081,0.488895786388087,-0.0516952755545101,-2.0463945922915,0.403256866373554,1.73953033330213,-0.125148314961205,-0.679802192136041,-0.926394937829582,-0.69832593570633,-0.902222532414604,1.71752276025492,-1.12207985301129,-1.08971000040041,-0.118663118197733,0.520103570729645,0.17782866282773,-0.469156124952053,0.112806121518745,-0.115759378369608,0.851004626333537,-2.26113875767696,0.68670922911828,-0.0902190151086547,0.517088225298737,-0.946609341638702,0.87527235007374,-0.0174158574456338,-0.14828405050993,0.153945104941515,0.299255993311636
"5884",2.86456813711831,-0.69885011518275,0.613282457442168,-0.999858540101522,0.375980192863376,0.114734099067407,-0.30327446983348,-1.65696220541066,-0.260675474852461,-0.0538084769373849,0.389396242169681,1.63432969151483,0.122055824737156,0.739798338351575,-0.237877093786125,0.496159809235786,0.477026398408959,0.42413834653386,0.170170537752344,-0.764246751110134,-0.644496442712787,0.264528103440755,0.234140294769333,1.07058708921575,2.12357866265354,-0.568241341231074,1.19068350187623,-0.487642894605243,-0.697574729319161,1.57933257111721,-1.1587946994009,2.49770056944342,-1.00671863344473,1.18527459156874,0.221235446636592,0.241986394090349
"5885",-0.464465319816458,0.300800149302359,1.11364480877049,-0.0667099944287823,-0.138074259454949,1.81336571453593,-1.41895593319497,-0.419410597464304,0.878377600662252,-1.34229139876608,-0.61605451756027,0.0236078686951471,2.37271520676444,-1.57962023095552,1.63202230882053,-0.31388166621513,0.361440858255703,-2.24679027398576,0.603365476472483,-0.558993072550569,-1.6126918887692,1.01232897681149,1.99885668056813,-2.36671743932594,-0.265803994565609,0.265085449099211,-1.03578168707645,0.682096082684048,0.0545645369381601,0.537582256321237,0.401578452137034,1.76465354032041,0.416820341823843,-0.420673757431417,-0.41698649267351,-0.130463627767046
"5886",-1.36982260199073,-1.89958957749865,-0.408266243596309,0.749128711625289,-1.95919925496818,-0.609654739021778,0.154620136051827,-2.09113099707605,-0.993549491715201,0.46491865130324,-0.938058406146699,0.85745412590817,-0.0533277394810824,-0.615808043825264,1.20114336233373,1.66852673883774,2.29420054756665,0.624627220536912,0.801826814971508,-0.684412509791768,0.00720895713735286,0.921141423985851,-0.755002570045329,0.05453741409379,-0.59169543933152,-0.684145579801554,-0.0477087023671697,0.446314438874291,0.187353246606554,-1.22332958563805,0.0935693128287537,0.254939940644428,0.641518562454405,-0.165093626383966,-1.61924665025541,0.449039399071377
"5887",-0.299551154727978,-1.70653142842021,-1.42971983721589,-4.52084003718236,-3.56376340031588,-1.04609849642314,-0.662949367394851,-0.213251930196743,0.335615781121704,0.195954215754279,0.187636952575743,-0.356312553161039,-1.673045887644,-0.597327888448966,-1.19062405300239,-0.691086208046182,-1.60497793851073,0.514798973220927,0.557333843638998,0.121741756597775,2.10141506172289,0.629286191925026,0.830157312985503,0.021740690318672,0.523658176695055,-0.303772162393172,0.143255748069488,0.549536744436282,0.337854210659027,-0.590489386116394,-0.678516294358307,-0.327722831547053,0.319681510902625,-0.539034593687204,0.303453915816965,-0.657682864880827
"5888",-2.17194011650455,1.32556307308561,0.955284290057804,-0.888943082793668,0.0433960087401889,-0.0791724714359109,0.16191763585133,0.563380433237725,-0.424496479263907,0.558525112232416,0.0244895503661419,-0.847275300118762,0.97179594457571,-0.22751389876744,-0.137356585044442,-0.743990814557155,0.27022386339973,0.392867764267593,0.960169016496077,-1.11869636911082,-1.0980072661797,1.26998479445554,0.495615946536613,0.754017095812041,1.0252577527992,-0.794654397048779,0.0415185616550496,-0.297152246442761,-0.105492199287095,-0.108275908041764,1.26735937186672,0.231807288609713,-0.0449338876789766,-0.052096606540033,0.949764504387619,2.16566297421583
"5889",-0.0306207301449705,-0.0320268921473084,1.04811211675027,3.70541124307417,0.786975769650652,0.714330062369976,-1.39618045504595,1.70259610827146,0.280047801720153,-0.598623289826705,-0.335881731298417,-0.705279588538925,-0.689980148113759,1.12882064205894,0.144252349227886,-3.69543422598997,-2.2561996034339,-1.11532825073048,-0.61703735540379,-0.133246750170433,-1.58952094300925,0.511883745780573,0.0702174599915544,0.369818619746531,1.40342531270778,0.600732682545318,-0.404027101802812,-0.573392106863562,-1.56607074408779,0.00288480957443468,-0.39207126864699,-0.377324288178565,0.543359660431424,1.2339562835763,-0.729168595878206,0.155559053638863
"5890",-0.552033944285846,0.0555570920123618,-0.392940451109083,1.36530243378743,-0.626632656391817,-1.06207948159824,-0.613411924150271,-0.815384184750549,-0.131251630674697,0.898527739613865,0.193315666379405,2.46091090492261,-0.623408409175217,0.598809288936325,-1.35700362783993,-0.332179883716325,-1.07851487673449,0.469670385392307,-0.661015548684544,-0.350761607073503,1.17991092651947,1.37500824057705,-0.620320143043461,-1.06025403397102,-0.609357786863948,0.985086492718339,0.57506731453602,0.882419003400358,0.0984065854241573,-0.500923516796827,0.180707306662633,-0.563316108327268,-0.375605019846738,-0.570589270467395,-0.222149532346125,1.01431264571873
"5891",0.787804037032289,-0.892365552765817,-0.129751010430012,3.68297744409245,-1.75701841670228,-1.00559029837357,0.999116828794527,-1.76578575821268,-0.570749135294245,1.47056521794358,-1.05136801750923,0.774106604869581,-1.22850576122506,-0.839429630220188,-0.725810229264994,-1.31268936132533,0.800657701591493,-1.98160678910639,0.0363348881897771,0.740606304293529,0.401426524692318,1.39470179759731,-0.331621555698485,2.74168747388225,1.9800670566936,-0.953035356085193,-1.39490447112019,-1.26375619839744,0.255505290197132,-0.596221241860527,1.07366443523362,-0.278010374712912,1.3145920033974,0.844165476979866,-1.25975970181149,1.15906395424672
"5892",-1.0437705313037,-1.61809477515735,0.299120372174297,2.43904445717484,-1.08228256085426,0.905234547531573,0.69321564212029,0.764929130796653,-1.44256681929431,-0.373729548791762,0.482821273473365,1.51190087816349,-0.204164438802063,0.881699519901068,0.566922355843047,0.437282400278562,0.405411351044433,-0.48633185769228,-0.126593032801687,0.0277118284838621,0.65739582855144,0.0532523858862658,0.241065465244501,0.51095647310188,0.279523135860071,-1.23876841492704,0.493307493084485,0.417927264669518,0.710810097933394,-0.430805054586636,0.0855265443863267,0.356474385408316,-0.768901881876255,-1.60460174383093,0.371696790480423,-0.849158814564851
"5894",-1.77787531990426,2.06847212891507,-0.339319425969729,-2.01460057376174,0.072295189366824,-0.231549720257716,0.119231634295114,1.12556107531878,-0.362826153952564,-0.0742292062735037,-0.101502470529727,-0.911225050209919,0.513815242086972,0.74230745939882,0.057056646496087,0.505789026277729,1.48292193905673,0.315610643744715,0.177747818103725,-0.0548853627169876,-0.141551315275316,0.760787943080582,-0.836350346149984,0.026122177958444,0.28754300417335,-0.359045639818059,1.39299561073137,-0.42690130049361,0.23595127238248,-0.650459513923572,-0.535700995071637,0.190064327379339,0.213992549275271,-1.0653246023452,-0.80274364147777,0.479588597781539
"5895",-1.62369548187747,0.263276847273092,1.60725289734016,0.310199010034053,-0.65626936158705,-0.83543325598236,0.226349274680641,0.177427187593164,-0.568965480765934,0.770117208557482,-1.4456587654937,-0.36814378694879,0.171959553815672,0.466731173832061,0.807544380691123,1.05127561540259,0.0485432094400427,-0.386177413251675,0.748335666652901,-1.07158715620954,0.765241596246471,1.54511247212254,-1.01385033809385,-0.746561681646243,-0.226246143891876,0.953395120295851,-0.915755687163489,-0.161629821242087,-1.07300072111328,-1.04599507790994,-0.284803368987951,0.0771783470820947,0.121704363746952,0.498121244100647,0.22003846988189,0.539944241347049
"5896",-0.395055588554721,0.848314307299105,-2.1375898791715,-0.609280344114673,0.534456063985935,0.787055293569382,-0.419974231007329,-0.230587693117111,1.04685180019058,0.545444774636371,-0.268270842558292,1.11331159866404,-1.11067018654032,0.0974017408027919,0.505151046139629,-1.171576749788,-1.43578988032631,-0.867092951110788,-2.08300161498597,-0.184472219731866,-0.359711664367897,-0.964830391095771,-0.232847705970262,-0.0137648687440095,0.465984256200499,0.11688796207816,0.247457180262058,0.306317303232997,-1.26167741327693,-0.906885969283057,0.61646013155066,0.549443571207338,-0.191492778422931,0.405580856481423,1.37180475400743,-0.194667715989658
"5897",-0.626687847160708,0.217431704264483,-1.77838428220646,1.00590847201215,0.0369330117919746,-2.41149815040925,-1.41523329103615,-0.0118490244323536,-0.237911846453994,-1.22334713227477,0.697035556244322,1.65999094975231,0.130095141117824,-0.00589914976637572,0.144574544513562,-0.775858845712505,-0.314452783930472,1.19520316411541,0.371833073629242,-0.79690733840152,-0.0313903045995772,0.423127122877919,0.431391130780985,0.177242307486045,-0.0189340925753261,0.449974829191942,-0.271068878174145,0.110396045648193,0.617176157943415,0.012909796260693,-0.553795140832923,-0.0582257239789032,0.732905540047488,-0.824979704030358,1.51163737281146,0.343688300444923
"5898",1.23806768823329,0.148645770617034,0.531442840961156,0.217600676922256,-2.4641049016263,-0.734596779128993,-0.186658987334351,0.0125528897887435,-0.25618165409279,0.127782252815851,-0.0303161691943805,-0.767939514979546,0.439476414345849,1.38695895895915,2.11334690205821,-0.178949318922153,1.47121762332724,2.65842169654632,0.620623805556211,-0.304628648617291,0.13457498747199,0.567374005284569,0.236907721725429,-1.10512530756595,-1.07194312223305,-0.76322174060581,-0.973061955161446,-0.362602245079805,-0.520286327167169,0.295608707711943,-0.0775548821417446,-0.148703121216298,0.143614794060732,0.182852279592107,-0.195204647299826,-0.732627387618333
"5899",-0.0858100146401387,0.227772981133151,0.344858144209938,3.37337793403286,1.58729226305921,-0.955261039100207,-0.329410303940624,0.678869002276072,-0.250297826021748,-1.2791527058654,0.698930300119169,-0.23293074523855,-0.740905905230925,-1.47591446407006,0.585149837284887,0.72338093942983,0.248708001793434,1.06065644071158,0.317651334348798,0.431318426250046,-0.0589201898189295,0.441343377172492,0.0427274691077514,-0.0965734958959749,1.05471868407986,-0.622491828485049,-0.911841116400057,-0.89453783349464,0.224791811001847,-0.491769477053773,-0.501094618788828,0.360744318679989,1.42661127366219,-0.344631864870057,1.13823900502215,1.01330645596368
"5900",-1.54676074454044,-3.44429249445253,-0.421759663308999,-2.92290943444366,-2.00945838053001,1.01677540856696,-0.961664392151869,0.362859416398213,0.378012806804939,0.205837271180697,0.672094072372497,0.531599943237377,-0.537909518417648,-1.012078617417,0.48048754181424,0.999718918062708,-0.145666675385974,0.0266513165926061,0.918401608263949,-0.0040093267932353,1.17180630119101,-0.400732489099387,-1.12241705235808,1.70078032342946,0.673761728248083,-0.853874098650319,-0.259537978444677,0.17386299253753,1.19493577531493,-0.314061049030101,-0.658610105895858,-0.750838169341823,0.165334746492947,-0.366609020665145,-0.435976481113531,-2.1544849320332
"5901",0.657688340170863,-1.74391929146574,-0.580728731841747,-0.209650959830796,-0.125934709882627,0.267616054585537,1.0534088128972,-0.911257873215286,-0.232899291080195,0.331999063835736,0.0679302914330756,-0.340151725956824,1.66022840105736,0.478758766939194,-0.470142658416653,-0.224584644957038,-2.2575341548041,-0.0856420759571923,-2.8525760847151,1.00013093870914,-1.53922281898622,0.344400156083674,-0.680546099338801,0.919628147247611,0.331361090984591,0.714422784308189,0.181595275026695,-0.00469105534119314,-0.49806490337185,0.774922806238746,-0.0183151101548719,-0.852462975077562,0.22054222614489,-1.70491379861392,0.112831809061612,0.409082175963387
"5902",1.69358231490825,0.414261866200375,1.21945768745555,2.07206112289715,-1.53434218714979,0.286157233315687,-0.181864652461147,1.35910863791378,-0.775292152007847,-0.0718931551627207,0.752978947880841,-0.230825338747925,-1.22713921741874,1.68268507691063,1.44986964848537,-0.490066105031854,-0.66035399670028,0.682593129437652,-0.182721530237813,-0.454526342680714,0.100892165807392,0.0523751879263411,-0.498110749233566,-1.21892184765048,1.7444952647042,0.0835815996963876,0.0611889797864114,0.224658755963297,0.00041630763388574,0.282180663534168,0.0498895662156893,0.0622158024861721,0.180772646046495,-0.410543936251878,-0.0620805919881853,-0.105095231630562
"5903",1.16425339918777,-0.125287791319381,-1.70973302720282,-0.0283876118439975,0.665812776755849,0.654314571797835,0.495389632773961,-0.257753755940393,-1.50315306984088,-0.888501474513702,-1.69116391997419,-0.425052673571753,1.9677924367178,-0.0680128240817,-0.32625925705833,-0.42076359074523,0.3563927731546,0.225969496104002,1.23611701420999,0.340730613275566,-0.00158770266549119,0.184590211588031,0.0143140785563177,-0.786513529228279,-0.969863152449777,-0.299477321443431,0.0202058856587525,0.587276859001615,-0.112835395621226,-0.0949546411028814,-0.146590871858495,-0.0048357005475749,1.29658819548225,2.03515845137613,0.851137789388647,0.349329699916879
"5904",-2.23983453225994,0.000511365470576428,0.845330077409387,1.42746850807542,-1.04183460914851,-1.42321527702583,0.244892192878585,2.20864214789121,0.624093443675333,1.3393952492004,-1.6624842408209,-1.97558346868006,0.00571349775051096,1.13799747297199,1.06996948959157,-0.379070049765271,2.48311103385894,0.0714557731968622,1.5415657965187,1.41020084091724,0.000335196783929979,-0.49113498685219,-0.423842746412712,0.704084038532199,0.445183089947903,-0.426456857417214,0.0989808760683693,3.31088177367512,0.369617667752577,0.50575007203076,-0.375679264139329,-0.253330700396214,-0.449832654270201,1.26996531689042,2.39326123201032,0.971075808162622
"5905",0.665708473078595,-1.22909312549562,-1.71154421209823,-0.391078184890465,1.16729173805309,1.27311347273681,0.10544038563161,-0.185551073148621,-1.56138791285313,-0.897133015390495,-0.565559915414075,0.0380639076984609,1.09617540250874,0.54843485081867,-0.424823560156279,0.15181164720185,0.003751448211807,-0.114776269049276,0.370304571788965,0.3450628472012,0.29063675158537,-0.0293584321048122,0.59155707948321,-0.995859963230944,-0.350489096219475,-0.31179300235088,0.607060443624049,0.759660327905146,0.403547681825781,-0.122833598815639,-0.427676932944603,-1.14201640290448,0.709009479417485,1.78865136239143,0.123077229460382,0.584979822745696
"5906",1.46998821609296,-0.359971311207036,-0.0830424511651406,1.57654561139192,0.0458343425354717,0.359554124968133,0.184344124095884,0.274311112363783,-1.53020119532453,0.433107890419545,-1.40637052555361,0.000827916854013705,-0.444238398163363,1.16458120113337,-0.610989244960031,1.27993228588213,-0.773580745052724,-2.011274929474,-0.077519068553877,-1.15109683306723,0.174172467048274,0.0508801429180474,-1.55426264343186,-1.98343269194191,1.0527416496335,-0.130124479852661,0.238709711635798,1.41875187766224,0.669916185671566,-0.613560259100004,-1.32871712512858,-1.26378689342358,0.619080615332364,1.03941856349404,0.709908956491691,2.05720391975884
"5907",2.34467732695763,-0.332037000547394,1.35709536813683,-1.05602619265086,0.312417582848574,-0.372002595247741,-1.04253304176944,-0.539830759130103,0.888614385405839,0.742108111434429,-1.40725253508633,0.695253709462303,-1.0828703716741,0.70241109230066,-0.375255726443753,1.18358543294705,0.133617365592816,-0.73280399187505,-0.0155508795482571,-0.693770076826916,-0.290044096884803,1.01158180003184,-0.503516297994886,-0.123186607044989,0.0372489128755373,-0.0661855593171534,-0.247803046449099,-0.235600245572916,0.0240641754596428,-0.0951000556311177,-0.625530060077263,-0.0833031243432712,0.33975461612656,-0.528868679308253,-0.284079618368046,1.0230541731351
"5908",-1.68520933885262,2.32565970328597,-1.68638107554028,-0.349874184978824,-1.19403931185278,-1.19097881511991,-0.468519968482636,-0.0376665347508213,0.640056464536485,0.601272741003745,1.01415379313518,1.29342534339074,0.76021467759428,0.818046561232409,-1.12129188871599,-0.489530254269841,1.77689433308569,1.20913423692483,-0.321207862398998,0.862540245908568,0.291426258893053,0.289551414030936,-0.703429467423981,-0.885206272613717,-0.771799638519146,-1.09308849100485,1.59472750754707,0.23449122191219,1.25554938858115,0.479252217963826,-0.73646439900946,-0.541192725089892,-0.219139271589206,-0.96109247811087,-0.55915831988886,0.137128822580307
"5909",0.385441209812355,0.843485357270242,1.34104242209323,0.210896789673297,-0.397691666505368,0.513335646735687,0.430697058521698,-0.697650273762401,0.692576252160163,0.269011707409177,-0.0850492190472453,0.566681873521184,0.930588304778965,-2.02611790670692,0.689818084039343,-0.416547618300254,0.673629607522395,-1.66063293584031,0.237619445454619,-0.126247679303024,-1.07764501397872,-0.321236946871052,1.70756823025688,-1.60875147076201,1.36480242695479,0.0215347185893613,-1.39907966527776,0.195667091402513,0.931547785641393,0.389295356997037,0.182184390123528,-0.356326020118196,0.474005558545365,0.107121575687987,-0.332035066493353,-0.499043920092215
"5910",2.13046150671381,1.50923171587268,1.71798747802107,-0.628424840844562,-2.31007295904991,0.735230412519674,0.341517269376583,0.101529107129374,-0.102384597180058,-0.629860645032848,-0.032207887106232,-0.101464530575423,1.10316163405629,-1.03789884466758,0.0592520788631826,-0.773122588907235,0.325035934719567,0.654978026830858,0.474117953794407,-0.291744887077109,0.513428595774321,-0.821118483000301,-0.211030946785584,1.17196072446251,-1.9216694991054,0.481118639351729,0.414143987868595,-0.0695733200962128,-0.418827884718406,-1.02953851224096,0.128376109373447,-0.00297123166392104,-0.086487805938567,0.193012356807509,0.375646059625668,0.797641941898097
"5911",2.21282195605235,-0.0717659610539596,0.22393889619231,-1.26278882153752,1.59380614308996,0.015458743142485,-0.274256154014741,0.424613243178891,0.596202769320549,-0.0318398032934446,-0.827869387836633,1.12943135865866,-0.253759552007125,0.34200838981789,-0.716682793743,-0.321398007759611,0.0879072138515837,0.27424482428969,0.238561773539209,0.376337219707585,-0.968938359477484,-0.295421574514242,-0.133858833263545,0.434747524871612,-0.336221684756734,-0.0771444085965192,0.264573153132304,-0.145082557691453,-0.0989611762962272,0.15107405297424,-0.148803399789096,-0.0111106860567773,0.144896599013685,-0.201903918424543,0.467799426471717,-0.777875504556684
"5912",-1.40412962915938,0.752293863467271,0.453017806606724,0.276676199239295,-1.3835368925398,-3.13477238851641,1.3805521075328,4.67708741929053,0.574107730099663,-3.30216121541981,-0.411934521573458,2.21501670866402,0.305948536275727,-2.67386332242819,0.056120086354878,3.40847180086367,-0.717719511001183,-0.0239596240561041,-2.43736015106832,1.16045723312112,-0.444728281864847,-0.298282498252006,0.560009106207481,0.471560153607246,-0.0327734295426503,0.268668237757538,-0.893787241777748,0.0910507120931095,-0.575873536227395,1.4157713727186,-0.181794805835703,-0.752922051471157,-1.64217688695414,2.57695914841097,-1.26129188880481,0.768748006255124
"5913",-1.91271654087971,0.870358947117372,0.19348134531982,-0.531619988188905,-0.491461466521478,-0.972786567259536,-0.382101442773697,-0.127386329006662,-0.350484332907311,-0.175267181541856,-0.523070224767377,1.00801582256839,0.476595363219175,-0.643468297309035,-0.597098921667284,-1.67465414196631,-2.07073559760907,0.891827823080085,1.21375130728107,-0.359733964839334,0.356068115310827,-0.0111309806480237,0.125663873206601,-0.701325203812612,-0.588531910996782,-0.105013133814567,-0.0585005425778223,1.01132200287316,0.0400889231191148,0.0574236819205971,-0.47965953105318,0.428825957012862,0.299446231013886,-0.164474454412425,0.690701709250015,-0.0145546234536205
"5914",0.674625178891818,-0.445123200088506,0.193918697742826,0.293623894459011,-1.08745455987698,-0.160535291513407,1.7151288558036,-1.64582977395903,-0.515559995295215,0.721506661196555,-0.204071931322087,-0.799081822638008,2.16278999290362,-0.230356911803425,0.729999947327936,0.761133439955117,-1.13801377672349,0.782331629989499,-1.41099403353427,1.34968526807696,-0.780930574348048,0.77120471191414,-0.524268826614455,0.774802878457447,0.704803434592775,0.413439876058146,-0.483117079699982,0.160022523620823,0.106735485305638,1.36978398582404,-0.155204120234991,-0.82496178388541,0.449799212979457,-1.1287543200013,0.290239253431982,0.208058347152993
"5915",-0.518138800197122,-0.962652335005804,0.690294208182792,-0.764065831770038,-0.829900310303789,0.105598915794771,1.62984274438092,-1.48264458126055,-0.158971083595575,0.724215812686279,-0.26444066590767,-0.993675216427582,2.07034050608617,-0.652815548516384,0.70266945328503,0.840197440735789,-1.76182199444926,0.872952092372386,-1.21544303096117,1.21429843092245,-0.403711594725986,0.596495315369411,-0.139696505914668,0.79875538499627,0.516003426741157,1.15950854852284,-0.261519768426129,-0.466355508560512,-0.207178553874753,1.25598820313822,-0.836004211478032,-0.961715949361198,0.779393929084517,-0.706850384222308,-0.086079799594334,-0.644380877314139
"5916",-1.45459088799696,2.27551342698982,-1.59002924830239,-0.101290570774763,-1.01644678564426,-0.65487789219711,-1.31267353287265,0.181481850280396,0.752495900793161,-0.222778182335915,0.22462450072769,0.426771470113254,0.690553059986324,0.644608324368483,-1.4129183191547,-1.73764489493625,0.282177182645503,-0.726632089611203,-0.470822467298401,0.790025294383215,-0.14746955681854,1.09487022127444,-0.318273760542076,-0.344422173174268,-0.843587468149892,-0.746107330716664,1.13819419582295,-0.716916510153112,0.463123289073578,0.647020022879444,-0.682747111249427,0.390358553570741,0.086071200666041,-0.705173491887015,-0.596218346161066,-0.0026030341775523
"5917",0.368408182396135,-1.23000688161262,-1.3663555092426,0.518949283252343,1.94531875103958,-1.11915265679126,0.399149632995763,0.374608004544925,1.28236399846068,-1.53889569484146,0.183123820868118,-0.632792071263401,0.0422363384751962,-0.863667952837109,0.909827592958608,-0.482360887476429,0.56346280656388,0.409117848630204,0.160545827355128,-1.17434149998298,0.345955355903645,0.137016936228257,-0.000855537559845845,0.199046664593233,-0.179600242508114,0.253109202352823,0.0992038156646748,-0.786504165220158,0.497333865673809,-0.0272729927526507,-0.110709998520792,-0.737995587500532,0.160070121974395,-0.852692172836504,0.200026980171429,0.259118601456635
"5918",1.73026485038321,-0.783044095256902,0.497760190645179,-0.378731092694261,0.225217379975426,0.278269051178197,0.38535680980389,0.157826818154181,1.33375318490915,1.40213829836194,-0.455855687377554,1.31980326149587,-0.573120500453956,0.913534381639176,-0.236315493570449,1.63541281789435,1.3651731096109,0.482933146185893,0.0533731910405968,-0.410023870547666,0.152425673839006,1.88268436267712,0.198753529419933,-0.22529798126537,-0.0784966725326819,0.789051547139086,0.984706713955934,0.638209349655134,-0.00342796320703789,-0.169286514465575,0.58816382932882,1.03253231021536,1.27834541180773,0.388525981008229,-0.730354711272108,0.623956195292546
"5919",1.58728181076903,0.0861068120244039,-0.626870272926474,3.41912397171955,-1.53992224777242,-1.90720952205877,0.586030123865386,1.26744764383402,1.51993759313313,2.2585608615635,-0.292967584642889,-0.700072118442123,-0.275926917277741,1.62104130189792,0.3237221183997,-3.92898721605341,1.33613511313194,0.648579443719561,0.530549482296929,1.78909333372177,-1.2087678814309,0.459065467202042,0.350512252001894,1.45000495834061,0.393807916555836,-1.25593476705721,-1.47453259371171,0.0538851235327882,-1.08781642231732,-0.0204828692879902,-0.351809593184034,-1.55316872205564,0.490871320868193,1.97633343413565,-0.0287807960686507,0.474091267036922
"5920",0.395372453520226,0.519965694686806,-0.0614211909732167,2.79828710372849,2.43196155813063,-1.12407800299064,-0.0413272185390656,0.669334583397514,-0.513303948897153,-1.30193625386417,0.558246265744513,0.409247471170127,-0.487981382518273,-1.61368928779235,0.204593838403682,0.723365127285131,-0.00967254470288215,1.97584546725199,0.0527765596245498,0.0164543617834986,-0.45644004615142,0.295060547351475,-0.425419986336495,-0.0213871380920445,-0.274246413265783,-0.0810262984001379,-0.678833205852885,-1.01277127822552,0.0837262239696969,-0.761990616309191,-0.347280994819062,0.120961084128849,1.08797736862903,-0.734864102363651,1.24068360066968,0.194838745157849
"5921",-0.570427369467543,0.516254803688762,-0.391086070825691,-0.469706099252652,-2.34518685888425,-3.09183091412684,1.54108752535388,5.22317969459926,0.621301687324028,-3.13217576472165,-0.384933119611319,1.75072682534492,-0.120975587369616,-2.59856621560816,0.414794023850247,3.15640016895062,-1.52828887186171,-1.1015695687525,-1.74287130108887,1.02568376955989,-0.875737224836603,0.500334712376213,0.602070881757297,0.330470557671152,0.379787657569604,-0.111779128486647,-0.936592824582687,0.467315110916643,-0.949220745912638,0.773934895884113,-0.413206125813203,0.205837555221979,-1.29875544766885,2.11863563250736,-1.38945645929625,1.29110752932154
"5922",-1.59822200222799,2.12682618421112,-0.104693262632096,-1.46239988976629,-0.219060876096856,-0.259482784500155,0.66339625656508,1.15382956611339,-0.350125074421669,0.388472310728813,0.265330639865404,-0.978355982461,0.161070337533818,0.989541370676102,0.237823613313566,0.311603985279076,1.06558188727757,-1.07775761692777,-0.114167890025886,-0.044939336173728,-0.380494884479371,0.691368766605466,-0.524407416608469,-0.0439750401417691,0.512753777399177,-0.61397130400485,0.604261751890537,-1.35616021795781,0.399329946255943,-0.0373210855224666,-0.409923927571257,-0.0446509324880379,0.394525580033505,-0.129946167841586,-0.963979059468838,-0.178121893782725
"5923",0.370054657927596,-1.02039841484342,0.74343372916379,-1.27147222915376,-0.982716598063693,1.0604744151074,0.680887294092539,0.891806636767354,1.29370625278514,0.250512514647654,0.267543551751495,0.692081198039134,0.428401845166055,-0.697468865484114,-0.509575017884939,-0.326121834270597,0.353983613112932,-1.26204972303501,-1.31223127498071,-0.615061080765832,-0.14536845833644,0.07545300224337,2.59451464999217,-1.48615859898858,-0.0540434578324067,0.648411338528363,-0.104214186846414,0.00866877238596333,0.25875323039595,-0.424968150704078,0.175749353701034,0.178939363313513,0.041778681537341,-1.22173673417895,0.251512460126908,-1.31678822941401
"5924",3.40162716217723,1.39839478645257,2.14516304622226,-0.888385401111562,-2.28992312042604,0.911276579135544,0.183222058463546,-0.0297045501868559,-0.790086972070934,-0.609733792587422,1.16008833234329,0.237820539654555,-0.17180680077595,0.00538106637281411,0.254390345697559,0.167333240209844,-0.0481799423965143,-0.87444688751229,-0.352890101427,-0.369512196440882,0.487649672051266,-1.4475510651461,-0.370420512294069,0.606192827668684,-0.00493075080476389,-0.279078691955274,0.508305787274209,0.726208457534285,1.07475145569554,-0.264583759253365,0.586411563980534,-0.754443781852626,-0.667423666176952,-0.245256048762274,-0.0167057483027158,1.16600211032263
"5925",2.54083156500001,-0.388472003493552,0.767897472129768,-1.06167667167311,0.588769220259831,-0.464221133768196,-0.771878254095226,-0.442002868199761,0.915153846262115,0.691617918123854,-1.52738688796644,1.02791578741267,-0.95084967907355,0.493882164051455,-0.878351766985224,0.932081785914426,0.257554693194806,-0.310862919811152,-0.358780584307581,-0.742216715681,-0.520772364751475,0.861046657922737,-0.996133151806383,-0.0962162977743728,-0.507410975238152,0.556143074367922,-0.017698675881379,-0.5322380396293,-0.418819310760952,-0.436039405621063,-0.363184849782511,-0.0443213649158211,0.408097385531241,-0.348807232691311,-0.178267378956478,0.257523391231963
"5926",-0.903279981121791,1.75286164715651,0.741245528825218,-0.690017874458388,-0.549792254798709,-0.489705365992927,0.0835260738094479,0.348473148102951,-0.67997619813318,0.549418335983852,-0.273296683673566,-1.25170732527405,0.225506559432226,-0.286476419269702,0.330571079714182,-0.185404130089559,0.679496455449881,-0.66079547480119,1.3814264739272,0.0472810389572543,-0.694786555108232,1.4479912249388,0.105254058247375,0.513949054862459,1.32060324924131,0.137104306443504,0.0193497020743506,-0.667445353059431,-0.0449164549003033,0.20356201873778,0.629936026377754,-0.399277107168122,-0.803851690110568,0.350955131538314,1.14242038589463,0.276995973175304
"5927",-5.76815367356938,0.666362898943849,1.84025002187946,-1.17951754493618,0.00117864680905042,-0.519439652036909,-0.552140843183406,-0.88983932897686,0.656973835062854,0.537422874129892,0.476936215514522,0.464034348969386,0.945068523366775,-1.27701740821702,-2.21145916580845,-2.16530873372652,-0.893499534533,2.51777980517994,-0.225963181563341,-2.11802667232301,-0.457116970553726,-0.687134849625537,2.08289178340608,0.215275883683243,0.393106070421087,-1.2124693599476,0.868391890700358,-0.274589783652863,0.808220381591558,0.908162596551398,0.740496528813849,-0.254827069727257,1.19473605455742,0.469082815325184,0.34706788137639,2.89756073065869
"5928",-0.140626245691865,-0.575600381566381,0.0143868396722289,-2.28077393216882,0.651066669697348,-0.510692247917654,-0.608339525294438,-0.197052178509965,-1.29101201497254,-0.841653444324825,-0.49963661178319,-0.216873201049948,0.0560886226052354,0.809461944813402,0.291934853616529,-0.440823551966185,-0.233153849384224,-0.548509869229258,0.213539588224184,0.514015684726479,0.142461211138669,-0.156061034227729,-0.0737163521126292,0.00665859708453009,0.23876629940927,0.101079420876878,-0.236684405588601,-0.100194256079342,-0.451335847266123,-0.296757609111702,1.02003083756378,0.260484892998569,-0.17069069389971,-0.253543994578291,-0.0292014064656531,0.369993610253655
"5929",1.36228255006327,0.794853415113054,0.925867301840108,0.755556856214464,0.240503532358645,-1.25670012448833,0.451473960770297,-1.79806664533933,0.402672438421914,-1.14490937552919,-0.528906643180183,-1.80392251506627,0.647184334874186,0.520549823668391,0.438772231668961,0.134854987153243,-0.567275052391513,-1.32108696875256,0.703677372613965,-0.757517236007575,0.342460375500803,0.30402792964084,-0.433571369586699,-0.117103984292246,-0.863703294884518,-0.592261480830524,0.448743960435579,1.86734181590776,0.00574403534407533,-0.649457591792408,0.0827086645590287,-0.319352102158098,-0.864979605517266,-0.259884109251848,0.914420896616958,-0.388273022256418
"5930",2.327325599283,0.0197196747353544,0.48389431681881,-1.31767755737138,1.45516111217433,0.047062949271843,-0.217945708192915,0.208619770783996,0.414159249428463,0.0950423054064641,-0.500010639104027,1.28252018812249,-0.462923263667478,0.336997443165536,-0.406995565343962,-0.220796924030164,-0.334335791145725,-0.179654276415895,0.460724141606585,0.498399485197578,-0.774312830088936,-0.421472693307823,0.00571111027353222,0.244008893987859,0.151022734762244,-0.285636715669173,0.0186611420758459,-0.612810897594674,0.0548406410346858,0.282858418983019,-0.24481083398727,0.0733276770471016,0.320264166645377,-0.317938137785529,0.220248595882352,-0.419745457394001
"5931",1.23145250121957,-0.192852077768898,-1.39147670986378,1.19984085945937,-0.669848947610412,0.702556301535847,-1.06086491652155,1.30855636144272,-1.25091502494197,0.562921411753594,-0.633614527912817,-1.26356582995989,0.937586071958997,-0.0488031423413812,-0.585967144955513,1.54888254004586,-0.650066217947317,-0.455239917909718,0.691080459128621,-0.92326591018262,1.11183036129023,-0.862906584182737,0.37695481589907,-0.461491921531883,0.615757565742224,0.134289899121161,-0.0706646487413225,0.221888051716526,0.205748238710489,0.408876469042445,-0.399860532968256,0.494375340198266,0.367700395600117,0.0579937132141797,0.386085724181919,0.229989497799593
"5932",-1.38733943044378,2.73391351472642,-1.79987684553731,-0.779505286666546,0.60005839422993,0.974147494414899,0.0259611613343632,-0.316971824570091,1.11125045807349,0.122856294948202,-0.556307653517319,0.547998405629381,-0.271392807190576,0.400003212775817,1.32056387098078,0.172436222623256,-0.0942496023776691,0.203230999920466,-2.20240718377025,-0.142869610067211,0.975390995849844,-0.36534660060914,-0.226099845951354,0.0953749450673489,-0.460112072771734,-0.888327268292282,0.082992997441972,0.129892173703146,-0.223982753673484,-0.594729224912723,-0.877938152903498,0.160948834118969,0.484629645790526,0.238245454932688,-0.49359350269776,-0.920399408696301
"5933",1.28691738006765,-1.0289884303004,-0.101623449352825,-0.482185124312802,-1.71451827694682,0.159831688473763,-0.702464590523886,0.157512771667396,-0.512490184482048,-0.368394369455912,0.346834415273522,-0.990420937954183,-1.28974156501864,1.05221644503245,1.54783559185044,-0.494629228965256,-0.157279953365399,1.30676411912051,-0.583017933543142,-0.624038944628584,-0.447562591116678,0.080006624732003,0.331002029963895,-0.910390442795992,-0.5295129844699,0.510999547670497,-0.00816836364673193,-0.899822134015736,-0.447195168461319,0.396456934906317,0.388314915698974,0.0201642460133477,0.668090141557702,0.47836427835754,-1.03538386796542,-0.744036618855186
"5934",1.25575374007206,-0.39418505318482,0.0189298205463972,-0.464977763402928,-0.502655285032435,0.0293102307467694,-1.15671695995236,0.102282642876635,-0.376458750066072,-0.417764045645683,0.335542909653264,-0.873062219174792,-0.928823974771935,0.859732079591656,1.65269281000027,-0.775065455889747,-0.152732777773297,0.918922260746155,0.344669911463706,-0.277838048683865,-1.25469737054591,0.256868011796993,-0.261267657923958,-0.731090914957136,1.06823158992989,0.274308460672382,0.136058034961789,1.00712921456802,-0.0462312324625051,0.278609489278569,0.12363345988923,-0.650085201991933,0.50797515665569,0.994051674369577,-1.68460374834479,-0.592898746243473
"5935",-0.628358148068696,-1.67882382132269,0.233137676583833,0.0519612843993371,-1.19420668470962,1.51639348419796,-0.323141701662714,1.10181591228173,2.00505557036106,0.166424851835989,1.04348851058802,1.64947766632793,2.36442312104591,0.650256834998666,0.417165331617075,0.0732022121053953,1.91830732094963,-0.800605463174648,-1.16801579866461,-0.0548607760225121,-0.0968364467918452,0.608391525667987,2.52130882823442,-2.49150744292387,-1.56603184926899,-0.40849837949791,-0.418030797364331,0.361000486279622,-0.216143080718319,-0.371634585530269,0.10417471876329,0.525055318370665,-0.80150768004822,-1.66297434823546,0.551164834214685,-0.461822413044225
"5936",-0.231232419343308,3.3374418861712,-1.95067644342899,-0.200858550848149,0.359827108781136,0.977089736009685,0.621396204949711,-0.339496877052146,0.789792227796189,0.466663135407744,-0.183454426359492,0.675251159863977,-0.616670784334916,0.474471940217462,1.47126642118291,0.319634548637033,0.0422540398859666,0.131176913502201,-1.89656865310724,0.21887165226414,1.27911706295442,0.221876602198987,-0.0171800016526032,0.435672499632137,0.556799777090696,-1.10854024145502,0.23041461546902,0.799185947398147,0.406389788552077,-0.397889404777063,-0.234788213425098,0.416583651856477,0.627993818474916,0.0454679281845167,-0.573514293752923,-0.301796700846487
"5937",1.59693463367311,0.62103172835512,0.871709094397779,-0.646973688577628,-2.07650157764668,-0.212117237279483,-0.755714575621073,0.978807447352612,0.985540953673854,1.85576544579135,1.24694559784184,-0.245829081147654,0.831602149319241,-0.555590651887697,-0.468383792565653,0.12739902861614,0.490311714761817,0.540684338763373,-0.15307088993867,-0.799593877484678,0.16575301866068,-2.55211185570779,0.938002937614694,2.00938554451711,-2.01747659534912,0.657895997406257,0.494490380574843,-0.104021964221149,-0.197689921120845,-0.288471366355336,0.414240290871718,-0.140125774276447,-0.551700313758904,-0.344699842562628,-1.38720767993197,0.556321938862858
"5938",1.73718740819845,-0.604217967174613,1.21116015186814,-0.697057023980447,0.829737350021999,-0.350755986459709,-0.898872837187713,-0.518358855756668,1.15769642776117,0.577204722016489,-1.30686024079314,1.45331319287328,-0.427559696361377,0.642380080241021,-1.07933623561775,0.814781706704642,0.57366942202597,-0.115189790811597,-0.591140519433625,-0.508680815938577,-0.106043985442741,0.386484908489169,-1.01259232883365,-0.347298138878827,-0.304270905567437,0.658409936447793,0.000898184655437645,-1.06883685779311,-0.673077082374512,-0.346427021927442,-0.241860597518343,0.121616408000934,0.673170849476116,-0.131204965053472,-0.217703965791305,0.25293066822251
"5939",-0.894528304807277,0.591798825809487,-0.431736551639039,2.82158971811865,-0.115691664033643,1.11096017188753,1.50125449461696,-1.06746452501498,1.46886412715129,-0.44902269304025,0.899463012519322,-0.243432755599243,-1.70203901046268,2.27565006741869,-2.4282310377221,-1.1236897217775,-1.45190857641611,-2.03497636235363,0.635238011461401,1.12860112514487,-0.952384010843072,-0.530642410192093,1.25946590677682,2.13407467854007,0.520575738682029,1.00918111807841,-1.96504960835485,-0.912326016665181,-0.511744349058867,0.85849306143788,0.390196848673747,-1.18681697057116,-0.329325952747902,1.64104064303276,0.66475987321177,-0.675509755430836
"5940",2.23038853186736,0.027022704815728,0.650460140811377,-1.26238183917363,1.39212313855309,-0.113764341197287,0.0644929123484367,0.437512963764666,0.523537755360191,0.198143932966076,-0.543246510112879,1.26192000511904,-0.295089454702086,0.682487319008737,-0.559752273968012,-0.258875387160051,-0.0168985155955673,-0.117722541855517,0.371156438739612,0.46960440479652,-0.724544904562061,-0.397314859092377,0.20319171226122,0.205221879402349,0.197594880302666,-0.46600664234328,0.0993091346982905,-0.295670079033049,0.0307632565502392,0.23498368562477,-0.228987944504976,0.0876589873753832,0.266080649571317,-0.283826520012366,0.350558564781622,-0.598448447357499
"5941",-1.36019339662361,0.0695172026758081,-0.39888998809873,0.0793139118776017,-0.0494813361720869,1.7808856223569,1.7420715361123,-0.66165700081014,0.845213075204843,-0.525970004099162,-0.73820301631256,0.416329297017901,-1.78868390027164,1.16210351984036,-1.81431691421461,1.02523966763354,0.068251593304521,1.01195393803413,0.854540567105437,-0.740678431986109,-0.260103475181572,0.325752024842519,-0.254421240906998,-0.81812283744402,-0.155207639479755,1.47400465452918,-1.12576100204512,-0.126600934531245,-0.217217506513562,0.433076626790269,0.477956707761414,-0.485795215372153,-0.858428828209295,-0.720006718205719,-1.12189100447704,0.733336466108163
"5942",1.75125247375336,-0.637025876100962,0.336778681593376,-0.737391142026434,-1.74883438793141,-0.289909930934745,-1.0660950869021,0.197127464102693,-0.587404438921789,-0.809615393966339,-0.299441284132177,-1.3703848567462,-1.09990928855028,1.26452879347744,0.997937073758328,-0.63368603486709,0.121784480248726,1.27387063082585,-0.846787997791506,-0.967938294241212,-0.627865201318853,-0.189020934135105,-0.252657775130734,-0.814286363655748,-0.0806960199798629,-0.0153563003579021,-0.244757671090812,-0.165123412063887,-0.3381512645788,0.317762570085537,0.343860484144803,-0.297190389849118,0.216628606704351,0.120900609977964,-0.452837804807044,-0.923635828097703
"5943",0.443349503082111,-0.648922441056074,-0.896175148564251,-0.579581328710763,0.6266950394942,0.657314310207609,0.983275981309654,0.821100929042507,1.69249323208389,-0.0518829832948711,-0.722729894887742,-1.39376156953161,0.311623049980487,-1.51204033187279,0.869816982060026,-1.17829072569305,-0.867705037684307,-0.616119026400196,1.70572683834941,0.0477490864844084,0.380881514229074,0.678522406646064,-1.26180449006864,-0.472824131061811,-0.912666458298955,-0.0700951745003162,0.291563023908465,0.989918082577885,0.140610086460927,0.30185208932873,0.316193389493112,0.276144955312138,-0.43841584992728,0.0357094921638763,-0.321547670085791,-0.194294576508616
"5944",0.208517188637348,0.960363235718182,0.604665448209121,2.55274974707997,1.571600615058,-0.759021256602488,-1.24206156053959,0.670832598737991,-0.177268121548685,0.89614778407882,-0.151772498822364,-0.923669879948264,-0.448323680764226,-1.99999587619836,-1.3188685056927,0.47681171879743,-1.04043617119612,0.595356106632868,0.0777167799145059,0.635562497712486,-0.327198910966191,-1.30016815809333,-0.545203366056196,-0.131374722224635,0.146256543638802,-0.479195735711917,-0.900082622702826,-0.355725242294407,-0.722185865154169,-0.19001343150218,0.168068917201386,0.302635048816608,-0.616248732517985,-0.913552720734341,-0.857881774672067,-0.590546130131596
"5945",-0.419491132453332,1.72261748130481,0.0651729721776086,-0.38874015563777,-0.412587002452727,-0.510466087760858,0.42131654815098,1.07232668152051,-0.31314864893712,0.74302901454581,-0.389494733004921,-1.02648824586963,0.669338548791125,0.183732363167606,-0.0145903332480776,-0.692807871175421,0.961873402113745,-0.650063041660901,1.23624737337868,0.151216167414148,-1.12284587120429,1.7651852153367,-0.107745973094511,0.677225428298477,0.654039247174305,0.38241139714706,0.442042328436167,-0.0744271725401626,-0.360145675242148,0.124396678439568,1.2839452414922,0.502018142948195,-0.618215948387943,0.349306080915746,1.50200307587694,0.0596036568801432
"5946",0.387761272448802,-0.46662918115673,0.678469198342562,0.31988030298354,0.72653991219063,0.193985944238048,0.337882924989579,-0.215772897857569,-0.374093754079578,-0.452548594588638,0.0607601685779909,-0.959061735398556,-1.09184580956271,-1.10698646715503,-0.713140039720462,0.0856605153184977,-0.156903186055234,0.183455155382078,-0.214856557135206,1.59076465439684,0.181811562692317,0.253029668494464,0.21820646194713,-0.773277274478798,0.324524453346746,-1.40286829608479,-0.380454355371788,0.2807576276089,0.037422871457308,-0.211460448491913,0.635670041121896,0.0166737881830316,0.353450918909203,0.604630510286932,-0.425696498666317,-0.129743519777083
"5947",-1.81924307526035,-0.499014310813917,1.78874999809996,2.1604634229989,1.06374465182627,1.62228848043591,-3.12706583856966,1.01759254551954,-0.0633700744570149,-2.1624106256783,-0.466490393069624,-0.961114338247992,0.441947115118303,1.0428240317875,1.56252207426921,-1.82861618986854,-1.84005920930995,-0.27865379294505,-0.231436601182422,-1.03012864169182,-1.55124274104761,0.375816731425931,-0.187783385894366,-1.31327917008524,0.141329455107222,0.906376537701079,-0.0730586519179918,-0.191116178364935,-1.56799212205981,0.334428273306464,-0.91661455819564,0.0975626774297493,0.0845433710433167,0.883363344744189,-1.09584665060137,-0.405485925623889
"5948",-0.065124635496188,1.16384815585172,-1.42984667880168,1.12037654285512,0.951017257933432,2.01227259718046,2.29072112447377,-0.451565151166456,0.00691887466907681,-1.00847258520201,0.367969025965928,1.20921936605443,-1.42781180973014,0.793589372882979,-1.74614223196239,-0.462135743313236,-0.159297429817362,1.63653845777635,1.61651412631564,1.23670927957067,-0.251224422201868,-0.376325335219494,0.338302097468565,0.272971708421685,0.736954236981233,0.452312266149493,-1.39249550594009,-0.264689164885351,0.36612504959094,0.830015668808996,0.766855977515882,-1.35378086252104,-1.75277607200162,-1.2412113699837,-0.458272417822843,0.530997260096014
"5950",0.929870953912185,-1.14272558109324,-1.92897657725501,-0.0954274054298922,1.28033816907172,1.15063852984739,0.308006997055681,-0.128634186692024,-1.57505234841581,-0.783697888553994,-0.411151297133775,0.505679986146945,1.38632227931748,0.845679704771708,-0.522231677581292,-0.00148140483573754,0.140032345923988,0.0470509574531479,0.369446614710453,0.59706991254087,0.397269605300505,0.140643395974141,0.642641029121972,-1.05949063136009,-0.650783866348682,-0.375703037901027,0.605680973736857,0.577082182196464,0.149577473197256,-0.37470270813581,-0.447311969645296,-1.15920390082482,0.477690322040923,1.48557005916666,0.178045991988727,0.543770178234703
"5951",-0.227803815674112,0.136506602110763,0.321256187382141,-1.27854359861381,1.94197892264136,-0.0314793280673775,0.397120439490052,0.196742528083963,-1.81182401181437,0.394547023278386,1.48584323930006,-0.0727651319167582,-0.473858155294234,-0.805802456534706,-0.916421407005104,-1.02863397632142,2.02436340754915,-0.796536394779179,-1.17025962728671,0.0976167437811298,0.545456523639801,-0.0675013945024445,-0.616641535457516,0.258313558901728,-0.459853071158197,1.29725391661706,-1.79199789855488,1.03731324835236,-0.0931589102575076,0.707250807755803,-0.726543860454029,1.21232349153,0.0595300172377358,-0.141726231361677,0.405461347805778,0.123152890030611
"5952",-0.919279861777769,0.60225248729115,-0.511476665925429,0.253514077857468,-0.624158225637996,1.14721723451209,1.01174154786449,-1.52250797337612,0.528500220651031,-1.41356536039582,1.02061315402871,-0.0859458284861918,-1.20711845806963,2.30989148893078,-1.25580028107785,0.845320969183852,-1.08903814987234,-0.547173504947736,1.65374922694934,0.0477777536547715,-0.983434905432955,-0.744524230605386,0.535133195632298,0.242291383360893,0.520889742267228,0.557756037214788,-1.09245782959564,0.713907136886195,-0.332853160280549,-0.0738839598261343,0.0039743979677191,-0.158139402768668,-0.499525764902726,-0.242736937482845,0.383740127345658,0.0219604384088131
"5953",-1.32947594471329,-1.38302677775889,0.105884660644165,-3.17388767036214,-0.248659877837367,-0.373538895202541,-0.171265813855779,0.494590030436339,-0.284778935465701,0.58808735559146,0.712024629273462,-0.0700916877351039,0.13142420793798,0.986803297688984,0.841744591768842,0.166794859244802,-0.0959771808940749,-0.00561077807780073,0.927757575218224,0.114031565316181,0.433324552571789,-0.0534261016352131,0.17179822127233,0.117247583114084,0.954128073835461,-1.32626760313301,-0.715657319824922,0.910467429406996,0.284730440724989,-0.459690710398366,0.378547446830799,-0.511681163286834,0.0975883740455917,-0.0052882385920514,-0.285742073541721,1.38857781119297
"5954",0.921904517866044,-0.0383321249651259,-0.100382705948199,0.402095586450318,0.144202554110374,-0.829121042143001,0.509806864439806,-1.21409395999285,1.29079700817363,-0.531680513755511,0.118232535745024,-1.09265634014743,0.765879342464665,0.0348479312158671,0.486558809658665,-0.0438214517355492,-0.736353521153537,-1.14359760106096,1.23720409410581,0.123778101590625,0.742757340140568,0.182858329026577,-1.08486860037294,-0.161189329987243,-1.04984467431684,0.742842625804209,1.05784993751845,1.13824459206652,-0.663595262865636,-0.994044175609891,0.0811616202705076,0.497630585327422,0.00726165559745011,0.240244441560119,0.64199252006415,-0.919584110715018
"5955",-0.700086428120377,2.44441748798045,-0.543871881867759,0.104239341549808,0.841390541083444,0.737906590495821,-0.0117403327798883,-0.653129425699351,0.903126827581932,0.502648837802127,-1.29999061967498,0.275473824578144,-0.199715550098882,-0.361163369494077,1.26130241624291,-0.958963854348573,-1.22490094383317,-0.501918425007958,-1.09401233895553,-0.0955533660799121,0.244344620834497,0.277711121611835,1.02507580592712,0.731953157333965,-0.568422014012904,0.399775318617626,-0.517118973945607,0.0363461805425522,-0.894556110537893,0.281935534919698,0.457102870965241,0.470648714530945,-0.384055177091351,1.30337663851787,1.6063089803071,-1.50858346220504
"5956",-0.286585717886399,3.14270745228568,-1.59796764684418,0.191258199958329,-0.473583993541502,-0.696412358149498,-0.342306290052202,-0.325621581409019,0.0876993146976354,0.141190682238977,0.421577768966046,0.622739026314765,-0.306401425607503,-0.295583066175415,-1.87973847467872,-1.66668123894913,-0.190270821287133,-0.363719710995637,-0.821882972835643,0.663790123498849,-0.0593862391989217,0.979567415322925,-0.494161654816459,0.531448988855256,-0.0516232737709823,-0.0429065813330488,1.16718445594264,-0.987097476165803,1.36493127956851,1.12784960038313,0.222102759599729,-0.279182212170177,0.450430705251366,-0.115543941756788,-0.877068865764049,-0.476348674552883
"5957",1.19922070593581,-0.886344197988158,-1.60970639460339,1.25683106383094,1.55569776936975,-1.16444637856557,0.809268828349103,0.162317994095774,1.06644276723952,-1.01643526753066,0.763451427359035,-0.371531733414407,-0.337176438577633,-0.814107081384465,1.24213296954966,-0.370275008261802,0.556261230534296,0.140805037166536,0.491548882179522,-0.65895851867582,0.702595695216453,0.717351089647763,0.320645780513492,0.460479859979197,0.505451151084598,-0.229255865343203,-0.278565655753524,-0.882600137330343,0.898051415035548,0.0073395421299183,-0.117902949512329,-1.23274643146138,-0.0724831870963724,-0.978207424744466,0.00776600946662206,0.822534061896705
"5958",-0.485173576033169,-0.0225753297213562,-0.229208082783221,2.14576504196532,0.778572136673308,-0.557106539101618,-1.11183863808773,2.31272416217378,0.944333364862011,1.53290678639017,-0.0369289594816344,-1.24695759523209,0.489342333656932,-0.51473650584077,-0.591803806241753,0.361267649519447,-0.48342016958643,0.415732698701939,0.857782186625545,0.608292995288339,-0.83144488627349,0.0718997462714812,0.454451543656582,-0.452789736009248,-1.34381944191853,-1.33068078994702,-0.332564902523135,1.48155895970001,-1.29492265290098,-0.708487619746513,-0.277024358949868,1.65997016017469,-0.764482676365129,-1.42729927644364,-0.581793970807775,0.0632005665270196
"5959",0.652408031280261,-1.26269839972427,-1.44770930532333,0.785864614887157,0.798093394534749,-2.45401090469487,1.40253586003016,-0.47293862391928,1.75985262826016,-0.178558517458855,2.04663589294346,-0.314119710762345,-0.0260983081396107,0.717787030167357,0.822565203257799,0.756106464763173,0.347918913897788,-0.118332182357,0.00897016888541725,-1.73832826501262,0.0412302201417432,0.00787331903073357,0.444385825213352,1.02151883167989,-0.509534792548001,0.579062561123126,0.797237498327836,0.322954752053321,0.387604707811545,-1.20108129451042,-0.0180486643660393,-0.485050717919003,1.45567673384308,0.333493958362593,0.897558170923817,-0.361348149829316
"5960",-1.20504015531201,-1.39837430373618,0.899290825681276,1.62146168547571,-0.91173696968361,1.08472972537731,0.242927106707369,0.332903017407168,-1.87345472213496,-1.02963742188488,-0.0131917165142819,0.814343487885272,-0.716031824426727,0.163921003264704,0.694177421640889,1.0133546094906,0.231486547765357,-0.319985434780526,-0.114153592377136,-0.42317622230202,0.641147343388005,-0.525163717928101,-0.108712606497991,0.415964725737642,0.920046140208741,-0.625776351163295,0.953419176038438,0.861920915851926,1.27053248953889,0.0520729743451017,0.377523705166356,0.699118736646526,-0.32528082734452,-1.43751788412927,0.2631958874039,-0.931032784806869
"5961",0.6748416554669,-0.218278159917437,-0.324612640172392,-0.00490155319662677,0.474835141252565,0.349235279846926,1.09487146045187,0.118520704836566,1.07498999052286,-0.219836135055194,-0.585430044390626,-1.29948450501289,0.0848122555361193,-1.36361020312261,1.06400284919839,-0.817200139556318,-0.484773795847733,-0.825819017045342,1.42716364969305,0.0809265528346517,0.503569253673878,0.0239018918052826,-1.29569684255405,-0.947466706048667,-0.182802815699728,-0.571977969127005,-0.0462447804507685,0.678975263184074,0.583140258692362,0.682876129251808,0.507802740826022,-0.0361601337094253,-0.544394834476033,-0.00287520881605565,-0.341387510769298,0.18108970165671
"5962",-0.64483677146271,0.53521604448426,0.912501334402219,0.579422502415054,0.253236594144477,-0.343055360379762,-0.497574371730978,-0.669313235266803,0.411168896347232,0.382309317783443,1.84963527232249,-0.906037873154714,-0.711273099087535,-0.15981680600875,-1.23088054334747,1.35840951044018,-0.93644433476136,-0.779204023862614,-0.333531456338302,0.156337566346681,-1.67126480066711,0.781673967080234,0.00885503272315466,-0.413758663125551,-0.926882433653773,0.107899053966093,1.5572704096203,-0.116579379113477,-0.822520884270891,-1.51123234851648,-0.254354584729241,-0.0253644777331568,0.0552612528960162,0.620587235450293,1.19038839307282,-0.969943856627791
"5963",-0.00902028039294663,-1.0908712584838,-0.0720772410052715,0.578301509436304,-1.60926413016086,-0.132380645189378,1.70529658038862,-1.462008506999,-0.0608601804070768,0.959068184671902,0.040537133205205,-0.795029877768882,2.17808236951602,-0.197035045695478,0.672223514365688,0.356413789673758,-1.09298850820702,0.42832134551092,-1.36321826856006,1.64726537766699,-0.634742607222435,0.696772414275942,-0.366146348501897,0.6478840246933,1.02899161269968,0.198915230745134,-0.669103007399366,-0.424398009779504,-0.463521099257648,0.954084254766562,-0.52186231198684,-0.743750105731161,0.774179965060494,-0.873180635709018,0.173649384840917,0.603476807751075
"5964",2.11211951968546,-1.56038318175465,-0.667266860990038,-0.460178122793086,0.384187955009303,1.26516715407937,-0.280147673450229,-1.99945426923006,-0.293408520751968,0.289711232443106,1.38411070543208,2.0584235928453,-0.342678918889701,-0.0980528555898357,0.867972744109565,0.469346992008243,-0.586142449963081,0.21456567944842,0.642269040289619,-0.404214223692795,-0.73358545961477,1.04243708714201,1.11932679104441,1.00005938189198,1.12312065031509,0.296862239876921,1.38310388580657,-2.13315954585122,-1.15943854716301,1.52941678687734,-1.03647412464024,3.31226516195673,-0.105157929635577,1.63174107145398,-0.966276724822158,1.31798405976433
"5965",-0.758763806064717,2.8193912535811,-1.46821150999497,-1.1556783863264,-0.629686479751686,-0.729701612610272,-0.802569765659903,0.131818715194677,0.231064178992322,-0.154751260561958,0.266609457772117,0.601872483495813,0.474562309397132,0.485177895721322,-1.27360661190619,-1.11732786691861,-0.0731657341062973,-0.159585851641962,-0.315670905650148,0.168315490363206,-0.36579270931179,0.990020804771735,-0.540349184126496,-0.42717979727173,-1.01640562469794,-0.514772573511836,1.50534387128137,-0.0388259915593046,1.10813928620456,0.807441626305624,-0.299935358035675,0.557119018040866,0.152432377530343,-1.06638948375965,-0.702318736099522,-0.372399887638203
"5966",-1.91010987633015,-0.802577605379153,1.46437015190319,-1.83557846316263,1.10954864201967,-0.274357258326695,-1.28702432712983,-0.545435555533969,-0.940013729856197,-0.890422217607319,-0.373892867024873,-0.38777918171166,0.408060439203655,0.704734706527966,-0.0634252363867194,-0.744888519432922,-0.214604330269321,0.0512206344753509,-0.36408363219532,-0.230886788636864,0.256677541285291,-1.11328174308348,0.241531547990098,0.521454834075209,1.08772739065183,-1.24619444300831,-0.817609232009987,0.139283217464476,0.302943434828807,0.347654495710376,1.29355626550726,-0.245072099379483,0.285235759629104,-0.102971869805678,-0.00702172251930591,2.51652620144543
"5967",-2.61703438961235,-0.922214166529456,2.41445726402457,-0.366934906476863,0.339566509080312,-0.609489260375356,-0.253959675920166,1.10846939168478,0.483658460314853,1.67291264290785,-0.12509737392806,0.656255869468992,-0.0905869342061766,1.71261797375069,0.27784251174842,1.4491480789506,0.252473003816196,-0.490311501696616,-0.369013517502543,-0.934279317216208,0.888876861761596,-0.463801247895845,-1.6660284479985,-0.815604393987821,0.437226388614544,0.775824482167499,-0.176411727704416,0.90962453795528,0.266560380454747,0.0449861838461497,0.112502511556644,-0.584118445417221,0.129588437348604,0.648422328181693,0.302919784448585,0.835470885078438
"5968",-1.13423106095638,1.53147789931527,-2.41208139495077,1.05182398466646,-0.00370857632648376,-2.81766857474831,3.43268441267901,-3.08572316002927,-2.01827791339255,5.65209547697397,-1.09489802045429,-0.359143309676425,-8.42137881158206,-0.498553508087366,6.87846729454822,1.42340456015501,-0.439222228008886,1.16962263108909,1.21716998674524,3.87157982204923,-0.821167794129129,-4.86767138532833,6.29458393611472,-0.614383198418879,-5.89755494001893,2.28269602932065,4.11749355782234,-1.15781707018561,2.00741440496614,1.72374456043436,-2.98267340616076,-0.0124515924096054,-0.0979352943645786,-1.27256249800691,0.0435729979110898,5.95283150701549
"5969",0.024313711029434,-1.38406516524701,0.437408707374511,1.19489398987968,0.0637237929857697,-0.00965248718414687,-0.435484879380624,-0.659049401529314,0.542157857859639,0.445111694058646,-0.631029968176834,-0.781640533600252,-1.07787482979022,-0.585426878922298,-0.878390037007342,0.802287202455058,0.205690912472049,-0.0282526077856372,-0.985345938185268,0.60197046425556,0.262344888010972,2.13614939962391,-0.172744225290184,-1.02548510606606,-1.76739520584962,-0.787806244233859,-0.721293387919494,-0.341578470638424,-0.999487612788017,-1.10377292439685,0.117220057796657,-0.207407232615789,0.103848858367056,0.470898935442982,-0.967761691401561,0.958388707072939
"5970",-1.44964227308726,1.34626002637105,0.681320482625056,1.73306342134632,-0.237446300703196,-0.889523590256504,-0.354228198421094,-0.526370695159683,-0.283505263439986,-0.0164315552028284,-0.333010607388825,1.10966375833666,0.265779532340239,-0.628052718405474,-0.997470961448121,-2.4664336926507,-2.06523388195421,-0.669602354418391,0.280909675082864,0.352406703347444,0.392422947371709,-0.352292043263012,0.0216577239080367,-0.1075361913917,0.117097343239294,-0.0136659497146216,-1.12134816683723,-0.495836985678065,0.361688963695971,1.38597810122526,0.394605088883038,-0.106871928349825,0.44559826078065,1.32479110996134,0.839127680827999,-0.567038252599388
"5971",-0.955331595127988,-1.63241535016174,-0.0631422067650617,-0.152031980487855,1.00717961165689,-1.84207273910292,1.27461939634301,-0.257844411069497,2.14341630726179,-0.297978930384685,2.32983141573732,-0.508500357324643,0.334908442661551,0.757054372911292,1.14029736968837,1.15940916787979,-0.127003333398967,-0.14767489664173,0.464391064451535,-1.89317033917972,0.965028887520514,0.147884125512665,1.44277901124404,0.860867798654646,0.163347207416151,0.787697099733632,1.054457191152,0.243693286629374,0.484912425118324,-0.912043646374459,-0.407163672380711,-0.0728491158589524,2.03080744111035,0.63794646619856,0.344975886651405,-0.584495734402783
"5972",-1.33585433439246,0.746766678212027,-0.669140658646881,0.301346754976376,-0.110866724325417,-1.56481679527458,-2.00769861793483,0.0657835009697338,-0.0322569251416956,1.01885737703315,0.277995107767229,0.595756201541337,0.35404340123596,-0.474211729397409,-1.20932015284295,-0.59010751080877,-1.67280459156302,0.221652964164676,0.316322336943233,-0.582362013296618,0.251522835586441,-0.975022703390468,0.932438598466212,0.00594044337299269,-0.158979254773098,0.836470990538429,-0.0505012776925694,0.619816881247379,0.0578168500094213,1.04094062992017,0.423862825675909,0.479943194229084,-0.563057472415178,-0.482970419757563,-1.06037701120194,-1.40463959433537
"5973",-0.750764919176329,-1.73187379990196,-0.740738352880493,-3.67908355040109,-0.247118688432583,-0.018663589310456,-0.713543210932482,0.782356420925318,0.548575322951706,1.62837207883464,1.81479189309948,1.08717552796513,0.194785219973769,0.644472959777713,1.60517844061325,0.293268815312263,-1.20811124873102,-0.952019867804087,1.84565995209131,1.26925349159339,0.718099404877772,-0.0245530306060542,-1.0141472232205,0.119114546113795,0.160234956791625,-0.515045821382302,-1.49411833958073,-0.769432589877235,0.127401386546444,-0.150429585937954,-0.39511106633194,-0.994523348888,-0.116432480642022,0.3382988705846,-0.501854928627125,0.147169722769915
"5974",-0.575616689886518,0.28995371625228,0.844397649854047,-1.14658805584106,1.81092094457864,0.186778537318561,0.539559037695147,-0.429777721452406,-2.23782324319155,0.293396183281483,1.8111532920928,-0.253418503251074,-0.785211135195312,-1.12344170608085,-0.504972394337854,-0.34819470714958,2.03567791575797,-0.770985600292338,-1.17952815898085,-0.0919663761960551,0.958312821923595,0.190162335250309,-0.0548108837987525,0.148348956456908,0.041784038237179,1.13611424474705,-2.20664176014944,0.626304483084874,0.337271207260992,0.956949805885284,-0.990351972228311,0.263427968904555,-0.185238888397413,0.312619558321785,-0.0629803808327928,-0.216659498551559
"5975",-1.39758174307192,-2.07470754503191,0.147134056578911,2.88958618297171,-0.86168669789275,0.976125746335469,0.269408764699845,1.51476246407985,-0.600406522316155,-0.236969898245193,-0.392390162249627,0.516857899207005,-0.487291223350785,0.768871429032523,-0.255551413400618,-1.18623317165422,-0.530501283275161,-1.79936542842909,-0.778016740910968,-0.273980035800163,-0.326079174563277,0.201435537659876,0.450477881561669,1.73530219114487,-0.479422124441432,-1.23193881428408,-0.0571021598496032,0.0338301713445991,0.251850668489399,-0.113007014399509,0.0596480676065862,0.333023930174962,-0.531884654279649,-0.717149446243013,0.796770764750477,-0.933667688806849
"5976",-2.7326892095331,-0.628973196714062,-0.568688853763975,0.428479754596644,-0.743151502748442,0.68160702675103,-0.416033277756882,0.125660890565145,-0.204805392844871,0.180835919654098,-0.23265438230288,-0.0307646898595658,0.483333318270608,-1.5002413337343,0.454293443078416,-0.0881881293153596,1.05861688695142,-0.401460442098047,1.27521062627995,-0.720418107503399,-2.33544935613541,0.738374799289786,-0.524731014443443,1.13621926579822,-0.490505870564269,-0.265614311399303,0.947818591863627,-0.218116937674788,0.28433969276907,-0.186436087542734,-0.340557811943683,-0.315003447335456,-0.653534527404513,0.260211395037272,0.103694637149793,-1.75238636588414
"5977",1.4534986943679,1.03929136207137,1.52353048131125,-0.911490692600625,-2.11723013223907,1.67037053262161,0.0128278690461943,0.374393604998445,0.495391444734424,-0.579353894899679,0.425213342731252,-0.00174381934641769,1.34808065390143,-1.64658721447886,0.254282056794321,-0.727448722011806,-0.281281018882903,0.580851798685151,0.862815915182785,-0.0902805922568245,0.97541623148059,-0.059417240826875,-0.119726278141096,1.54008931198518,-1.94300861698728,1.36132488978965,0.46204890688137,-0.587157724399458,-0.632470811167909,-0.905195005277453,0.132685532442913,0.212505300760094,0.377380057077194,0.935506308582681,-0.117061340504945,0.127311359431763
"5978",2.47387677316914,-0.522778031211508,0.588010157842797,-1.41085868909787,-0.16489914273371,0.335138710376834,-0.256554758098172,0.654770961638025,0.706155249470189,-0.084366813459195,-0.811491094658866,0.450764340782434,-0.626959935080197,0.539704894893462,-0.633450208563817,0.288108296782422,0.299824721331119,0.273304803560591,-0.191932592242705,0.235070750784151,0.354713062608869,0.0133826918875168,0.347177121552035,0.500000844325199,-0.49375103495639,-0.239286041696157,0.00318388800659128,-1.04561213964688,0.0315370581491727,0.545764248022753,0.0969889724157407,0.681209761731187,0.290801871958572,-0.665164021967423,1.24155711313092,-0.701695439320258
"5979",-2.0033604319334,0.348384145272759,-1.10008763464843,-1.06671486076849,-0.230636726274503,0.107685306204418,-1.44500179109108,-0.714495754909539,-0.0306951472932738,-0.0358508867497127,1.54858319214017,1.78450526863352,0.0635580149549979,-0.3950270724693,-1.07823801947042,-1.16944370495662,-1.28447818642417,0.0350026371234698,0.239155886181999,0.408319651826636,-0.230052301372779,0.891872380786863,0.828482293837369,-1.16784792192558,-0.446133051541397,1.28651411060136,1.9033798864649,-1.27303944283018,-0.092454176455634,0.44335578263654,0.358837957277206,0.120217993842258,-0.624793604878298,-0.482709677012677,-0.100936876046456,-0.106282807769271
"5980",0.469746539934586,-1.47139511389106,-1.95470104579033,0.224274506572554,1.43925554528271,-1.06380468270632,0.543986654063803,0.838585271344882,1.65737687291503,-1.30634991716003,-0.0103795884949497,-1.27421515713153,-0.307271340389862,-1.2156158450721,0.757051547827888,-0.40116509120341,0.899324539240735,0.685936845410658,0.349890238482566,-1.29176428456027,0.223983837384514,0.67352395298064,-0.141714278756332,0.699899814791195,0.128013423936986,0.400268449680184,0.388822005057565,0.266582416984891,0.631176569311534,-0.283393403601074,-0.124017733745251,-0.916847299835854,0.236901994322601,-0.459000278231014,0.329035173332615,0.0329132752916247
"5981",2.09145238208872,-1.2235469994942,0.616896725175219,-1.62886244841033,0.298108699905319,-0.100732212585549,-0.473182689268889,-1.41187866586431,0.149511842952547,0.0304013320109618,0.244741311686095,1.63697732564354,0.279140846389349,0.719977833995297,-0.551064964121565,0.259726801295313,0.467643711912793,0.746495623409427,0.135168383403173,-0.953580422872751,-0.716028966159964,-0.284665706013388,-0.00444100251809464,0.945908235591768,1.92647407552703,-0.691606651460375,1.23126372296156,-0.583148292592808,-1.12993696986322,1.08362161420274,-1.68521496505925,2.38261446355865,-0.904585332398071,1.04826154576187,0.347840596508947,0.334743632452066
"5982",-1.42377422933135,0.340330359039693,-1.51182882922037,0.852317188171313,-0.00709713429067693,-0.25632194597688,-0.286637654747986,-1.42870988685706,1.04460728385823,-2.88300229367315,1.03937697490708,-0.159012755287072,-0.0891675212894458,2.13228570773669,-0.0681461429569974,1.73105995755506,0.80796663047096,1.26159982594728,1.94692533708147,-1.11940402259009,-1.27383918850865,-0.16442678652065,1.10213327875361,1.1278727570018,-0.201349925898534,1.29940995603838,-1.32234775681698,0.00676105176279895,-0.30497813334601,-0.128409318798367,-0.383139623471852,0.671344312232738,0.771194552893203,-0.810202725202852,1.48860123668632,0.514178536009482
"5983",3.01963714269298,0.996157778205531,1.79991996283042,-0.842487006856072,-2.35789962781559,1.16375694851315,0.098489853647165,0.268564835451214,-0.408587341798284,-0.410081807653794,1.18221005114765,0.0394016037138291,-0.177817660682896,-0.0666321666106843,0.313991076824987,-0.131887554539916,-0.364244701403638,-1.08742348800466,-0.263968445844149,-0.370499762547794,0.351988035670026,-0.899825144734222,0.0212626371946491,0.934693886607636,-0.544319551050462,-0.236822643606757,0.366507120545719,0.52469352299375,0.778867871732694,-0.410431274714559,0.266743018780087,-0.903090575249348,-0.710308292758887,0.0206512125492245,-0.133322908380777,1.10586876522997
"5984",1.33508924636189,-0.177345190858646,0.496152373350261,0.572174589962753,-0.60220850441994,0.985744790192934,-0.612085901506284,0.804137176149139,-0.835869154737855,0.44005244404941,1.70176546627592,-2.05488860285159,-1.67399151216278,-0.385571437938177,0.447485832693629,-1.38074047215291,1.54631874233444,0.23083402730923,-1.92032582383756,-1.75959366505424,-0.549896037817,1.65231628267164,0.409842811475967,0.199653890419077,-1.52401847154035,0.555758688714114,-2.50638959440253,1.15282462015816,0.157647526963275,1.60004057424152,-1.84675866053641,0.190916124856112,-0.0377859084960584,0.525390294581228,-0.34465223549264,-0.710840730486088
"5985",-0.425393705054103,-1.00117744309891,0.707273317772391,-1.14166635655238,1.05638911337489,0.466339643467388,0.13109646223339,0.171925894762968,0.149200974596141,0.0450014281765003,0.809162214895652,-0.0798827267881277,-0.326631198062018,-0.836394496391224,-0.108024631331707,0.576055997079036,-0.864258690766309,0.360091010838151,0.15563703355731,1.07353101574319,-0.0990940248657496,-0.175722093995826,-0.266102183743372,-1.46248411085483,-1.06095153627281,-1.53721018909635,-0.737119498622228,-0.195762005394904,-0.0362262310065914,-0.142978443607925,0.132695874618842,0.084559328974748,0.347967032281868,0.461446210489067,-0.633215008377052,-0.699540862571025
"5986",1.16364817449157,-0.553912865082033,-1.10174453916154,2.05749006085518,2.23653616745419,-0.873372788445544,0.334067349878309,0.253904985222853,1.18456402197083,-1.42644762003376,0.506333173567492,-0.270832920711886,0.32282544756366,-0.36082787379723,1.26362179839102,-0.433129521827678,1.0624617287625,0.185265369102358,0.348545009915514,-0.184632304903158,0.938938517464495,0.847433266078548,0.462528006383372,0.589824225935923,0.139030646476836,0.222946983026811,0.164458872746691,-0.463118148818461,1.08204514425001,0.800690998921395,0.551834191908987,-0.50713610238815,-0.139689983913444,-0.954540353908341,0.286681972425939,0.758092362899429
"5987",1.25903858081239,-0.545445953960955,-2.44138890892661,-0.136393617875405,0.613819789149208,-0.132684116407062,-1.07281449356616,-0.211998748573939,-1.23573214089082,0.620646821932713,-0.461503003167573,-0.634349808042791,1.7177511263835,0.0153824107210798,-0.690601341038166,0.984950701681168,0.460599757682033,0.159461369263709,0.874385802083707,-0.190043236386817,0.20510884258313,-0.948452298517925,1.01436846046878,-0.342321578442346,-0.00491275683839308,-0.279333520070313,-0.148969995787448,0.316831133615543,-0.0542918384791417,0.109086007818254,-0.088834010429686,-0.427743927737978,0.387856450727102,0.861558041589628,-1.18970697545133,0.141177564120383
"5988",0.459029311431808,-1.55196655565692,0.0583842832139125,-0.136715796528611,0.682561849134798,1.5115309848036,1.35268865737101,1.38636849330318,1.69760938243765,-0.263906343858038,0.0067046700239865,-1.12626404373733,-0.427458991900206,-0.28984494362445,-0.175936921654292,-0.689313574882732,-0.672863164976462,-0.603649813382878,-0.444973186631006,0.18108366376581,2.18443139392679,0.605929401166897,0.14566347707578,-0.0682488538334359,-0.921091776125459,0.817720323557822,1.29116003853275,0.135131692416199,0.717256614772239,1.2661260336729,1.44980763981695,0.39199624019825,-0.633526258919452,-0.217502440548568,0.0187518284902335,-1.03239481192566
"5989",0.25787280428125,-0.600217295720473,-1.61237556786962,0.0381792101760054,-0.368094001418078,1.67409099139785,0.69001599326554,1.28380315680823,-0.74062446376893,0.37678897133359,0.373862951178216,-0.0615808848238841,0.775500527679582,0.641288918037036,-1.5427943713352,0.265750681720668,0.118654720624309,-0.325730495287253,-0.456553824697895,-0.701520724506679,-0.146324467273528,0.491265125750102,0.482222061155492,-0.990769622209402,-0.635811097581286,0.0805635697005363,1.55018117538645,-1.28748197239388,0.199223743693741,-0.0345127615643735,-0.243647475596623,-0.852265522308312,0.0981677120254457,0.870271768890925,1.91128371399689,0.49573965468604
"5990",0.0533875394916855,-0.203666808025855,-0.586942368818743,-1.66020505221831,1.41919642591828,-0.0580035076954925,0.422301210870709,0.381148138873366,-1.77550976716204,0.420049225926215,1.40279390547206,-0.27818854782464,-0.685293677717814,-1.00827546469984,-0.949793650937376,-1.33217117254549,1.59030155256141,-0.881652945083273,-0.822973616955512,0.010928804465845,0.372343225931497,0.766660795373446,-0.443755222344171,0.388116014648714,-0.68585783367093,1.08415060590843,-1.93143433985038,0.929594885193407,-0.774574351377211,-0.332294546471335,-1.41533271630999,0.991057295854141,-0.211554754544346,-0.586646315458985,0.272168799010305,0.300560150410832
"5991",-2.3107332197482,0.518158512686824,-1.94193057014666,-2.14795397404679,-4.11314946207959,-2.55015749048427,1.49757126425147,2.8007164394731,2.01643620388327,-4.43962099168407,0.463146656802117,2.34144034425566,0.683998339933898,1.35852070692766,0.0786552964053404,4.31185023125975,-0.374486688248561,-0.971927611981925,-0.0909990085776107,0.208207572313576,-1.59981229045309,-0.710609062274793,1.69920532193302,1.14460696280922,-0.530730801499262,1.49352557273877,-1.5533949674674,0.779333532323415,-1.39006070437924,1.41219078371343,-0.444604132122148,0.302903080580004,-2.00171530679719,1.68349650246276,-1.05486998351426,1.34120195656764
"5992",0.642818526691269,-0.765710590540905,0.0437408694612545,-0.701314851966164,-0.838715171784022,-0.167497559303029,0.976442940589879,-1.2418564738583,-0.127097861078243,0.346084683829873,-0.882469100370851,-1.1153238916988,2.24696005315908,-0.459953901876937,0.318080191233382,0.0482867863947099,-2.17331869203258,-0.0706401592652758,-1.53490324561691,1.0124530384675,-1.4621740674816,0.340373212510049,-1.32920451013494,0.816640697672586,-0.0305783558100342,0.91912809436479,-0.68661629556055,-0.446969015906292,-0.587984909069458,1.24414712376308,-0.47228786608785,-0.340145796495767,0.624009179432842,-1.09158786030816,0.574698514457757,-0.561781363111417
"5993",0.327921740325116,0.153252845272749,0.915823597459591,0.570053356886019,0.686481273165884,-0.364563476941225,1.72840042897626,-0.417420171328797,0.63816475091314,-0.141202559685255,-0.43849339192024,-0.744565365263776,0.119241792904597,-0.823259826033343,0.595111092205117,-1.00378134897475,-0.15197866671202,-0.763310912495421,0.924476396212947,0.296359657687271,1.12844264126075,-1.10622749818475,-0.812015427480031,-1.35669624827057,0.726725146406767,-1.1798689175702,-0.311188484598522,-0.210852555333111,0.601519045931651,0.678343501239606,0.354917421177817,-0.544495937757146,-0.560870165760055,-0.263675284749838,-0.337848439405014,0.485737123690416
"5994",2.5026961096927,1.99849674131484,2.17830544466094,-0.225939334610221,-2.49095456660056,0.795994115082206,0.265448716385804,-0.421676670248907,-0.53553174658912,-0.810188483430421,0.141337889447745,-0.231671060207852,0.861915744387158,-1.16511878326996,0.435719849021309,-0.0833293456266815,0.819084747570373,0.714127164611925,0.599475294689004,-0.069790911723042,0.956786761334233,-0.842550175684336,-0.254907092461342,1.0596330757314,-0.905990758993707,0.371565730580576,0.410251460750456,0.333775732532026,0.329842527575291,-0.501719153709402,0.447355557348195,-0.220726968249298,-0.173087228231659,0.281914455061779,0.296600986333613,1.00465054235425
"5995",0.721742817653776,-0.986741051376967,0.226267973735552,0.366297765772496,0.37140058202553,-0.357002991803919,2.24145161685836,-1.42136632014026,0.509462395532794,0.212694798804225,0.244754546107662,0.0834256739914954,0.983953091315802,-0.330578737276694,0.0573936533451658,-1.2746575843275,-0.120355910973979,0.151089939300795,0.382278579881862,-1.19184562814788,0.657597989432355,-0.169638381874386,-0.398643617978904,-0.00601342830306355,0.752618799953444,-0.698298808764032,1.18487011767208,-0.629989935476906,-1.06481092542815,1.37003125515255,-0.701926299832802,2.10921952992715,-1.79551732947708,1.25889472859243,-0.266862388534699,0.219753798565317
"5996",-0.747947566051118,0.824728239414432,0.312284929529842,-0.161822892374346,-1.54868883516522,-1.82779203284667,-1.16741382386791,-1.24374580673417,-0.265474470041385,0.258007669866346,-1.76581999824628,0.686434892370262,-0.598667161661955,-0.768175587890193,-0.906987862402742,-0.343384462805948,-1.52264344971025,0.0863847805826393,0.405961488820321,-1.11184337959798,0.533993586184627,0.726844950093123,-1.62925578294039,-1.30817817549875,-1.00249162145619,1.21955847193678,-0.268941440416424,0.470844550188898,-0.346520822010312,-0.402007339336254,-0.707340736803916,0.0847639881618781,0.165099456222721,-0.124077600874563,0.434600682224795,0.0301441104923648
"5997",1.14425753700114,-0.0701264909253105,-1.39956313571489,2.23662966112057,0.27734516319802,0.483816547245081,-0.241066477147105,1.80493485934973,-0.803719141160805,1.29983213818031,-0.365978880042802,-0.247705907131162,1.66774159501817,0.709018941025465,-1.31823965933749,0.667116561151949,-0.527055466497142,0.0345543561042268,0.151155818133993,-0.576739338631655,1.2163803646989,-0.55399161893675,1.06699640950186,0.210102931728735,-0.705928493157414,0.0953157454931489,-0.220304393497547,-0.336803249901414,-0.148503848615465,0.369040655217724,-0.2742360232157,-0.0866285591656989,-0.0818776262739575,0.131125735607428,0.592455566018279,-0.286178684379188
"5998",-2.53311785093219,2.51152420936528,1.2557455965868,-1.33343409294861,1.82814146802257,0.606217661604714,0.108872865400947,1.63256483388176,-0.0652591532267788,-0.0881677041561225,-0.32635511267634,-1.07320766019456,0.971952504675184,0.92173338315352,-0.91046208849126,-1.26736636483375,-0.302807495057927,0.0970860125329999,-0.565707268517237,-1.20624134533267,-0.589917843804615,0.950716544293328,0.590891400800009,1.83571528956884,0.56613677655351,-1.18946390148834,1.34108043759231,0.0861246613713334,1.03028204623745,0.557464271242928,1.2580965725213,1.71911340899149,1.65529149381119,-1.16286700884048,-0.909681125272996,3.24275096700483
"5999",1.29073888720443,0.252676577521548,-0.792826050724554,1.57777699654513,-0.245708679830119,0.442657995793718,-0.84379056244083,0.876674042246661,-1.63189714310378,0.599886286463581,-0.2438465996166,-0.418463470459169,1.45511967479463,0.516483051542964,-0.448441532645871,1.9180912977652,-0.273167877631617,0.0326731408673489,0.596540817313633,-0.722263766415288,1.57331380082878,-1.08837592556695,0.619476673575731,-0.879686978092769,0.377041159316701,-0.290507675932458,-0.304445490658,-0.155377488920306,0.376997376263038,0.500892416945106,-0.541814167010953,-0.0771646660211643,-0.24943718420967,-0.464334194054893,0.366610248686504,0.166275899243236
"6000",-0.985045346796477,-1.35751192548099,-0.539799483012505,-2.27402059269169,-0.358412513965227,-0.415964763870143,-0.171885146045454,0.139224281789472,-0.592412720712703,0.0749263689721912,0.458286387383814,-0.0325942096936891,0.155694612620955,0.957143675317207,0.938165542902508,0.399895294274815,0.777330373227145,-0.223113430477648,0.605163459208342,0.812222493350805,0.490056959273604,0.0880728500899457,-0.0638346031944491,-0.434435413089317,0.324291597030788,-0.222334798078722,-0.461658599183011,0.137168334522357,-0.348187555820353,-0.479572657725293,0.437160021736664,-0.576700170675641,-0.320805608046142,0.584825962542489,-0.22954801761539,-0.219968497740391
"6001",-0.733243972936499,0.756409795551985,-1.44011686395606,0.244787874232506,-0.985260398240444,-0.441182317314436,-1.31166824374707,-0.434765710920497,0.167134042975671,0.214226785856647,1.30261495268839,1.3593525387159,-0.103750645051249,0.00752887414697149,-1.76832634262836,-1.93109598149215,-0.62557428183596,-0.838244201657954,-0.270020585303507,0.518163314007328,-0.725469939587358,0.963667256471338,0.157207169637436,-0.579143327353282,0.734844497932663,0.112441651470515,1.13899469486708,-0.468376349657344,0.20316661865487,0.579220214307131,0.978716661916668,-0.217842839075235,-0.830347956217159,-0.213146894115144,0.676747849133017,0.452554625344873
"6002",0.246594420958591,0.208707248569893,-0.254155412368024,-1.09927556475674,1.81483723353033,0.268420278194,0.443524342883916,0.181929218807913,-1.99724402367036,0.360122332543952,1.55685404111255,-0.234844682222967,-0.633669383878812,-0.951734741697124,-0.595868367572127,-0.947325640646062,1.79314671952114,-0.914259389748072,-0.956101454836321,0.0552158852747037,0.377333128142289,0.860552773024951,-0.292848163593644,0.463668977099352,-0.788364517344276,1.34139066190626,-1.81683000426412,1.18837184269848,-0.094063373537774,0.598345990851096,-0.667151123372724,1.23283371139196,-0.129806816158408,-0.192820217937904,0.204428575526049,0.198549847911355
"6003",0.128315763029583,-0.907758307497707,0.233472683853958,2.005738136617,-1.76193714013596,0.757848226311746,-0.842145650485968,1.77437902127231,-0.0444734923664688,-0.375664283097631,0.678954470819728,-0.276525670735977,-0.421410586100778,1.73280044231768,1.36832828356553,-1.21202848637224,-0.869321956599877,0.901991558484566,-0.186737160161447,-0.718127848796302,-0.224379019429453,0.889602980407026,0.0153222157123889,-1.37699812011606,0.239580731728342,-0.156160240993112,-0.130637105391586,-0.497606285377894,-1.60581899806973,-0.990043124927045,-0.910840524908866,0.1225055766273,-0.0136802994796953,-0.572798170206488,-0.254243348615036,0.263569722860533
"6004",0.210149551347375,-1.71775384816839,0.0800069463699243,-1.22331562517267,-0.367380719308438,-0.000756711004694169,1.05032381319107,-1.22257231027458,-0.725147388811491,0.0521176487649604,0.0246278409977396,-0.501534145088314,1.69128665964003,0.79520867006852,0.0274737682569792,0.552404572219158,-2.17315138788161,0.244557837466968,-2.61269469926327,0.385719469500385,-1.50619651291835,-0.0144052511990985,-0.347552521337689,0.0780753012051936,0.390516127952686,0.0174888720132599,0.219804937721998,0.411074053037279,-0.30413800143604,0.524939699386395,-0.613205032417325,-0.960423828129305,-0.0566561240604131,-2.42800730632115,-0.0301606977906485,0.753813407335104
"6005",-0.705650088375665,0.328153368057176,-1.11077181565896,-0.315456859276539,-0.180921631713627,-2.37922879474613,-0.411035932893596,0.0325459793614912,-0.453685980803536,-0.604657852921091,1.45009387052992,1.77195888707553,-0.379532569493036,-0.176353050770418,0.532897635567617,0.00950851525074429,-1.04020357208105,0.581303113725065,0.274111732489734,-1.86492089237718,-0.452709985230581,-0.621601744021145,0.014383510489128,-0.462880234937723,0.78383377809425,0.287554787524203,-0.63427531525811,-0.0293551106844456,1.58277516854703,0.818220612919364,0.0685025931007303,0.256954322382623,1.77799502700556,0.0994675727035493,1.08336992480818,-0.412445774111361
"6006",0.87185107276088,-1.25410359939107,-1.74353811423573,-0.297372329293184,1.76944285499163,-1.1245033489871,0.503538887308063,0.793162853267474,1.39165383104533,-1.2733481396987,0.215188649397017,-0.701131791188837,-0.103498474700077,-0.855660048467287,1.06418367700657,-0.48593975205879,0.025837474233385,0.175659042846804,0.526335068345947,-1.45105949137738,-0.0406609034293056,0.309400154885273,-0.276900650820306,0.235394050814348,-0.334361783914599,0.16798730478192,0.172711686705307,-0.301732454635769,0.590106449123262,-0.157390720525126,-0.101647818074444,-0.270155739376016,0.339071404963604,-1.14614823068537,0.234102139665589,0.360889308388484
"6007",-0.590740920132553,0.908912098563344,-2.1211210950832,-0.592977750260363,0.454278419983438,1.22906781342686,-0.179224496391781,-0.329238753103095,0.874907228194577,0.686410026385908,0.186299049782319,1.03881905019452,-1.02563470188233,0.1354389876502,1.11409502258292,-0.517954125469835,-1.40129265868195,-0.47728196684211,-1.80462418770493,-0.543663517281855,-0.205273139468276,0.0998879526436506,0.610378410142682,0.0855426690361629,0.225864468963106,-0.313972356644799,0.0841626101758372,0.796979792917164,-0.81329725754754,-0.827170021585167,0.515604109268578,0.0319010686881669,-0.563592207672364,0.462976372357329,0.962451502580378,-0.0883856143702227
"6009",1.28013343171893,-0.677566872768233,-1.44859224375143,1.48348066437496,2.45048229186355,-0.767020424579631,0.721365272651222,0.54505368669634,1.20908121835626,-1.3520893197325,0.505197024665255,-0.133926311118321,0.306625122402831,-0.507445401788838,1.00373734564122,-0.801956020412215,0.27607041359314,-0.0329611560236832,0.243638506307872,-0.624582942608483,0.546667651019667,1.00749159240224,0.457866447919843,0.651575294756786,-0.373099193979596,0.552540743746994,0.148074813002967,-0.922465046141689,0.67413338523515,0.502755816421458,0.648456464748134,-0.162392784118252,0.179438485290654,-0.844151744692759,0.114698448196642,0.202513929836125
"6010",1.24383506565437,0.544063306270252,-1.3627835489141,2.33166220507594,0.923946745802768,0.280884898397669,-0.730786010451561,0.898465924786977,-1.43870766076317,0.87309796825005,-0.41672350327883,-0.532400493198801,0.952591251748919,-0.190337339175266,-0.787850835598444,0.697813190597517,-0.659086585320523,-0.852850073186255,1.10668405283149,-0.10139626602039,0.362233570601905,-1.28186394174104,0.257283024261656,-0.243614994651069,2.029012925025,0.212561759410232,0.176912015977143,0.888529151548095,0.374293378613973,0.343659300570926,-0.30558401972038,-0.138184576123877,0.561021426942634,0.74435049891015,-0.456029190748716,0.729345728790006
"6011",0.727669500616856,-0.182760924247922,0.697579312613018,-0.0257371762298403,1.20200854648528,0.0568573558411191,0.670255258838378,-0.140533695914785,-0.605768202850396,-0.262521035544479,0.410794123630834,-0.102224301554771,-0.525935760481864,-0.467123009686327,-0.370006972418496,0.476240961434935,-0.115544978705925,0.553115206061802,-0.162648219311016,1.43195743171133,-0.0435330830448225,0.000895546409656944,0.0690350380247832,-1.37799358139964,-0.72419538086562,-1.49094105811587,-0.230951974486388,0.378232369400675,0.181072762164765,-0.0433951527386153,0.880200821122589,0.423326809161326,0.125961874796979,0.0307283585246741,-0.376432112958315,-0.360875289444571
"6012",-0.0209523867522695,-0.515231027354788,0.572295554925923,-0.361632482011774,-0.36297897578183,-1.56275782632864,1.63969544249088,-0.894281802827379,1.51628873638515,0.326447245807011,0.458587353554885,-0.95057371011778,0.449347264506157,0.52983471094202,0.17343154780308,-0.312317954674898,-1.01999535256495,-1.33586842432502,1.20886941655334,-0.16654484705013,0.982972659907037,-0.610368064236542,-0.294142760799991,-0.526893772035492,-0.471965364297056,-0.121020271528964,0.746560542115306,0.523627638516541,-0.976375446409385,-1.67257681228613,-0.887866201885483,-0.0547243172204447,0.299961999935919,0.210094878225551,0.441353752230841,-0.848085514119446
"6013",-0.42864528795123,2.18564577603342,-1.10245211864201,-0.553405559802717,-0.5290964340738,0.494508737988109,0.612839247387424,-0.887998796263577,0.637773645944238,1.23245547012827,-0.264929001938661,0.462617267948651,-0.798254958371799,-0.53334407747932,1.91791495800801,-0.197924619549683,-1.18505064308421,-0.448592950460876,-0.608046345659768,-0.643645945514564,0.0467514683808947,-0.0872481949331545,0.551132104958786,0.012311520281119,0.813348114508473,-1.02590209217153,-1.06054567713516,0.437358203445798,-0.350561523146751,-0.269805906381829,0.318653049921416,0.235351579391303,0.0377635810680568,1.0080057696343,1.24227081617463,-0.092325652074115
"6014",-1.23635016209278,2.34049889775358,-0.307230029293756,-0.923232185665518,0.280494340581867,-0.128491118927711,0.70778438905773,1.62889551417517,-0.0687047506798204,0.343818672143774,0.0299824625920954,-0.830817212647192,0.661673749034733,1.29002527542947,-0.185402761791755,-0.118591095465736,1.39201301394227,-0.835068029301329,-0.336869211054044,0.124167992930722,-0.512981756703524,1.05779432082652,-0.615786991617544,0.422851710609281,0.0552786656941164,-0.254947270237659,1.0261771877271,-0.703698436872471,0.370815485980498,0.204841365362923,0.34366372475913,0.572409069704989,0.448515467379505,-0.0837106754495686,-0.608949873301098,-0.343131706682143
"6015",0.663847307100106,0.348520117270042,0.956286029398759,-0.41430512415008,-0.115986506303163,1.87566167993652,-0.985286002084502,0.0144001644135707,0.116838083805808,-0.91659745890367,0.598278526699618,-0.258222168851688,0.162998703089763,-1.4060112528026,0.148676915614864,-1.0324295715847,-0.551363591241567,-0.211536083023671,-0.221493458693246,-0.65664649825199,-1.33114495242046,-0.8041347466554,0.0234517291145399,1.67750601463533,-1.62501702628999,0.911940487461697,1.12965754849988,1.39821398158988,0.270252403659997,-0.689496704377923,0.0198952207079557,-1.67734218289709,-0.433254275907532,1.53772561365697,-1.19545729328389,1.41662903534443
"6017",-0.345306938831784,-1.34643877945133,1.23655021801288,-0.133286520722912,-0.0930947246936258,0.617077891241573,0.926150660340104,-1.72096494683684,-0.657853374147702,0.0205887326908667,0.332952786905428,-0.827472981870478,1.39795453535967,0.330673956763396,0.451047649783873,1.42083956962135,-1.41344261617798,0.17852743581736,-2.58082356928319,1.32976020617755,-0.230488318799001,0.174528308849101,0.201961890819115,0.521737160996501,1.56038500990989,1.10091406038743,0.408850426761854,0.266520421686189,0.729470279501497,2.01491173768065,-0.210790330060775,-1.63526928549532,0.0438884422932796,-0.898499988184595,-0.364249312655624,-0.386588806838394
"6018",-0.0993817141576062,-0.105124326225019,-1.51988187123833,-0.0629196101394218,0.919711759381289,1.5056377886511,0.639699211032503,1.02887938621253,-1.02410451139345,0.290925821904509,0.492875672552081,0.273528536976121,1.04142521650021,0.681205123704043,-1.01943765938145,0.172275879831536,0.0198162354525402,-0.669995731574132,0.463247084050464,-0.478970722403564,-1.128696704733,0.365906011409625,0.443230815086154,-1.48705676404774,0.3664464541729,-0.0204420871985938,2.07206166058227,0.184698729932172,0.386852229057136,-0.236396153012847,-0.481704002524397,-0.869941357449353,0.222057851793318,1.12064090541006,0.935070494908146,0.970816835423322
"6019",1.01585937625426,0.435440689043795,-0.431072933413771,-0.694120343070514,-1.10446741307915,0.460803808442871,0.52795247655584,-0.63070065901238,0.597897975891296,0.140041043016709,-0.788518989481393,-0.439512621269783,-0.434695652917143,-3.72849851134271,0.0328820945698265,-0.663724450279542,0.508653521121397,-0.581160311783891,0.590944869458937,-0.364991805608226,-1.37083784399925,0.212718941569017,1.07240801003204,-0.680366236939785,2.09400527585734,0.919913533196357,-0.471498044358634,1.13548143651229,0.555983648607276,-1.06572128015193,0.00938694378066166,-0.48492375728307,0.95908801753956,-0.0558778596048362,-0.42722556499032,0.0393684818100563
"6020",1.21661264843494,-1.01498875660269,-1.82160302074476,1.85209987552039,1.96507298909866,-0.970657902358687,0.95383031459706,0.712045110651062,1.53132645941171,-0.864354267449845,0.536030301141454,-0.447453496668401,-0.163653866294027,-0.658051073391068,0.691146288559483,-1.42457692706359,-0.0136482865677522,-0.657333851115884,0.00618180432944411,-0.689881902024686,0.220300809802516,1.05927339890314,0.558596006359201,1.10029616801938,-0.190205596206413,0.0623733397294423,-0.523581921038757,-1.43134881054177,0.460175831084586,0.25620562978949,0.284469248963233,-0.889765460607509,0.183419491452208,-0.334341155345165,0.151575742155758,0.323265628741126
"6021",-1.34605117085197,-0.828177941270897,-0.687108538593633,-1.46723713358973,-2.17716140754897,0.261858461030907,-1.19909512402838,0.0830650609007293,-0.247375076592869,-0.411613336665782,0.518352399334111,0.400009994344478,-1.32118246056461,-0.960455704850369,-0.630640917669531,-0.312589453199106,-2.50670316135623,0.220072164764459,-0.131928604591727,-0.789459419587222,1.26655952574952,0.139488849640522,-0.3516089169376,-0.669667301212839,-0.0729776916700648,0.452321440966848,-0.0207840299296077,0.178576816475528,0.708846611357692,0.419691757735434,-0.185161008666188,-0.212719730810399,0.0545311289519207,-0.0742422187283088,0.781575752341159,-0.644642905212281
"6022",-0.0706703022173902,-0.597061850542137,0.478538664002259,1.09967676559253,1.87874967707181,1.02910269629559,0.50128275217198,0.430298773476534,-1.24577781673986,0.102957211344497,-1.51034791631084,0.678406830416146,0.332348234635557,0.614776590357897,-1.56299908091041,0.857398779802534,-1.3555683979263,-0.683635109790047,-0.846074746222884,-1.75419551500167,0.381425244865155,-0.233181311495093,-1.18305797702336,-1.51260777531876,-0.276738852790593,1.5136391593349,0.945685288594735,0.456223249604815,0.167825851621529,-0.471406591834091,-0.708183311355214,-0.984095505060586,1.31630669937737,1.8015036825905,0.317277834408806,0.618821954316486
"6023",-1.75543815744748,-0.166513507275955,0.588052729803535,1.95746421404382,0.320328421488381,0.180864098102145,0.959878732131405,0.0766044462337964,-1.69008030357043,-0.67432283832626,-1.05368347782945,0.824018201199694,0.450667062285796,-0.928159130230777,0.398611380135674,-0.180368329845061,0.317698316537957,0.502477555705274,0.902238528785864,-0.85494341031211,-0.977788140504198,-0.271436493867293,-0.679458033279684,1.00078788500881,0.212270427229643,-0.786240801686731,0.159325354128098,1.4241798082904,0.579179915090918,-0.658066298732494,-0.132303142570678,-0.196882660357769,-0.201066191276663,-0.172083824146814,0.0346915903186139,-1.76713070872303
"6024",2.48635359892291,-0.10333741484519,1.15410053552152,-0.137931593257434,0.778704657152534,-0.0744335259857435,-0.708079874191035,-0.613642550804801,0.806303945840718,0.66668818258985,-1.16321378726228,1.17749207003111,-0.682134862187621,0.760987435765377,-0.503956299700662,1.23571274556401,0.672430392492644,-0.344419200326908,-0.407989091818646,-0.491653968098055,-0.202878515694802,1.22886418378723,-0.510862369275592,-0.0736672403035501,-0.282884711443706,0.495924965297274,0.0159081074832395,-0.328644008931756,0.0839989293894497,0.288626454924341,0.273814160781925,0.194803714972761,0.470296187151425,-0.0318883484225772,-0.324516348693983,0.507696431953041
"6025",2.6747815745895,0.23319581944383,0.527974039232317,-1.42087351301078,0.92503145309634,-0.0734467627751364,-0.150575864035243,0.174041242987935,0.233490180809023,0.129061171907675,-0.646320021629002,0.626719480645085,-0.841171215602702,0.3447289925025,-0.115277719001304,0.316733515854851,0.102442416551193,-0.115008362411805,0.668103459604342,0.290680477888963,-0.803630258638151,0.0375430482688977,0.194913444677679,0.373210866555976,0.624401545178327,-0.775959504976234,-0.032918897651517,0.46163029754522,0.632124615671987,0.359371760538386,-0.404200104899936,-0.452451406707242,-0.0818696354632839,-0.315759813633335,0.315315660915409,-0.32934012135238
"6026",-1.44747953400648,-2.76917527597586,-0.829108252014431,0.243168292548856,-2.42383545379606,0.971114157584536,-2.70520840212157,0.891448545404744,2.8225729137432,-0.904674271251535,-1.43105258891208,-1.43452589983901,0.572925819858814,-1.53389255968789,-0.778889552057111,-0.530786338343163,3.65073456345181,-0.639760038092927,-2.30177277721167,-0.407663216712423,-1.77376014151996,-2.0338614979955,-0.56879390708147,-1.60624617036525,-0.225500551876468,0.4216005070601,0.239164184923182,2.24200544596322,0.120566495871535,0.0740407041038676,0.617736328190635,0.419779033700214,0.182180022864383,-0.0256868014559535,2.04423488606617,0.697191295214168
"6027",0.0171306388093367,-1.37861878670667,-0.222834264023389,-2.28999720507328,-1.3691050034334,-0.290249334843773,-0.223282053116193,0.395029071639001,-0.833290209649766,-0.551062121087849,-0.562697716321631,-1.10394317069791,-0.471382813248882,0.968296425223831,0.127976417746489,-0.122988408427086,0.0869510117776575,-0.670884682860868,-0.382334965654091,0.382330564525587,1.22844244755665,0.55929418761168,0.571796683080712,0.352164377038839,-0.454802450662621,0.0964735162614361,-0.649654717046695,-1.18580939377632,-0.727925320688589,-0.250828855109847,0.921431970971932,0.388213465197423,-0.241439526628635,-0.163668415023736,0.79940465063266,-0.37835637232035
"6028",-0.412245558538476,0.6841787914717,-0.684255986735485,-1.53217728109739,1.89276064371661,0.664851973208397,-0.110440858815762,0.623743937653858,0.310242586134846,0.786733569076483,-1.21944896263956,-0.370445025834905,-1.33018037337886,0.554194997387004,1.55842160554644,-0.302921749914077,-0.95078265900841,-1.15740984441676,-1.84772260997343,-0.540898567892401,-0.886997679872151,-1.7408915906502,-0.980506232841477,1.06208811959564,0.764593917206882,-0.356713235050245,-0.805683124241007,-0.614489717260889,-1.86677355769077,-1.95824262870049,-0.128117242565458,-0.734186229281077,-1.01610542606509,-0.300311655352259,1.83582264751797,0.922793280691042
"6029",-1.63107552105074,-2.06476664348767,0.0423600649926686,1.08386488965019,-1.07158627292356,1.03662232671911,0.847325843142583,0.900596920762225,-1.38697706728669,-0.53422571970865,0.122747147825994,0.975727909096246,-0.740204375112897,-0.0364707841072975,0.247724513867057,0.561651335670282,-0.041358679829253,-0.0486900250847191,-0.238745234037961,-0.756581374546054,0.265435884994882,-0.436413841528418,-0.177728255533229,0.541167813001563,0.270279984039724,-0.377547389087607,1.01456805626418,0.521695397366581,0.572554540946144,-0.734643521385093,0.122137173909289,0.611933882894509,-0.0131923432509624,-1.07964160656691,0.159960846641491,-1.49399288959892
"6030",-1.63271467192788,-1.66790078471784,1.05184925739079,2.88881928868111,-0.373331618676681,-0.0715634700642949,-0.191119789382214,-1.73562802723907,-0.211780279280771,0.499383888047253,-1.36253125681885,0.833956309543829,0.0718598820975624,-0.428319207919731,-0.20526429723489,-1.41473034921683,-0.393801144767715,-2.85497881101067,-0.576661679822577,-0.19226140000334,-0.257571684383109,0.892119902065602,0.268879799078668,1.81684868032976,-0.832441348105747,-0.203849557028919,-1.79094173927854,-3.14873732842381,-0.603154217037613,0.353864844807862,0.706486364095523,0.480609688589129,1.40069664886717,1.57868289230575,-1.6152630632205,-0.388690729870454
"6031",1.21380552682806,0.496766332324263,1.87031815655926,1.47407427789813,-1.03823551932401,0.279690541029829,-0.390212312363423,1.17622560606585,-0.93322649072026,-0.38394790858569,0.487894956446786,-0.316730375583558,-1.07728309499559,1.65351832585838,1.42102963788341,-0.274652254638673,-0.940978934775556,0.815185129351933,-0.428437851267821,-0.979921137804658,-0.0384968258260598,-0.339967056072453,-0.458790138610681,-1.38333647601966,1.19718248595227,0.191558777707771,-0.0585076087118084,-0.00281319698328709,0.0950342683438289,0.534433103751804,-0.162466446383495,-0.256129843201971,-0.0183856166877604,-0.3572988736117,-0.0778996335526442,-0.723267124044869
"6032",-0.151722691218401,-0.868977718617277,-0.663816891793514,-2.08771924000054,0.468619215811638,-0.531003515751779,-0.217011898585263,0.31913452754105,-0.91278699561248,-0.527592323390569,-0.412795944553768,-0.0830895994486195,0.301773882084021,1.10247723261186,0.262706778317474,-0.456946930482335,0.36660604486042,-0.342759286339155,0.201764881254806,0.737120612215699,-0.00905086030369268,0.131651731321965,-0.119615910830448,-0.0816728804925289,-0.381754690744212,0.433238934737306,0.127985941333626,0.259342298659707,-0.75370965451865,-0.477678321663883,1.1618781351342,0.529696248706277,-0.174054222284566,0.0570326746163603,0.120264928167889,-0.243656800084246
"6033",-0.0281513313484281,0.406102184108004,0.957952133982832,-0.326739119102716,-0.684853270176066,0.236258606543119,-0.0633228713367956,-0.933590957774608,0.609290132000793,-0.283850299951059,-0.46457878438361,0.566732627467004,1.02326741877223,-2.29185198690481,0.435168282144758,-0.497885296733963,0.92361034251149,-1.04188254036277,0.381709835594293,-0.0187598058149599,-0.895780970376236,-0.699782199552513,1.30568083459419,-2.0996795057414,1.42730377836491,0.141581513837879,-1.05540152459177,-0.0513442248540867,0.0486402769714501,-0.728269930190771,-0.543435190590658,-0.309987593719036,0.35722341918794,-0.659082270531191,-0.277437914618274,-0.130706079479357
"6034",-1.33981798134524,-0.0728546120909778,-0.213200417824403,-0.527290922667924,-0.624924922012699,1.66209596787516,1.39741174668207,-0.530191420155755,1.01216454340172,-0.37992507333938,-0.734783475229084,-0.0497726247420571,-2.00596479980461,1.24897101438012,-1.48840039356767,1.18848501980166,-0.249643905922678,0.198190831333014,0.985528981460813,-1.19414237226806,-0.741069511374172,-0.0346307642072968,-0.704880233127137,-1.04771376666333,0.187633640755603,0.707531381534733,-1.73782939603328,0.154528744434423,0.127767104072041,0.696708919477285,0.212778235887475,-0.584650093729103,-0.834184532727694,-0.611959197779954,-0.968303275769897,0.9613639446804
"6035",1.0051373715756,-0.418688223090017,-1.9508383845662,0.856067744740333,1.27579970170761,0.0473729528247309,-1.51717876623375,-0.224212245882316,-0.998137027630824,0.350767177630793,-0.589803979468364,-0.316067724585117,2.34485647407158,0.378682654717134,-0.990991330918618,0.372308331918243,0.455843427807697,-0.199277825223446,0.526902759606155,0.321903050120518,0.47502481426322,-0.908044391035791,1.24624546639243,-0.088860949580436,-0.374053289993825,-0.076990296909501,-0.343588774688786,-0.395892034233684,-0.360682548825931,0.545214646294109,0.105430670732104,-0.305469008913826,0.223555683238352,0.997736173305662,-1.02139878018748,-0.0156258604722856
"6036",-0.387824134163125,-0.508882585310313,-0.45496574971229,-1.82613978905669,1.10108337145304,-0.157909540163367,0.4068414855004,1.03819323288685,-0.854743254295987,1.31904290534675,1.93178003334787,-0.063173652168782,-0.284771556778143,-0.540415601872155,-0.70530278227936,-0.88829070230805,2.41102127895999,-0.627825495423673,-0.632324028866197,0.148728897845776,0.378648683854088,0.263316490052878,-1.08432052361398,0.374736832195683,-0.622508303401823,0.574024823907191,-2.06049815170514,1.97850280783823,-0.0655720333480973,0.262546955611514,-1.3467170084565,0.737065398675049,-0.19829337200947,-0.106060987110424,0.683942499740142,0.229088960183856
"6037",0.456008569843285,-0.755158224295687,-0.131891722599113,-0.389445085551621,-0.940420372811337,-0.294172557882698,1.23302174876046,-1.47736167253493,-0.396837220856452,0.368667105555248,-0.708327358036674,-0.895223712405652,2.40911171939215,-0.201137693456099,0.633799086208296,0.615107270439638,-1.26665626544282,0.885679193370264,-1.45142596852866,1.12829675926107,-1.23553722338967,0.5166868909613,-0.939055431658999,0.474234238819216,-0.354635264139506,0.70742001423023,-0.308775635783773,0.0732693088616808,-0.48778007490072,0.981138666038158,-0.583257905968982,-0.615230959234132,0.213490622032037,-1.47334995023088,0.520311200923024,-0.207102074169031
"6038",-0.367049561949662,-0.856810927976588,-0.301939685675411,-2.96776136077982,0.394061110104123,-0.853992204491804,-0.252217189535757,-0.0116215590404251,-1.27055992665786,-0.558197128883162,-0.606252529169509,-0.365331302006846,-0.160165474139071,0.904419132998675,0.453422428408481,-0.0783928808771529,0.0510863401537415,-0.159170940131265,0.27566161218871,0.234087044982691,-0.180883283464116,-0.390019266234408,-0.0636030012134261,-0.320339170205885,-0.457301170198627,0.119196269484678,-0.00181444250330917,0.241680562320622,-0.515716000426127,-0.620685077578429,0.537898348461838,-0.0495169243197559,-0.391212586241211,-0.287417078661128,0.027689773131375,-0.0925439988642106
"6039",-1.59034566680544,2.21207792860903,-1.38348485215504,0.523813648685883,-0.967373730778548,-0.952949600523985,-1.28956087799696,0.0686769483354857,0.992159266958933,-0.268071125298189,-0.0641027723855197,0.391455611815336,0.283416500647834,0.132025681957947,-2.33539118574636,-2.40760305943214,0.629604666379663,-0.928730410935282,-1.05288658439489,1.34737671249944,0.0800400124940819,-0.270492118129836,-1.17252508215868,-0.106691644192929,0.427216019005003,0.0271375575495374,1.4106719116316,-1.34554683306089,0.325642401079785,0.898351859342426,-0.0598146304880327,0.732051034921409,1.01169258339215,0.0616996860991455,-0.32311483978304,-0.0907503678725772
"6040",0.472545752635198,-1.52900701179508,0.213010621316545,0.569767933923094,0.913938304451579,0.16792920017546,0.476328929428094,0.146241291137118,1.80597494278911,0.310917005719921,-1.01664768007145,-0.78188037700623,-0.514608583208936,0.337776920796824,-0.313143236482715,-0.0986625055022006,-0.115943940365823,-1.47994138839657,-0.852873421065787,-0.95403346974271,0.870192190970206,1.23589523004939,-1.24026907300308,-1.18650502648798,-1.3473212877313,0.466594711298841,0.693497989780906,0.778940193794211,-0.0108176741750152,-0.0279421062345303,0.374421079466574,-0.883539932220928,-1.32846721705608,-0.376184865812021,-0.977496679664325,0.357734906500691
"6041",0.517304563020302,1.3366775754587,1.03741132378432,2.35484403734114,1.27733841996934,-0.888215302936595,-1.24248881360829,0.14196859115027,-0.733585902151112,0.694171456086405,0.22243878607184,-0.606408482018626,-0.40072449693249,-1.8225459142323,-0.758049352368004,1.36106080728559,-0.618338040122047,0.828569709223971,0.467226223687072,0.820415181336962,0.213678931590711,-1.5434010043412,-0.675995813033247,-0.895193448024427,0.987998348674734,-0.809093940331309,-0.830833678588975,-0.142594136310329,-0.318682986000206,-0.161238202811546,0.108496785659307,0.350035467271652,-0.779053330739621,-1.48808458959722,-1.01546920849748,-0.272396941236887
"6042",0.841610040143696,-1.00092749599296,-1.39483228342668,1.2886845578055,2.12637322804154,-1.17660038707842,0.26483687736977,0.334344984951496,1.33904407463726,-1.55944958310077,0.033982910918451,-0.5730896504114,-0.0646152059825549,-0.913976229678529,0.607664372201733,-0.961846708305181,0.591625178187956,-0.0320528766354585,-0.0798782180866411,-0.687607531375916,0.344072648394392,-0.110957628376146,-0.324130760507012,0.518521414795946,0.0980588828297331,0.563530830382854,0.0693878587312022,-1.098898549882,0.517984546052169,0.351301392456379,0.348867781061184,-0.503607805704312,0.336603125057383,-0.617535574600999,0.420320334450123,0.309855086104348
"6043",-2.18877147019836,-0.505034056581135,0.546889026333397,2.80533271146103,0.320293239912686,0.263519256052518,0.9936299405786,0.0441602262505752,-1.33439414465869,-0.283434986914958,-0.6555448447818,1.22086647380316,0.44949970203306,-0.880082418535738,0.349754229953914,-0.767743013538804,0.0429322248293237,-0.0578409874320211,0.865907112962098,-0.127935743643075,-0.590170988908891,-0.262672616658753,-0.261450475210837,1.17526172170614,0.202713831012643,-0.704173121186895,-0.24960088077425,0.0634379452933728,0.101832229714022,-0.688532724693043,-0.491679192735401,-0.490192252235695,-0.112190337042842,0.185541433950742,-0.178900339120382,-1.67149741451552
"6044",0.0336093572096215,0.368451080412875,0.265669461278472,-0.996909193524435,-0.0808942547982421,0.975661192743147,0.913474092861606,0.189068954634548,1.13957388666559,0.418465319592104,-0.236265971045436,0.485235530283141,1.26933691234896,-2.37093027298358,0.436884129728543,-0.292451763151131,0.630558457947215,-0.0550019834180435,0.664061922226132,-0.665141586195637,-1.16385524180565,1.12164027374745,2.17352123351977,-1.01427437893795,0.0358850482519224,0.859035919823463,-0.331048635670372,1.46629494532722,0.456672599544435,-0.634462093763075,0.0260307982966426,-0.157835398304817,0.423358152003613,-0.0961396699427604,-0.524366554264014,-1.22986725921717
"6045",-0.303722961951616,-1.14861406290583,-1.11038603680612,-2.39682913893548,0.189583459606199,-0.400568860247245,-0.290836457701848,0.329576873683494,-0.816677379405479,-0.381096016632729,-0.168259872918625,-0.0476846240378604,0.291780802041166,0.931880789564455,0.552712967556964,-0.185353752184224,0.33745825707172,-0.0863786891089285,0.481060232910258,0.648027979192576,-0.0234436644445632,0.48690591549623,-0.136355426037012,-0.160546387087361,-0.641732204117409,0.296158408462494,0.012047746200146,0.297755435295318,-0.84938307726703,-0.830292128283922,0.762948710793704,0.179161687493065,-0.376128213930599,-0.0226061430644205,-0.0436914561653767,-0.20691565973739
"6046",1.13620607641227,-0.114005942175118,0.315178220437061,0.728422549571824,0.1962189380122,-0.448988611560498,-0.875416474094004,-0.140795209079791,-0.45186479573851,-0.428374154963385,0.271866461427565,-0.0639912252956442,-0.352586100289799,1.36764493756557,0.9546640472311,-1.20365256905619,0.726503145982114,1.59394924726595,-0.449043733484781,0.120085063687646,-1.08324246515692,-0.505054075402084,-0.353330964710141,-0.771986383192531,0.596420045180671,0.287540741168181,0.178717945993341,0.489920700233925,-0.26757986509347,0.364033517161535,0.48905990004098,-1.0264529397657,0.187222366020758,0.928379854694378,-1.30277171127299,-0.730455822581476
"6047",-2.06849948738291,1.46335047857466,-1.62774042756268,0.548806670293589,0.030034922160754,1.33929541580763,-2.79446422603302,-2.19768798204209,0.783978567892338,-1.1827450779223,-1.91097303845984,-0.671304659401166,-0.439633387712716,-2.33075172090499,1.64787412709251,-0.149909155903999,0.209329236756896,1.2140776380639,-0.878645217699529,0.280736605617662,0.622060630289433,-0.121139379874491,-0.489974825394465,0.463265301691466,0.208700201162644,0.755895359429298,-0.213709544999962,0.244092103287871,-1.31482306993822,-0.578361505274807,-0.270219239803261,-0.378209644172271,-0.72107787248903,1.00142244926757,1.58279349560478,0.455709904612475
"6048",-0.36196225815862,-0.776377775029891,-0.161656487784776,-1.98118351292275,0.481901248100152,-0.226718156813541,-0.744991297048646,-0.400567045758608,-1.12552356515114,-0.262155231352732,0.292056985927767,0.205420736107265,-0.112848117442499,0.757661056327612,1.36796470052075,0.41221612046325,0.147600953072421,-0.655991827355726,0.620266978587771,1.1894429421007,0.327212483292745,-0.600437860899469,-0.35743563997231,-0.469481861981218,-0.0355035659204908,0.511495831013225,-0.159891458260412,-0.3809820244995,0.170821601737505,0.579609699260626,1.13553213872388,0.350294982520642,0.0092953274448581,0.272580411145029,-0.271139394755708,0.367223565324948
"6049",-1.91510393207906,2.56318965716098,-0.983039123451196,-0.703721880334566,-0.526943482592678,-0.532493036370261,-0.691088374321069,-0.320447131955398,0.270496799078925,-0.192343317418296,0.486595436490008,0.55427046109988,0.384236483981878,0.0733521481924724,-1.30266478630174,-0.706889247711582,0.508595773932038,0.349255902995488,-0.693354830863259,0.230980852402706,0.13992184134677,0.618589856190255,-0.226588947803291,-0.476868115864191,-0.721147426941154,-0.120510684675114,1.47979495973566,-0.620943492125094,1.25312839502744,1.10116837410939,-0.372344768423762,-0.264611609292387,0.264043270316486,-0.0980949594257554,-1.00567932725884,-0.957585704935583
"6050",-0.125306056506645,-0.729422005098162,0.958567030310434,0.698171645318826,0.0699039209163796,-0.304775256104068,1.6031075225071,-0.413552054315926,1.66735325150833,0.910398448650963,-1.16948822380518,-1.01696653334806,-0.149165513545677,-0.493646283423952,0.390444863560136,-0.0202310609942779,-0.121552452923919,-1.27743829374111,0.157194754184316,-1.1323518220665,1.15910083460944,1.04327845680588,-0.929329476755989,-1.44543801912504,-1.15656332843845,0.122538770478735,-0.343213524233823,-0.47538651830267,-0.137296255922317,0.182710971147056,0.19079284230177,-0.438713633500991,-0.281935396787103,0.494170002940441,-1.09447329342301,0.232368311328863
"6051",-1.23526376112207,-2.02300789149233,-1.00008654907538,-2.70205073252955,-0.57666119280188,0.087925067780817,-0.517948720185824,1.20586697207256,1.17065012095363,1.60900004911216,2.41957450039466,1.88034445767229,1.57103900661331,1.40658902021817,1.33611300384687,0.588279442480877,0.752069862695928,-0.33427339573466,1.36626102389748,1.53038217715283,0.906862075747532,-0.477583937761233,-2.00955916718172,-0.712546061534424,0.617079434566264,-0.675864304362696,-1.23123085409114,-0.0242030302397742,-0.042148320934342,0.00600264388544814,0.778833159817212,-0.150080557851901,0.288807196562778,0.997462143204834,-0.0555151196344449,-0.272904192106183
"6052",-1.08102870935522,1.71003109813389,0.623659669388618,-0.921669005397962,0.479019476181885,-0.993232641115318,0.678609225624528,0.892987228823033,-0.429497700729812,0.793707897081758,-0.691767840364774,-0.53592251981326,0.646317184607569,0.134400117429431,-0.453176710718731,-0.742429532049107,0.995895024946734,0.197535747137954,0.847279002114982,0.169316616681537,-1.03835428487126,0.366825082021697,-0.220538554619532,0.449571343128254,-0.153664801926999,1.17924652770585,1.02956831977581,-0.713971958424579,-0.506513215103489,0.163990562939791,1.09663388742426,0.389866629810542,-0.484096701468835,0.197549744595704,1.58191737958289,-0.476642607569217
"6053",1.73141344186755,-0.966431914453278,-3.91972600898159,-0.135063759517438,0.152084157634685,0.0594032122235277,-1.42016025511369,0.0503054470092456,-1.08560113504689,0.432785238455957,-0.547142039876456,-0.723764458124288,1.78607953101249,-0.246643815234871,-0.640813425710803,0.764119063470647,0.62011279537957,0.0622906381917689,0.756013129268605,-0.525940916894448,-0.861170504082833,-1.03937632173046,-0.158936649301475,-0.638300768314512,-0.494919337985965,-0.188501498452951,0.0402733321014279,0.780473584768198,-0.413888241743193,-0.167134283828814,0.660115381096242,0.698016127711947,0.902707247922991,0.889479407368408,-0.952206506667331,0.71848871700063
"6054",-1.24860471574641,1.6886084189052,0.738129065630795,0.541324118157304,0.242873483975024,-0.94549662096688,-0.736347794758653,-0.836800310260178,-0.858097377009611,-0.681370703506248,-0.820970092776945,1.10766999096942,0.416685030646514,-0.804292718729611,-0.60742878915749,-1.41962153094116,-1.68947511445582,0.683918210361315,0.759200353391389,0.238071375249245,0.638566533713581,-0.245799364628796,-0.1444455624469,-0.541369361342209,-0.715376955323624,0.759296955655398,-0.138294469055193,0.430347172562374,0.505337611347952,1.10484180029687,0.0187500084878046,-0.0752097514096829,-0.204112330082362,0.336143287768628,0.857984069880171,-1.12794615206391
"6055",-0.660621992450069,-1.87028311615369,0.270967772416089,-0.240894436723011,-0.130489723286421,-0.78261040486243,2.17421444974796,-1.36858762010533,0.794721389370239,0.145526324754296,0.0743989750654357,-0.0455815218091667,1.09433885455113,-0.222949115108036,-0.24222208621558,-1.51783423116602,0.125837201547628,0.433886141972682,0.18524963606632,-1.54800775009932,0.549295549247459,-1.05833741055221,-0.38377770980718,-0.662663117952502,0.719883359199988,-1.21436432843957,1.13503928212694,-1.08088305799106,-1.90803893057547,0.430534502575653,-1.59446809885857,1.93929236465207,-1.62769586855345,1.06844345986072,-0.242750257765592,0.626508300151894
"6056",0.0585575852616446,1.12717380964975,-0.936668663889721,-0.688396767326074,2.27196273774728,1.5335656285188,-0.282473602174969,0.0494892222842833,-0.281405076849483,0.134008538256852,-0.797044292072864,0.0526147308533192,-1.00187819836064,0.282207761298448,2.21269287586435,0.353765691899673,-0.716192215778236,-0.878593597755019,-1.57636221404907,-0.00613900338910459,-0.284093660095017,-0.704442594382855,-0.678817668573366,0.839784507218357,0.802159763033947,0.579890462746018,-0.309465072924335,-0.810282052171051,-1.74890298609889,-1.56868407533668,0.707505395878249,0.00331174263727647,-0.95351796833336,-0.254101832131382,1.31038086715742,0.736090411119273
"6057",1.60692143781001,-0.347411372969231,0.131519698763105,0.30714366378928,0.615952446991925,-0.142191160924287,2.06655855929491,-1.82032073611598,-0.0221226429393807,0.137576092804217,0.307746062767347,-0.00452955124457259,0.735557743575239,-0.604120411471652,0.613809374470526,-0.551905597050147,-0.227230476197775,0.537178190731971,0.670934410471542,-1.37508005578025,0.582136277404071,0.51866539178514,-0.384381464148948,0.310647309527203,0.441595525276428,-0.751643541716829,1.10353509089285,0.0533463985068138,-0.211120486385121,1.79800694704415,-0.553633739990149,1.53313809930384,-2.42540790052287,0.957805291122045,-0.360529678652718,0.271391879024722
"6058",1.63121139263061,0.24400282352034,-1.25578473384081,1.44024474166422,-0.351545854082139,0.314534231609679,-0.508747270075952,1.18280669867654,-1.52937404793236,0.701507226119248,-0.665820233923223,-0.944098685792897,0.941602115587086,0.0874396246365263,-0.952228191174545,1.67886465889777,-0.117784631061529,0.165055019476631,0.285574777380067,-1.04056237663525,1.05133320154337,-1.32083764615453,0.147603118876838,-0.427501699361632,0.598134402950236,0.1428569678642,0.0966115520258804,0.549232605103659,0.565270148342239,0.557714017708637,0.0582777502179111,0.191669904735873,0.243840613089154,0.0571528941373507,0.608818602188301,-0.0517937321320897
"6059",0.150468999456992,1.24753112651955,-1.41385865328469,-0.980082637244009,-3.81974892064287,-1.37193952561393,-0.460618092835562,-0.354536677111765,0.132320789820917,0.95494045838637,0.279526692039538,-0.094619211925653,-0.583950414889676,-0.751973547180382,-1.16287779359832,-1.18098869373212,-0.313501108458732,0.0892378036247985,0.601882568677547,-0.250393415582517,-0.113788501735154,1.11987589314728,-0.0273052413955236,-0.352427021910322,-0.38011040330695,-0.680054455431276,0.0854992819861863,-0.996004132475684,0.36990631766841,0.490664769128686,0.383018865625119,0.251714156201077,-0.607150048353211,-0.858228611726999,2.09856990688839,0.474266150803074
"6060",-2.25453980383862,-0.189956026640937,1.0284596667201,-2.19846068942173,0.0659843788572762,-0.203305800556885,0.145971378248622,1.60575031927002,0.471114283569853,1.9975775665094,1.14986121839933,1.33127067432153,0.854858251973022,-0.178729873892839,1.73175947672087,-0.0212902624696325,-2.21008972269869,-0.181716932789722,2.95496710903381,0.514991185789501,0.886013351116363,-0.730750371241607,-1.72974687040196,-0.175800663604507,0.584087397229814,-0.361907020963951,-1.77753785425819,-0.965450495847358,-0.259563478716508,-0.542803889067223,-1.39724517362867,-0.414830827096434,0.465341993887113,0.0504402443014774,0.460047564222798,0.499709948413584
"6061",-3.26385233662894,1.15795460029182,3.93717857644439,0.691459281072756,0.302531579242444,-1.01987671544537,-2.62007334220536,-1.47116529243444,1.60240005394265,0.123689877963435,0.523641244195578,-1.78120197288936,0.8071880546434,-1.11925880465195,-1.378492758302,1.15584870467508,0.0220374045515436,0.364008140073117,0.287319314422599,0.193810814016144,-0.758501826638123,-1.33386255244582,-1.25894089415334,0.231620156677353,-0.121723991493326,-1.1676719079978,-0.151011494928597,-0.341450927733362,-0.198349740140175,-0.244223733381189,-1.31987130335536,-1.18523386356032,0.16575748843631,1.17462883769726,2.44394096642954,0.114990614741183
"6062",-2.80930097210881,-0.0927937739326139,0.507199399264919,0.626823066714754,-0.636103666744958,0.341373131916687,0.0216290495763769,-0.835725787874275,-1.13823797709044,-0.0918108652387595,0.0038147928755055,0.292525190903173,0.186899792457646,-1.52850023611923,0.376710918949659,0.172623189124391,0.980991097900008,-0.120716005879554,1.08454001735384,-0.866867245912027,-1.69901846674251,0.0738545926281231,0.0240713345655993,0.733404830797194,0.813464644895505,-0.885385399035841,0.745001287147893,-0.87510868386706,0.596278293990816,-0.298301646613738,-0.375199076324096,-0.721968244921404,-0.559225480290284,-0.28880213369752,-0.276271329019732,-0.866452872989027
"6063",-0.899471511389573,0.420541922865128,1.49025907053649,0.547502729388027,-0.285844586800471,-0.512420957603503,-0.193291081575682,0.452843721829801,1.43909215296368,0.770325769851455,1.58391212674589,-1.59523684799281,-0.386417056952311,0.251945581676474,-2.32022461672593,0.590244467907646,-0.527704843078248,-0.814516556282721,-0.262974113998372,0.0918571003240488,-1.12421343191356,1.51657673253634,0.359797402224134,0.678428169372266,0.817495035079684,-0.804485626156507,1.4705918753822,1.47621301901788,-0.771470356058303,-1.92627803557969,-0.313039864918389,-0.249885147015321,0.217883033187208,0.856321409674938,1.69366080810293,-0.766708033610716
"6064",0.0425485669044135,-0.346704148207545,0.95886156370323,0.452613782656618,2.61973871726851,-1.44624487714871,-0.667383807281932,-2.04264220663461,0.667438145383166,-1.95093517093093,2.41107334087724,0.70444850331809,1.46872929217003,0.717793972716354,1.15925934708963,0.649389374073667,-1.90706111320841,-0.690776721466269,-0.571543498609513,-3.41572208061724,-0.261692102349348,-1.08762977513882,-0.0500698962339005,0.327430879032528,-0.263060373187711,-1.05675608533647,-0.833326583557183,-1.26938585884321,1.02635855865371,0.0475874794412104,0.968734197679586,0.409207259366538,1.78835992060728,-1.0532979197932,0.44837168665819,2.116117412906
"6065",-1.47058112107871,3.05649976977279,-1.30040506654645,-0.38897377462285,1.27072263873688,1.54419361357002,0.197157093454845,-0.234136217139049,1.04337168794374,0.03473743610238,-0.325932672040195,0.766318464874414,0.155963718940173,0.661459354278806,1.52889661512627,0.211853699996481,-0.414914675056787,0.116067572850005,-2.18957329008601,-0.137442295135974,1.2541513498412,0.412598523242149,0.619909166895579,0.361435644232441,-0.812810814960059,-0.61175169859061,0.199085036468177,0.0974828237812478,0.0183220812861018,-7.80863999800298e-05,-0.361339785120863,0.575839262172167,0.550887176655354,0.424579433494413,-0.781602010393086,-1.17207954164815
"6066",1.32989304485159,-0.419476110185145,-0.79269455756584,1.2055458216627,-0.325970464407211,-0.386097268381734,-0.274840548656967,-0.186697799276327,-0.383797084587134,0.227279024282547,0.8728275283351,0.215218298576227,-0.807256609793835,0.902061959151586,0.965864653197066,-1.30143279517962,0.810734323603597,2.23614503341368,-0.0957219398608449,0.510509235233644,-0.739184032427935,0.366186008767167,0.0653292794752776,-0.284040517102813,0.869743148955741,0.138857821016769,0.155272468445385,0.310575889647288,-0.494819963161015,-0.53736858549572,0.131561163792937,-1.77638607584737,0.105346319930227,0.851308148927606,-1.6954515978183,-0.0626150142348638
"6067",-0.784735538447191,-1.88315671357544,-0.0106529826023989,2.28619658653775,-1.09007672143912,1.38882168319825,-0.100758801959169,1.22221760525094,-1.11315797462251,-0.881037574432396,-0.227508547555707,0.61472101547546,-0.438056367023899,0.573855431060777,0.364006017809194,-0.702664099093377,-1.05075616647252,-2.27260937522317,-0.176321850447886,-0.191874678309734,-0.120975021771561,0.570679339824081,0.169232032633959,1.03155814528566,0.040277332998802,-0.854635560560394,0.175021342622793,-0.146112831043849,0.0786329123811107,-0.25427538462816,0.232417627041061,1.4535052567288,-0.231237046768939,-1.25825805606109,0.426603899167023,-0.863957119419817
"6068",-1.22034718244038,-1.34286449167241,-0.0612902554835114,-2.29028364085945,0.14861225754728,-1.05992959321633,-0.492290148346917,-0.35976971271914,-1.02856681153076,0.435359840479412,-0.0997662998579512,-0.335508805298351,-1.06586745409121,0.999666808537284,1.76272206872639,0.526933707108377,0.569889249114084,-0.727298878776189,0.442529158958606,1.1964013447475,-0.385154542136112,-2.28191804960641,-0.161586518815806,-0.918844537241479,-0.916748630464309,0.406594006122157,0.23234001437692,-0.3155863533996,0.448008600742588,0.924750846999534,0.513155039712167,0.225200699773782,0.19484918694365,0.421338076439655,-0.025213609974998,0.981891233305336
"6069",0.3492457239767,-0.553846877038002,0.317860248839431,0.557040076958152,0.44205963432568,0.0418716883712378,-0.870984164803027,0.310870133689518,0.00111142091639953,-0.369716335635695,0.377863229424106,-0.0679766742627345,0.0161394031071801,1.45870040879474,1.0321835745181,-1.41566245459634,0.386794033551544,1.54669247034958,-0.313816801346245,0.0964798475693338,-0.976410744734094,0.0478762333635118,0.278416129820822,-0.63237807170908,-0.00337829166991492,0.671453794330778,0.411520680702943,0.321048449741121,-0.64789300401003,0.341006164854969,0.414836963205365,-0.552580260999317,0.465452358101274,1.21583786152395,-1.55392641908071,-1.00381057654305
"6070",2.0117975018269,1.64413579747721,2.36874086150236,0.309322102049628,-2.66009145401313,0.612977222473329,-0.162147306083842,-0.554155937543028,-0.230738270467255,-0.857105101417884,0.0574063001784401,-0.252624393160058,0.889971831526952,-1.12597076040322,0.122574603546367,-0.756993909608221,0.622193536266198,-0.186252166423647,0.163598923714285,0.126476790713834,0.817468671475274,-1.54000363976585,-0.548111959177841,0.953021325095318,-0.757528744127348,0.0840416223074189,-0.338276564458732,-0.902582242378727,-0.177400094137067,-0.460818533261571,0.100837065855648,-0.55308734053335,-0.117485139524842,0.704316227949579,0.44566673578091,1.00220028331091
"6071",1.67572505497378,-0.453618310682895,-2.56780902353508,0.759769025383292,0.398261969189924,0.0199871554305636,-1.19416180582346,-0.165005857736086,-1.13789248367651,0.724517836845958,-0.153363784096974,-0.405171838331927,1.94793298146254,0.399638093611712,-0.551731748365777,0.527827452838805,0.244675288711771,-0.53357101908516,1.12410252452732,0.397428488803008,0.529028835210999,-0.130463575104215,1.49202367244527,-0.132583410275911,0.30133050386749,-0.796395079389055,-0.603879662298701,-0.0886163894223848,-0.316658877903685,-0.0110725552545864,-0.211120147346896,-0.372047013223223,0.144929950550249,0.567723342506162,-1.25733011235142,0.764270862312993
"6072",0.240305168074969,-0.756796027304845,0.182942040041551,0.713247170029998,-1.89811702483457,0.229368010322533,0.395580529850723,-1.45363502532327,-1.96779639281302,-0.906462187495486,-0.761140431147514,0.0533561050673697,0.00907633364542638,-0.699385460051168,1.07029933001955,0.449794898473076,0.86349520500269,-0.176839505517402,0.592822135595403,-0.0199861138186978,0.610441178084697,0.651349275049072,0.628125343562794,1.43518723341124,-0.41341116127252,-1.54723700147387,-1.02155617361276,-0.827744529781279,1.03461993319945,0.496691847061135,0.9054950440411,0.495216425674473,-0.0530187947925386,-0.589961383709536,-0.105470898542855,-1.26127664150084
"6073",0.412528378726689,-0.246389842801719,0.262924653615573,0.0836094359496468,-0.291598626353252,-1.10226413611026,1.84779519619263,-1.06544217676255,1.30049570856014,0.452166425228478,0.689847654114093,-1.14648340267832,-0.0548989883948663,-0.065044147652274,0.397013481014272,-0.0350190269860901,-0.991317781610406,-1.06170791620399,1.25359759581654,-0.21160275209896,0.91714051399622,-0.289696028459302,-0.297022775371665,-0.0159242982338745,0.0452717183284058,0.255370114257063,1.10295016783626,1.13707434959208,-0.190820926850138,-1.09308686399717,0.0926587155773064,0.308844422003073,0.861310726106627,0.657800573442617,0.20286791699343,-0.252782957881896
"6074",-0.0333329488498868,-0.392377269949843,0.719584150351791,0.202608641254842,1.45461335269924,0.737296192484867,0.556674986170993,-0.234139691082892,-0.51293586604803,-0.545112351664889,0.189063787874253,-0.791793433435602,-0.845049255076463,-1.24978644099298,-0.389487057132298,0.620049655113962,-0.0750870338278267,1.0391829770153,-0.211773913131853,1.35949464455974,0.255037529843568,0.743116923530971,0.778405311349803,-0.680217469056823,-0.674961011624765,-0.618457182365554,0.246242028183427,0.593853902830577,0.327795377773193,0.18562195756095,1.06789043868038,0.240019514729207,0.401310886875609,0.859949461214497,-0.757617320347714,-0.65440760452189
"6075",-1.06355676373163,2.88062970419602,-1.78799650889339,-0.742197466651823,-0.0353510304659113,0.932150118235326,0.261142903053179,-0.355739113510645,0.89486589347125,0.201309045929405,-0.428868471390563,0.134127728080873,-0.539878242735379,0.529827551759802,1.63729696675719,0.541154400016962,0.138128830592338,0.024370153058537,-1.98372628701118,-0.35425293050159,0.985245184158191,0.121810788954846,0.0876034214993752,0.0426768628167809,0.263503835026024,-1.59897117215669,-0.0960018267874096,0.861292709271833,0.173129825704318,-0.648791866760501,-0.901417575175162,-0.0140760027219511,0.353128404073156,0.160164540191721,-0.557792132905788,-0.472077581391408
"6076",-3.14214311686467,-3.66739148468345,-0.00848852182115862,1.51561837767967,-2.42687091581748,0.665150850567407,-2.00871228672687,0.448534113173748,3.26100180601902,-1.10166748468391,0.114816967884569,1.6663196498969,2.12911684220422,-0.895784012266339,-2.08030048675975,-2.06299381411888,3.81847884198464,-0.788056166042084,-2.1165420669461,2.43662128795204,1.48731737030553,-3.60409963465742,-0.316454325769966,-3.37947411049649,2.58249940513855,1.4186944943059,0.635351816633394,-2.51013211409387,-3.05130625930419,-2.08761325887963,-0.0999014800897471,2.00733266790611,1.747922219465,-0.824722104507411,1.19687482215558,0.890680777371929
"6077",-1.20651334458265,0.348026262872996,0.2423799902797,0.204874287742627,-0.280886943046573,1.60239103239371,1.59639558766844,-0.939566575532825,0.603765701307978,-0.59339296435724,-0.913694283205582,-0.134722544581512,-2.20158946814151,1.20654642302758,-1.69477049885819,1.09175374933839,-0.12624641981009,0.195972498782516,0.596796765981294,-1.11312771491872,-0.569411566637733,-0.0590596816473322,-0.261664216583072,-0.805556747739033,0.416514755741847,0.815275458687822,-1.76513516892982,-0.118837196886079,0.34728586324395,1.03395983190469,0.50633519896211,-0.889276310756322,-0.932588372582782,-0.419418751397327,-1.01389144322636,0.916907614901058
"6078",-0.841732393205464,1.80265226440602,-1.90669549821679,-0.741909657068055,-0.329891442773268,0.625894407657513,0.197371421934609,-0.815299536732172,0.798900449410876,0.87464378455412,-0.68437583670423,0.376072948191717,-0.561664324770316,-0.964968162769286,1.62545879934726,-0.242921402964462,-0.666138457159408,0.995067372689234,-0.509071696836976,-0.644528623283871,0.0646126011750829,0.314431143649219,0.433986509205223,0.305905226198946,0.0669704681947009,-0.543304869711919,-0.288220789735411,1.12010826814524,-0.846569127009728,-1.09600137483203,0.111809865082551,0.207544031919786,-0.187195587963823,0.502981424091598,1.34461500382532,0.30308138054017
"6079",0.521601950970845,-0.750026954437569,0.00326294743026955,-0.484310275945421,-1.32406976948801,-0.34038952300345,1.66915813471996,-1.40529082437133,-0.427418226619111,0.605202352396594,-0.392124893305683,-0.867353249167742,2.22112590574024,-0.153846992268151,0.663955892803269,0.692596313098642,-1.26972625477693,0.701643860606081,-1.3162406579105,1.10699051339163,-1.05183193203172,0.385826030515245,-0.8709665332351,0.324332887343292,0.586834139343046,0.43945696547269,-0.275011149921017,0.22621243265081,-0.309764225350022,0.937886283913865,-0.362818691859877,-0.273201761158139,0.695178996218615,-1.41108924241397,0.375390523460972,0.166573381188814
"6080",2.61974012038262,1.92994196824127,1.81879477349756,-0.261539535141526,-2.30268392743888,0.707069408180352,0.467477849150953,-0.30317738615833,-0.489285181151202,-0.594377019052018,-0.0533822791797474,-0.408280758620418,0.636105634389797,-1.31588961965303,0.141894104940533,-0.529512019910295,0.260214563322986,0.43690307608868,0.153135936761799,-0.645357403367142,0.208184238543044,-0.714624413429853,-0.228883735796541,1.48204769071225,-1.83079224098047,0.226284565670679,-0.131064066902677,-0.0761980754967026,0.212142589781367,-0.534645987816496,0.325015694642343,-0.888402293724678,-0.42033030410361,0.659598353220857,0.357507592156309,0.514218557160163
"6081",-0.569010698318665,0.671595722292951,-0.896516743954393,1.09207377890403,0.579550075650779,-1.903714848683,-1.4717266499922,-0.289354033713602,-0.523716027876518,-1.571455025258,0.438587972104772,1.04399002192402,-0.38847461715236,-0.590385776725377,0.0219401233136601,-0.96899688630364,-1.37397927122663,0.337102091208027,0.133967250229924,-1.0930897267761,0.0824946505111721,0.763947494459963,1.00953131345661,0.885204384007709,0.558638548849724,0.997290357424563,-0.552597502947145,-0.45867071066077,1.08663123633549,0.874405060810502,-0.148515392835286,-0.138181221922337,1.10565714348071,-0.0175096152532508,1.1510945623812,-0.238055055205295
"6082",0.587447328253296,1.1461041197761,-1.14311777404723,-0.182113732520262,-1.12623440444918,-1.52493742374541,-0.488108596463544,-2.08459166745825,-0.816036748229852,-0.11868414679148,0.0732912150113438,1.49221655501635,0.621978348216196,-0.440841625659415,-0.224201841659384,-1.26884404147704,0.00252805540623629,1.22486782251611,1.18805875343749,1.5602600032597,1.23426895271319,0.846706590154763,0.5719732698893,-0.227585518354735,-0.595639807974773,-0.503780306519385,-0.632400094278693,0.274017303569499,0.61553204452109,0.76145461331461,0.836581866476055,-0.189954035465972,-0.215035091435306,0.033651437667604,0.0926974315298935,0.086931716991407
"6083",1.92454241307916,0.191840228796924,-0.0215613834295074,0.76169828124947,0.182813718097321,-0.263344547567967,-0.752682606294399,-0.461043294139581,-0.86078105389933,-0.641713051894206,-0.0238362975381816,-0.599977367967839,-1.38683343040085,0.290473966126259,0.649466307133457,-1.43660810885725,0.0977569651258669,1.28516452992033,-0.521759625150471,0.0961669766008917,-1.18883153219624,-0.479217836450845,-0.659506971664982,-0.144296360276408,1.5809872061502,1.11376571086937,0.422005282071971,0.306488816114902,-0.0088904923272714,0.505526884183116,1.10372132690864,-0.763407907136069,0.879491125495627,1.37515507021588,-1.52703082208722,-0.667175200113133
"6084",-3.74058577138673,-0.67391859376418,0.457713242260516,-0.0681401670065487,-0.197009888006865,1.5588745517638,-0.862361433132235,0.0774426012109831,0.100956004033109,0.221289118134567,0.348513252687744,0.0613439245571173,0.897570468560355,-1.77743461215288,0.862040625606073,0.315119584505378,0.24944095665363,-0.288209021693541,1.57401644012645,-1.15645865966326,-1.81617599283174,1.19594665572882,0.00558456831706891,1.52301461898897,-0.238720692441956,-0.457830777007592,0.527636905305256,-0.308464537399124,0.927502582721537,0.50020832111693,-0.35353023590899,-0.596702364729833,-0.447056618170597,0.613377394487791,-0.411468942130943,-1.59506955710797
"6085",-2.09381768601962,-0.958501314006306,1.69109168140249,-0.976996494345701,0.597918884933653,-0.34822277366053,0.797864385975592,1.02266764976883,-0.244018343676706,1.61486791761481,0.156372559112992,1.19629536618918,-0.55212377792882,1.42689167045739,0.449986132881385,1.09020070500754,-1.27881180281276,-0.986859741866719,-0.0758782161763258,-0.968363806539766,0.837959678148954,0.155016759210865,-0.775115100988513,-1.23512576356811,-0.178528404490636,1.8502519869848,0.324116670943922,-0.705717308344226,-0.7318140539625,-0.771843586887512,0.124048423519596,0.605892073516888,0.833194195729721,0.265031187974238,-0.611424616100811,0.384086008010167
"6086",-0.446727557745832,-0.0498730117760426,0.19693697319513,-1.91745262015384,1.99427773088727,-0.105018118626481,0.510068792440999,0.36725604952338,-1.79208115861759,0.428704059715133,1.35077995447502,-0.147114752008594,-0.488112648837104,-0.875470072650139,-1.12519734513719,-1.24890855398751,1.59972905105844,-0.470374520387711,-1.13478130773578,-0.410852525752447,0.304554923460427,0.0312981694744374,-0.42819766699136,0.381814955072376,-0.759839907264939,1.01955434625572,-1.76101056912703,1.19111799465116,-0.320650987387658,0.177946856650658,-1.01653658267496,1.17100895077897,0.0827160632710608,-0.542801171057793,0.348597496501616,0.48069606256983
"6087",0.967345341432826,-0.0870747031142698,-0.817805526813662,1.17185723146619,-0.452748427625396,0.377552123288061,-0.820505214528016,0.962521700959744,-1.4876333393162,0.61113468284328,-0.442142885148803,-0.789282369376536,1.06333509605013,0.176168458743683,-0.73412099020509,1.51102823098584,-0.845119946583375,-0.547914837747799,0.390759317576997,-1.04327548689474,1.25279439207863,-1.48245953846125,0.478178589188212,-0.836344062454063,0.574793585715893,-0.200418903783018,-0.560791319039594,-0.754640255533875,0.0627907352889832,0.343140700621356,-0.75159958703827,-0.0870277946097785,0.163446895558538,-0.0335347843588391,0.295289008891299,-0.065934569522493
"6088",2.2457976190759,-0.141164472948021,0.135962280321039,-1.47941310976163,1.16412854269364,0.0124695273947939,-0.224230088068639,0.278508765857,0.477199273995893,0.0488096481939308,-0.686390166686223,0.918256540136057,-0.599940586018581,0.125761837040956,-0.483988388468288,-0.0644898612255709,0.0191633071999541,0.235840390084656,0.499155727987182,0.334653301749904,-0.840789711936392,-0.126975952446241,-0.0253170791350442,0.384829729281682,0.159369350845926,-0.31487897537065,0.151443846621574,-0.0684392964460991,0.0184856860167283,-0.0617083978822952,-0.444955055226691,-0.287231869588672,0.130126249933783,-0.258098241968498,0.283542616396458,-0.510536092991662
"6089",-0.891854685704246,2.68115594771081,0.455111095542103,-2.41399079690289,0.0363625443052179,-0.707195454825479,-1.06225686834435,0.157311561232305,-1.10744787507531,-0.793908398309556,-0.900311607945582,-1.67317558939745,-0.327980941547642,0.282357143667556,0.119663438138792,0.293435016402606,0.158683826733464,-1.36239171651661,-0.0707116278762201,-0.442624876040548,-0.71113740946507,-0.0206576175394687,-1.54005762673024,0.0224228156378717,0.619501647474858,-0.965413252434875,-0.0510209648266863,-1.68517288580241,0.476673861421322,-0.206244936007954,-1.40461662425532,-0.999021283044142,-0.569667825630659,-1.35718168324376,-0.578432599353778,0.327453206735656
"6090",0.682022419947701,-0.401996692673586,-1.12205772284862,0.67748762185147,0.147120282810605,0.387562817036818,-0.865245942771407,1.83411778401261,-0.860603700065085,0.616405787281521,-0.978745460771874,-0.741278653299077,1.65752290586438,0.517752748285293,-1.26162749333638,0.852798244349492,-1.042150122144,-0.313784622010187,0.321437150081503,-1.066133872062,0.962418196629359,-1.14938199383482,0.577330262996655,-0.494656339118726,-0.894119049679967,0.471085959253525,-0.044406881134701,-0.528776592792023,-0.676598912174897,0.0135459055312585,-0.925759635673721,0.40343886251426,0.0424410819570978,-0.15069156802494,0.624160639722556,-0.962524580809231
"6091",-1.05698029101924,1.01581718771458,0.858949678511274,1.42101314426707,-1.40133893108616,-1.40667617178831,0.0203542832704259,-1.14508930205518,-0.045268775308684,1.31524218802394,-0.329287454197657,1.64464108447779,-0.194034300284782,-0.0882967724771241,-0.657641868141036,-0.410294520602961,-1.40108390813125,-0.17375650690214,0.227927715473282,-0.790722081879072,1.15333855648576,1.2920458733847,-0.417126135229902,-1.02274410360923,-0.399588216861653,0.433421339370367,-0.879888597514584,-0.0611470523301722,0.286184709568933,0.36919894907648,0.0904391773299701,-0.114752523283849,0.550066952731076,0.667793269448784,-0.0688288324240024,0.526317781537412
"6092",2.00009576178002,1.71775881863518,2.34660024638786,-0.409518993564841,-2.29898478424242,0.633937051314081,0.556316135914591,-0.265712607797311,-0.288227295856887,-0.412893396943885,0.334608598660725,0.0923187682075412,0.943937922017999,-0.985841266709175,0.253005682105829,-0.443863705793229,0.354439797950031,0.392115937186438,0.305080147154263,-0.288450542507054,0.71087999027664,-1.34946831519548,-0.172435795874421,0.960142166391756,-1.47026801231263,0.22794854406761,-0.0264794056077738,-0.567610649977537,0.0600639350543455,-0.499021211261641,0.159744970697652,-0.518678488528089,-0.078816490333424,0.579443757444919,0.240469088092945,0.605399138871174
"6093",-0.594124377777698,-0.109916588717713,0.618612788783251,-1.78728281732376,1.62387955199325,-0.957297382696303,0.85097192952317,1.29019444176211,-0.963907110562458,1.27451095625878,0.769064807608527,-0.877941277435363,-0.720542004835785,-0.0451705680660904,-1.30069981163492,-1.07184198916261,3.15870103806527,-0.45317102782078,-1.28559751741615,0.0523349997602492,0.104875284107032,-0.828911794041289,-0.643327891343341,0.637047186048615,-0.889659569684557,0.983040832783418,-1.21516191644158,2.98325923606175,0.436774679007552,1.00071410310908,-1.07877804255324,0.873676902872989,-0.180771945268892,0.139058651759692,1.33136711431492,-0.275294828195643
"6094",-1.36473987690419,1.19320176011143,-0.152730734771607,-1.23424241698363,-0.454985420917298,-0.313891564914523,0.268236515509911,0.539510947999269,-0.511027963790861,0.825140149855103,0.341251099523539,-0.347049375523363,0.795910694653963,-0.174716161136115,0.712791705163612,0.175491139304516,0.876064430136029,0.167875862791555,1.46240990117857,-0.239128706104177,-1.15287860581533,1.01136336388094,-0.477814614329533,-0.302408947914877,0.0893673229637364,0.330570836737676,0.403407003047262,-0.757390482038845,-0.383881435402401,-0.140579003623823,0.895204979891917,0.354403545000562,-0.437340796099643,0.11961194821461,0.983721838151974,0.444901421009385
"6095",-1.05040090325148,2.31331461306305,-0.440439646231235,0.22896166317269,-0.295302224341917,-0.649315875184806,-0.592178241128064,-0.216157276729005,-0.71058616990027,-1.01509732647851,-0.131452873567493,1.10143304608602,0.263650566622345,0.570179212621096,-0.234581714287074,-0.67396175812134,-1.0414274684864,-0.0500615406807886,0.00191474133142416,0.717266295202782,1.48975771447756,0.19297061754277,-0.594578820109747,-0.999568499067621,-0.431045798516991,-0.777138787525167,0.144325117725347,0.372017930901319,1.02736418147448,0.410474778160536,-1.46084528326781,-0.00513539100672367,0.366664558380994,-0.87180581091041,-1.25614709409252,-0.674429869685907
"6096",-1.2633491305248,-0.273368662761764,0.467223741155561,2.77096639740727,2.06896171955389,-0.269240773795659,-0.922932304922188,0.771990375892867,0.0596623098594706,-1.71182335342525,0.248247202145124,-1.0520926805105,-0.720584269432112,-2.14165050873354,0.528995993833348,0.660585576488089,-0.458508135471041,0.873972878237549,-0.237441260821794,-0.734812133359319,-0.904405963671627,0.539146509204523,0.06825049569819,0.265660322124558,-0.103211414644694,-0.175081254102867,-1.24497863946891,-1.13693557097491,0.221076713311643,0.0331734556192133,-0.430348456542659,0.0887814691878657,1.62744812357273,0.79878359351981,0.977384463107542,0.100557962631782
"6097",1.29803559966272,-0.0841873792971742,-1.30178501134566,1.55488786184024,-0.608529675755205,0.444176868628733,-0.527844133887732,1.27174867615009,-1.33056523061328,0.900485981687604,-0.320513206512229,-0.790804559436809,1.1107467781481,0.333817218616924,-0.76891956731677,1.34117651182023,-0.676429130807408,-0.430670630639663,0.486080562786173,-0.957142448299493,1.18492809625095,-0.778444664692632,0.750992907728858,-0.472528988465797,0.452494015054154,-0.411998276064774,-0.513909279760905,-0.259031081049685,0.0707639130482832,0.167449227218499,-0.59735517452443,-0.0938812417325713,0.0472154075420269,-0.0642948921964443,0.341119408128072,0.174563288608601
"6098",0.546636918700092,2.86721926300346,-1.50157870849678,-0.419413610630017,0.724043657568619,0.679944787543254,-0.224964512904787,-0.975758354729139,0.328088105522346,0.236641658828361,-1.38215956350459,0.387280582930857,-0.531500319916328,-0.977681323249755,1.48831939955806,-0.256821972244716,-0.781416285726433,0.622196584806675,-0.741442872596923,-0.255383819076351,-0.103257219476186,0.0463355497244224,-0.248673460722303,0.578358120956572,-0.287933745237963,0.694242052274243,0.266801680862551,1.40700801296858,-0.302030016079752,0.0905380100669901,1.22914945821568,1.11367759020516,-0.216558483335018,0.47103800920539,1.77732607114467,-0.592773565548162
"6099",-2.11812862295765,-1.0676244000315,2.30296793412974,0.48046399011613,0.386366591020876,-0.839093091399376,1.48996548502692,-0.672883686964852,1.77748660770921,0.701340642236059,-2.18211367283229,-2.13571577952758,-0.673005664148605,-0.883544247476175,-0.473818997931779,-0.14938592300775,0.713032088077629,0.246164566836357,-0.521793473362231,-1.78977250899362,1.36074435174697,-0.217526560268822,-0.156048248519279,-0.807430442615677,-0.602413180891489,-0.23483299132032,0.264396029427658,0.510061014563718,0.30971482224341,0.137060648268914,-0.273641543927815,-1.45400172366815,-0.125313726055171,0.628239272611115,-0.833710817231979,1.35453349567397
"6100",1.66165632723602,-0.528914123080572,-1.55526649328233,1.59044569149353,2.01963278556351,-1.27792579783588,0.602282687455379,0.331274270026032,1.11287278625763,-1.31994960602997,0.213835496437738,-0.464882692654131,-0.110932472797318,-0.700665357191938,0.779772609232908,-0.637695613353989,0.949261178592099,0.307268607042665,0.175241772730257,-0.514887037754095,0.5418657206152,0.568161744795579,-0.108112963169116,0.774656022658177,0.278635852308624,0.225174606686814,0.104945256172036,-0.319393534501588,0.983069953046695,0.344695975813279,0.458603714476284,-0.873851491078368,-0.147005846303678,-0.969450434614933,0.485562431447492,0.471695710450102
"6101",2.36082690490716,-0.521442342889951,0.482022211586662,-1.30846977288789,-0.175259410424767,0.50934014338821,-0.358811351417589,0.387497549335818,0.54636697677106,-0.175329543338102,-0.639842803465804,0.508056941459037,-0.600555832297979,0.390529572183347,-0.334456535302672,0.693741325452129,0.51409631569994,0.612295723524905,-0.128765809770691,0.205405367622427,0.440235272953181,0.195764376183736,0.397849819358222,0.379147611448642,-0.640862715845521,-0.221137433382411,-0.00222285935309344,-1.00992106879783,0.181641011439446,0.588336056513304,0.0745911854024443,0.41701369620276,0.108334863994282,-0.636343922505032,1.08747176294006,-0.674484462992602
"6102",-0.0839028804171846,-0.635779960506431,-1.74564962264513,-2.5953672442105,-1.03470806105989,-1.00562829714499,-1.81364954467298,-1.20637029566686,-0.518907287357659,-0.949981692447475,-0.315157605828135,0.399011346206234,-0.484319259337877,-0.151396919405891,-0.698053270094825,-1.27200397314932,-1.24718225161383,0.199971592873917,0.378484080667495,0.361256764524222,0.137168824834747,0.637587510323748,0.46325042817177,-0.46619497585343,-0.873310863699079,-0.310361173627039,0.246320496484294,1.36228345906354,0.267584609614807,-0.0217852480107714,-0.0558479834311623,-0.387086128492881,-0.632477960988873,-0.523870686654151,-0.155403792255352,-0.0853889364245113
"6103",2.39264127346243,0.0148901994129335,0.156580226189624,-1.36118634842736,1.41304593617937,0.0624611497454008,-0.185073563022583,0.240663789413232,0.368361671946121,-0.026290188129824,-0.626172593877833,1.17822159395772,-0.366684601994436,0.282050973785625,-0.440141408179702,-0.0126644763069681,0.0487900263805478,0.33049239349559,0.452041559890382,0.364226748950755,-0.836237959479838,-0.0529047186601138,-0.00892693767284591,0.288744474541076,-0.149858940566207,-0.218387441438638,0.204268987827419,-0.129517007519805,0.0116246321962595,0.0346099759916743,-0.270046883627465,-0.150377788790638,0.0306015423114305,-0.372546531754893,0.284512029498411,-0.662553633970569
"6104",0.498760871521034,0.407650056887757,0.0731379352887604,-0.592096616272165,-0.224806824113246,0.227470666836696,0.464365930086185,-0.320537185148433,0.804300428566555,0.107764854815747,-0.393334062036267,1.14524652651904,1.44322648667632,-1.99669640278243,0.230295950082326,-0.780583437053372,0.746685204050631,-0.475559350818425,0.429646412075238,-0.142992979504011,-1.31563797814457,-0.0558154875280942,1.31812041429449,-1.84714580044844,-0.057137798867237,0.459817287790912,-0.719837597067271,0.252725915618848,-0.312707633040633,-1.16290195916793,-0.391077603546909,-0.0722015619786865,0.103307239397669,-1.01947318534386,-0.164161080920321,-0.65888901844277
"6105",-0.764666938834079,2.43437669315033,-0.664979214802024,-0.878801617724036,0.175997859184198,0.154065546758742,0.383724751029304,1.37216764871449,-0.357469512704939,0.0435447845356294,0.150346231174761,-0.770655018320582,0.626897248843385,1.06777667834045,0.0776556929138529,-0.161432687080401,0.877518812278319,-1.17658177639973,-0.126976876924706,0.0852653826044817,-0.620184596848073,1.48424683230959,-0.729964341054337,0.341181308038518,0.166233617155161,-0.361378081153644,0.808381003300206,-1.01036262130825,0.233599754709976,0.0459603639913939,0.436210294801526,0.893216947969858,0.478743229709083,-0.430929469523228,-0.816855342998951,0.164317135464374
"6106",-2.80973728117427,-1.21570552126605,1.68221633094122,-2.69844998703215,2.19801514239735,0.585033766504618,-2.12850264134912,0.142449331907273,0.240953277590548,-0.191809741874266,0.504908162278077,0.648967303082683,1.58434961722673,0.475008543219246,-0.469900819602506,-1.63206206417696,-1.96076058459649,0.732861249887642,-0.168914696357896,-1.19272011145536,-0.0238125156770008,-0.944583305977809,-0.27181532113498,1.7082320830476,0.513371470191187,-2.40978607165195,-1.75574045094182,0.196798674580176,0.633375834078934,0.440436116413218,1.53463586756575,-0.28357068286285,0.750727386946789,-0.641685652905909,-0.0882586543273035,4.38658971622041
"6107",2.66497982968101,0.612166533366683,1.20139462525707,-1.0854863990316,-2.3743440867253,1.12149510109603,0.453807178411423,0.20690067213522,-0.307811394926169,-0.224076812043369,1.35357589274728,0.274373928642338,-0.358503512705918,-0.675311709014967,-0.143315754890175,-0.242325053918105,-0.340000060945016,-0.530257894274255,-0.706196042016862,-0.819066274375969,-0.0184162018927972,-1.52162771698873,-0.645233158513786,0.906281227918106,-0.645223658106215,0.065767591160328,0.342166109575988,0.0754169944853396,0.553139533323198,-0.771595770642249,0.506083562569343,-1.16396989387949,-0.239421598866392,0.562974478540361,-0.229166200348239,0.806107575288028
"6108",2.30179210564339,-0.572821939238646,0.483247604900394,-1.28617177964578,-0.419558858727881,0.442628946761584,0.0521174243993902,0.545349837967223,0.610163492129908,0.139254533206577,-0.418475551986872,0.461074217526204,-0.616744025076753,0.599987632823204,-0.312180335446747,0.735932796064503,0.56579767706204,0.475138380265296,-0.264183137214813,-0.154950510358534,0.208462774387878,0.282031428626352,0.568656050272231,0.359225728092333,-0.588205543787905,-0.747704011105474,-0.313848116679139,-0.822692746834022,0.358450763080631,0.623291117822977,0.139440831154234,0.182449806478128,0.118009369721013,-0.381562117482206,1.07090913323216,-0.689463869616992
"6109",2.98316829556694,-0.496781931392398,0.0725930458032276,-1.38779921199559,-0.374854569955534,0.36730985451124,-0.392282642200192,0.834748663760545,0.657435503270156,-0.138709030365154,-0.905254794745102,0.327677341892058,-0.518161850720827,0.800173291472759,-0.382076599019832,0.229219388927698,0.204135786362163,0.0195722660904398,-0.000329046382388135,0.154001104688423,-0.0161463931314815,0.660540066486955,0.42118731997135,0.478629846993215,-1.03443983958316,-0.562584206066682,-0.104572039438932,-0.682994602901907,-0.117434003983757,0.338295490567807,-0.00176715396921225,0.854605561028398,-0.0732595363672044,-1.05492626729138,1.34243371795567,-0.496551179897908
"6110",-0.149591627141117,-1.4191102099644,0.449852780755926,-0.526725781816894,0.290153595766437,-0.329134437125298,1.66308108808118,-1.58214772608996,0.552231208106298,-0.26197458003334,-0.306043332939234,-0.596888033110371,0.678782627373265,-0.976224806793922,-0.219660005980732,-1.41206972299229,-0.538869408917343,0.495910299239698,0.437650568563627,-1.67081471517093,0.677278340176354,-0.39805100940853,-0.338790945514102,0.154463317617901,1.0256279281058,-0.67969751508782,1.28726846839804,-0.650487565602171,-1.39047383351111,0.794930879705705,-1.39477140241889,1.83125862295983,-1.66596953511435,1.04340748413932,-0.376779377463355,0.653008310598671
"6111",-0.733513505690276,0.418528267446252,0.57687032281461,1.72967383937189,1.76474999758759,0.0676140532754486,-1.19111410456355,1.44082268759976,0.493687179475075,1.1423566015631,0.410082042061807,-0.709173007092023,0.320597276812896,-1.81160259212898,-0.926438767359172,0.72060663326536,-1.41544861767667,0.844667215564628,0.460318495365717,0.120400207257278,-0.369343162191843,-0.652776527472619,-0.221515432374062,-0.210106891624096,-0.424798766059198,-0.371821590566275,-0.604744892593628,0.223525847687727,-0.714087892376419,-0.0380693284811249,0.499852291347086,1.28370732398391,-0.00493059886337582,-0.631035139455874,-1.19282703839337,-0.678217729255302
"6112",2.06900386721686,-0.909058069597958,-0.583370591468846,-0.0151646926665118,0.466787208941634,1.28925325960084,1.48981985747286,0.567598173532319,0.508226901515742,-0.848415157114171,0.081368522457683,-0.666113909155605,-0.682243479680943,-0.394298386658337,0.034235871164636,-0.649510273243645,-1.305317960075,-1.052013105249,-0.27948840186103,0.229859954500009,2.11190836224663,1.14910150537571,0.0155372526015574,-0.636310664506291,-0.793454362018699,0.594279598919006,0.864351700526707,-0.866568380532597,0.203046317053323,0.455400632612607,1.26317575132679,0.341647461385214,-1.18233273199645,-1.29621008135846,-0.273989245912021,-0.903215765970555
"6113",0.172337795877933,-0.847448282270904,-1.01258241724067,-2.10842095943888,0.205543033325877,-0.465994922179149,-0.493989743419481,0.141713851575171,-1.08137581732159,-0.720312022842754,-0.474761831579904,-0.243236481455599,0.130577833298889,0.899265574153145,0.511864514598022,-0.269773482318738,0.393834085369393,-0.323245946053688,0.506102542638746,0.932097643074406,0.0874497494393153,0.514287858699782,-0.17712564204138,-0.113898122730429,-0.272020347707101,0.48565072173447,0.18658855096988,0.375211868565064,-0.825336532602049,-0.726149344925864,0.928639529586236,0.464930145651675,-0.401703423498921,-0.232624679176263,0.0583378701865041,-0.0435926712158843
"6114",-1.14125529713134,2.37198144097215,-0.174272429652992,-1.67637822951265,-0.12767192127536,-0.322394373992681,0.584424432013624,0.973676352122532,-0.690019628262266,0.127401234127853,0.0804048325229338,-0.984552847216353,0.0397255843756535,0.902224390899627,0.328623684665487,0.458982145739806,0.957588450716148,-1.03485157796818,0.0102952125156473,-0.00106728428710551,-0.387815900803039,0.71833948742768,-0.643463293299345,-0.176439179060938,0.452706680781259,-0.36222283803765,0.816120704171307,-1.30927020313186,0.392256905193294,-0.110864106989115,-0.397028066039011,0.151855242338588,0.287302518064195,-0.489916698954767,-0.96960620472778,-0.250465060373987
"6115",0.154269765937546,0.582030729503288,-0.301711395354682,2.52981300217917,1.46587800602864,-0.215074942065386,-1.25731252128293,1.30006181813722,0.128592930599436,0.903422671545156,0.221075896994983,-0.504367932202895,0.459266296663601,-1.37198771282437,-0.761525454091055,0.549694440362375,-0.878059626545244,1.03100974345724,0.763357563508582,0.851500941222916,-0.235995796638692,0.214483701298802,0.11614380499334,-0.376112612788256,-0.928307303224107,-0.551487880997645,-0.351669641354091,0.345057763115397,-1.35456356875004,-0.858121989548785,0.116760406311634,1.34145403434833,-0.81436176075528,-1.68786595069355,-1.04102282726569,-0.116614647322365
"6116",-1.66997016766873,2.44167681252135,-1.23912283774102,-0.152165907195265,-0.722589686305263,-0.610481045962516,-1.18954389231154,-0.249163406788884,0.468778289192023,-0.338561242372577,0.306750445967409,0.540477234895624,0.467279519381878,0.219858095767718,-1.43775255028142,-1.3293745837335,0.450294535510766,-0.305130513269588,-0.702723041517378,0.703236235959301,0.0277384142052755,0.454689082665149,-0.562650777951593,-0.470741750107536,-0.529243230367999,-0.247553442015121,1.34131635878767,-0.946943741122401,0.843378846582569,1.02831280648233,-0.330632597256814,0.253580827710429,0.383252664152241,-0.317334575628646,-0.755851281733557,-0.314131264670697
"6117",-0.971207707330833,-2.1880955653342,0.153122714031511,-0.87070766867266,0.22940752429252,1.38509401644298,0.90406615772207,-0.462716373105573,0.37189185801304,0.533453967767531,0.852506306500422,-0.244912151036181,2.38225527692707,0.40508259819995,0.0621511343988582,0.402183303103843,-2.31242710499749,1.00002984035722,-2.35216965827055,0.361484636743267,-1.06897233509955,0.735083287510449,-0.0241996336429983,1.1111294549145,0.812867517158653,0.447296604001366,0.806237262524938,1.38194268658318,0.338163183908063,1.34691453899142,0.74846042004926,0.243519720764026,1.29458456570422,-1.55469036312681,-0.408702613139656,1.84452124735245
"6118",-0.783205000438945,3.34062069295302,0.35666694536455,2.20585489534743,1.80839313791276,0.424508542007999,0.976089858974378,-1.3875447011669,0.038916013846388,0.836391256870092,0.407094627566285,3.2418337022882,2.23457673296095,2.27289034349874,2.10308673063223,-0.237751732812638,0.239442040311985,1.3993136987272,-0.785552862567365,0.953186726748961,1.98465884184447,1.6641048102628,3.41307868427725,-0.450582132273626,-2.08722588673659,-1.66290358339522,-0.896935275400767,-0.572456874260587,-1.21020282749939,-0.458405103387312,-0.207451945159994,-0.570864738308066,-2.6053745416065,-1.21975233026062,1.23641464511901,-0.251540992762706
"6119",-0.534146849954588,-0.783388133239128,-0.55625561626683,2.25239547578684,-1.52596600814129,0.229728429169303,1.18547941330225,0.589088704960792,-1.40200995610923,-0.122979043169426,-0.223522053180543,1.86031287069126,0.858054691973749,0.0333892546222554,0.879019607704411,0.279519316379774,0.896791738750809,0.978421771301909,1.19472124737482,0.328312880249086,0.655794108694295,0.425929214327811,-0.629743338158484,0.406218876292259,-1.17198268747094,-0.815603528979655,0.224758816940038,-0.0698678051141963,-0.257592966420107,-1.27377225955441,-0.261527795461126,1.06246359714951,-0.591027600309033,-1.98708853435752,0.887024307566707,-1.32817083572609
"6120",0.685167001107178,-0.382947043487313,0.606004365943179,0.64531061535697,0.077545994855791,-0.229192098956853,-1.33101464738387,0.17147283462922,-0.105750665010743,-0.681470379912797,-0.19917712386532,-0.824303934771248,-0.432907062750912,1.35204269143693,0.872364550904366,-1.64971456921978,0.335872588455751,0.902495374660209,-0.354097953146894,0.128589304648063,-1.0810794719306,-0.106589790142074,0.125527989585403,-0.413730838774609,0.742342578897208,0.33710272740815,0.161778229479694,0.562603179042543,-0.527488133924332,0.422544221073835,0.188647136910347,-0.752255301566856,0.314016265848438,1.13567356063081,-1.27059321759643,-0.666272520952018
"6121",-0.162390623985343,-1.08366017843343,-0.03558742650546,-0.701250513571072,-1.08752718298927,-0.0962968629403573,0.911091289561812,-1.75771232362535,-0.389878243292691,0.117570387319807,-0.711479113598742,-1.13089290070129,2.20802198264782,-0.758690048787985,0.570773232782659,0.595331845105874,-1.61346473082615,0.870014173893855,-1.48404459280295,0.876439047510569,-1.14806236655216,0.311149945975049,-1.02036783796469,0.443132418621164,0.0893607341392384,0.738430121138798,-0.512275301842642,-0.449790663445657,-0.679131277758519,0.75434178508923,-0.85793945469446,-0.833200311421875,0.492193132262832,-1.26100337257236,0.259726519709659,-0.0156634673465514
"6122",-0.117452075256639,-0.152627182540703,-0.243693895654331,-2.17592908596668,1.60387457778484,-0.18743965963138,0.66644403367037,0.439526383716851,-1.75455899055681,0.558468259162035,1.54229018816855,-0.00554842043948138,-0.53509759841599,-0.900699329548623,-0.995665364354289,-1.06600921931172,1.5952972123631,-0.699283792491879,-0.895373606811047,-0.199974136053031,0.410474858453455,0.301947336013603,-0.663023910416983,0.122516851836618,-0.773344312666157,1.17352342933986,-1.92807982536123,0.868780695322655,-0.634042628570929,-0.202886614074197,-1.42174764673089,0.892666942227785,-0.159262791970476,-0.477582005607821,0.28040836359212,-0.309057014585586
"6123",-2.86672425238262,-0.241078534795749,-0.0844011826451549,0.104669139419688,-0.112365450292849,0.511372133951309,0.511038483230094,-0.250736174921183,-0.788450117363217,0.205230683412043,-0.00778522846528836,0.608980591945417,0.40160305876767,-1.71444398462982,0.0836281282616013,0.234823630779094,1.1819270299762,0.914164346830863,1.13294003812939,-0.899936155116325,-1.7646236304445,0.269344008005479,-0.15631425335174,1.04158539774115,-0.0773345263022186,0.174743382547857,1.66415749098028,-0.258805247269566,0.505946184785341,-0.444115609200212,0.0473378999848625,-0.275815267164173,-0.268937404533913,-0.0899542099895852,-0.244850877028211,-1.69920884581848
"6124",1.44139683645526,-0.994320336522251,0.663271023769686,-1.02910840753509,-0.507167282716582,0.316470694254115,-0.186034794659914,0.667373778400729,1.11524243805618,0.242942875906595,-0.515119438998644,0.399849222016243,-0.472272653703876,0.628589977687658,-0.513537613199748,0.680015143442174,1.28687648844586,0.845164924932341,-0.339707341444572,0.308011745449066,0.582603605097363,-0.212827800941137,0.487235181178523,0.367587053456148,-0.455177990720572,-0.536582172179381,-0.0646898634227037,-0.797167088962796,0.183142351046313,0.60626646061973,-0.153742366160834,-0.0465776296014779,0.160398502868074,-0.0708372688506261,1.26361464338882,-0.743905527312722
"6125",-0.10544360912944,-0.587384519096631,1.02561288286001,2.05331038768316,-2.64201749683538,-1.38305602663232,-0.85278478521218,0.586632328477783,1.19287126724073,0.918180040675822,-1.15587018382131,-2.25575364395761,-0.485555687919751,1.36086398868549,1.25150652343561,-1.54279485865791,2.60280759897878,1.8550808446886,-0.312954587885134,0.698547318081335,-0.257651042706185,-0.989424241095216,0.221103219202955,0.341464090033641,-0.957539334155606,-0.610803138889377,-1.0019348767583,-0.0944939933848724,-0.135684421233336,1.58259683509044,-0.238095985971046,-1.00010046816414,0.416344079139279,1.93220295884919,0.869049275489883,-0.179390185127535
"6126",0.93554186279575,-0.514071728350002,-0.493802458226001,-0.331964744852905,-1.07622066310761,-1.61499092449438,2.29514670719027,-0.621061870709698,1.68537726145848,1.22015236663254,1.20818532106839,-0.689507491097262,0.138148611690989,0.505824558554566,0.687519146594409,0.325245774383043,-0.647574214723781,-1.68895945304341,1.30852410079746,-0.209069041602598,0.411285851186613,-0.487330889336232,-1.19254986075051,-0.74329714058363,-0.659524377519024,-0.211353705013683,0.298548329152375,0.837892207925394,-0.416554958268037,-1.3254680696806,-0.506219962014742,-0.467716261722778,0.227951419884558,1.04516340722859,0.499471652873754,-1.81763782235801
"6127",-0.130630323764744,-0.780198779331211,-0.368436759902549,-2.12111454928973,-0.0898663536280203,-0.567450724053201,0.18377123175667,0.108490006216504,-1.15334238102363,-0.240032354739513,0.0821743461074578,-0.178698983724897,0.0186594979779827,1.22521635452348,0.732667842051942,0.0849719646941363,0.437867549311504,-0.695797471137431,0.291804292953972,0.442725242448136,0.0123436122467935,0.0768618924715496,0.0862868262194436,-0.438455981555047,0.366786649072947,-0.297768709798721,-0.320951273099404,0.370908008108426,-0.210895275685024,-0.235221268844227,1.17455101205646,0.227880442124965,-0.095896011274484,0.300687427596471,-0.115125107531008,-0.0105949901493644
"6128",-0.00416314790744523,0.074159624053009,0.698566567079584,0.15614989363467,1.45040375177738,0.00437194977198989,1.71184460013542,0.0594233209616214,0.911847303045596,-0.270430489852478,-0.826299718665833,-0.903999480231858,0.573116489498972,-0.842229001793032,0.415282221625954,-1.01658068300104,-0.259410515763606,-0.116000945883123,0.733123109353459,-0.226495884716889,0.735884323166592,-0.34895618818243,-0.494555719141968,-0.865863072024947,-0.923258616490373,-0.536726735941632,0.0413895318226885,0.323592286491085,0.487214767231587,0.765757972798621,0.43726985832887,-0.667085943056407,-0.92093952923137,0.0124486289061147,-0.262556345532559,-0.633168249595747
"6129",1.44267720796231,-1.73073375760437,-0.06362003966372,-1.06448081107068,-0.0370996400565673,0.214820990714268,-1.19230261909446,-1.5325544926955,0.241044308234172,-0.240093460642621,0.201403415070218,1.2986078291776,0.67677355137416,0.946894915996811,0.14169196385552,0.595234582743305,1.18333191259274,1.14163386265074,0.138779756004349,-1.19433372732882,-1.24478342746795,0.346206786407222,0.28959928232975,0.67345694977861,0.684643783485369,-1.34595008218787,1.09506288047033,-0.00822280546102339,-1.26077587814179,0.970153482217807,-1.95978610779407,2.16104602224026,-1.54290989448888,0.882219966328761,0.404480794728105,1.19654983892543
"6130",-1.59869021110107,3.83233258140134,1.90961099847876,1.99169755464878,1.89534251716813,-0.627445882679197,1.60966836844068,-2.69777942352851,-2.45993024757393,-1.83895872457237,-3.07455088127791,-0.208530139751778,0.0949463961662143,1.90754254512041,1.20452128293753,-0.737958684382412,0.285783495387918,1.03677214658421,-2.22744869090344,-0.576856185929585,1.20653616415766,1.32656372112934,6.49323317140667,-0.805263699980833,-2.042117351544,-0.87745426874477,0.694156395418258,-0.434687300682617,-2.14799569317844,-1.25691332143599,-0.830292492208332,-0.13911328412877,-2.64657840226051,-1.58980799509839,1.04457870780314,-0.358815382229999
"6131",0.374335897712937,-0.534564627121776,0.385356590418615,1.35017048136437,0.245824253490831,-0.194691223794555,1.2382130796171,-0.826684409637361,1.47096798503788,0.611737650878359,-1.26836566040219,-0.840080828694803,-0.271943197388171,-1.09770737901295,0.133973511881228,-0.127511726353111,0.209095079903811,-0.603924567497385,0.122989220783996,-0.68593632654882,1.3700168844546,1.12745961527879,-1.45665840032049,-1.06063845441131,-0.852483206256033,0.584325189133412,-0.0451687257577146,-0.442449253968183,-0.152872006101279,-0.00392626473599197,0.576200694363436,-0.503661506740736,-0.296374310679091,0.276005690062781,-1.03522482481737,0.78558297209143
"6132",2.40122894274258,-0.14318974406916,1.48775944014571,-0.778049934344428,0.460621379626553,-0.334629015016318,-0.712717554514466,-0.565806809875599,0.80187306929677,0.763500651258605,-1.29486047311313,0.856167284028773,-0.986658048206469,0.797555049855072,-0.368516465325261,1.45590422740645,0.581423779875902,-0.48445907512164,-0.11247158248736,-0.51888233290958,-0.0538139280233563,1.03080990314066,-0.413647236431018,-0.199736634630552,0.111078988439453,0.291377842678824,0.0319162577771415,-0.0869285129621804,0.208121298084221,0.161672772990838,-0.272615892828932,-0.0121294930193314,0.382393776365168,-0.243677383864773,-0.307609405063593,0.511541829076235
"6133",-0.340183788981536,-1.33557709555637,-0.948974317807948,-3.49237449815886,-0.125459472810474,-0.213720543199892,-0.554365960142159,0.228191987004307,-0.554844753848593,0.464787282301441,0.983807202247173,0.687672471753369,0.0995647916952385,0.67718902820448,1.51705884464721,0.554554996665057,-0.501779482281744,-0.320387480187297,1.45270514961088,0.893359140886963,0.379610477576087,-0.0671155150551954,-0.774521770030915,-0.549620169550178,-0.0697957118105963,-0.0772524704372495,-0.491613189183282,-0.171147070529942,-0.189387850092606,-0.542612578718414,0.230797021804122,0.00758248493419491,-0.0881295032695023,-0.318989190145089,-0.462276625946342,0.416031164822994
"6134",2.26497511854064,0.94155419474839,1.45441977535009,2.65347351300422,-1.27183311317665,0.0176026451671137,0.0798380818757757,1.04827979167207,-1.02237835932517,0.142228201519552,1.15471065975975,0.592034182747298,-1.00668180941566,1.94898189591743,1.41116995677835,-0.271393391474865,-0.160700641043931,1.23422383460801,-0.0742535985760737,0.212479901696814,0.770098062771927,-0.120996730312472,-0.608551576539302,-1.26511155886812,2.16329542149755,0.0123932423524973,0.140093598939532,0.153489496721621,0.287417899077484,0.338504306571841,0.198247812871005,-0.255711447202005,-0.140209303970782,-0.898886975908301,0.00566210963115574,0.0871849545725367
"6135",1.22225180053694,-0.0618070504961998,1.01264722427556,-0.854477493686414,2.29398522868359,1.4555969781169,0.104899083310027,1.24998741536882,1.39776105921849,0.523059513252657,-0.102807924307315,1.03718551989134,0.117832765804691,0.203621909889101,-0.403460874494783,-0.116334259760126,0.0658471970340752,1.31990483379782,1.14030591438214,0.914126896089434,0.481946790106537,1.4991642525051,1.72341986275095,1.90956647196045,0.719848296847704,0.613672441713687,1.60643480091828,1.62829450537685,0.950679150565073,1.01966230569955,0.945761148795497,1.22786555850071,1.27443906218311,0.239827408072094,-0.199385834877498,0.431375497561741
"6137",-0.321028436680746,-0.0544847492290124,-1.66818952468211,0.00167416747308039,1.48803260694322,1.28870717458775,0.343251596186714,0.369993894670278,-1.24020838385283,0.235618592670907,0.429964296363552,0.655892012636382,0.970727325303765,0.0282021599616636,-1.48739646042927,0.110226709985683,-0.0382892852866569,0.35099069247601,-0.104768916257684,-0.916043896876857,-1.39625986723861,-0.289919383046747,-0.173789106299511,-1.15945529230038,-0.28171047265422,-0.164871531337792,1.55631779987865,-0.474008977882611,0.460879978702118,-0.453564837671542,-0.74158980578691,-2.34862392380195,-0.296640353921439,1.04917021952605,1.0056469696703,1.0584678094508
"6138",-1.96605702128589,-0.428339801993391,0.519775203472299,0.958779681942633,-0.700832456462515,-0.674626749510971,-0.809701367294493,-0.475404560169142,0.296418953678485,0.687746584322205,-0.0756388868321208,1.50820179907327,-0.472946668119195,0.888687751644808,-0.911850509178028,0.112300086534429,-0.994320494809781,-0.636693169053347,-1.15087175679094,-1.09577413050475,0.612811793584,0.976848121059836,-0.30591242491045,-1.57670915978552,-1.23804158856146,1.24296726236566,0.297552024886088,0.835240597055325,0.338779664159045,0.690087317930509,0.253698198194852,-0.354113702772952,-0.0715148986982348,1.06237568964943,-0.237332520767862,-0.635481156289246
"6139",-1.23584089654122,0.690177898463321,-0.321842516319818,1.67418797814741,-0.326119561801782,1.07656790079451,1.19187989281629,-1.83233411453946,0.747127708541086,-0.99393851862344,1.48403265435757,0.54667608642334,-1.00450893353542,2.3374343143109,-1.56334382937553,0.700352765738183,-0.322580530748185,-0.00837316212686101,1.26029377559021,0.752616589219251,-0.378441575440857,-0.981915648651778,0.630254508054783,0.645204554317712,0.75045398081204,0.508256272675087,-1.3730512349549,0.140760833862159,-0.134184239533752,0.227667481729146,0.160711394783505,-1.15563254841278,-0.742498650752741,0.246106991350162,0.435627135374133,0.0948662507122024
"6140",-3.28245195261135,-2.84947667994255,0.514383102018194,-0.386112535986947,0.141960252492255,3.81315213701352,-2.89801022093411,1.65136446098511,0.831513182683774,-0.720730878021857,0.648071229349719,0.500369556839893,0.300882490305765,-2.13040256187498,0.543267903992921,0.0963465054797095,-2.59659156579608,0.653664691224584,1.25751390643111,-1.27480753782952,0.808652068867363,1.08033485006709,-1.34898008852,3.3635832371072,1.09906300653009,-0.491677269316035,0.444401130318439,2.05629078853411,1.88337715254629,0.430697826900576,0.498896927275718,1.09321244883302,1.02321911761603,-1.12662098697608,-0.140072679741887,1.62965469861394
"6141",2.10189996203885,0.0028345925917265,0.390136735765161,-1.17615402585216,1.42366196391018,0.0422550892773853,-0.316488475831186,0.046334430966151,0.292437275069112,-0.133694311640812,-0.747838937472613,0.956672250614994,-0.440451255284405,0.260095738054999,-0.395807660569355,0.0563201947389204,0.169723633714044,0.366465830583827,0.321050974731154,0.283015557369936,-0.819812735002267,-0.0641530924694049,0.244972698323846,0.336470377709841,-0.212223999470048,-0.384328179539693,0.0568044332644658,-0.185390323746819,0.0945130534428345,0.129373920042861,-0.464723321872928,-0.567025862268005,-0.185832070066012,-0.271854131928289,0.273294911645134,-0.605494321747987
"6142",1.32804356657433,0.965367619504083,0.445596990845944,0.0139270590455642,-0.0796872525500272,0.336114198895324,0.761832525912816,-0.136807405606005,0.732341779382623,0.225152257293141,-0.619729616841433,0.668228204518387,0.94390343935454,-1.98617170694642,0.0953722739499087,-1.16518275295016,0.333870934457838,-1.49760457723915,0.347637228385011,0.13378044103332,-1.3012505262369,0.352808621311656,1.71109485583066,-1.13864656398629,0.580416017873787,0.787721135919749,-0.734575447715929,0.396748410474822,0.18561893326843,-0.352270129671713,0.248814554855766,0.277536476380215,0.393282779541071,-0.465451235182682,-0.110218429042705,-0.948217274665599
"6143",-2.23567742409057,-1.28476821464859,0.565221536503285,2.13912281784728,-0.0916569009025591,-0.528152414677476,-1.81076455865346,-0.29819890260536,-0.475598932548052,1.21626155386288,-1.03365778255947,0.150645812656028,-0.134128579996549,-0.829307455724157,-0.227643956952181,2.15186460399734,0.653787509064074,0.0278495784445416,-0.0237199562813719,-2.12431671607464,-0.176334024400591,-0.103724717003935,-0.307856690658086,1.35791073788527,0.29894369648822,1.00275315139956,0.537329754798692,1.04339260201842,0.0752454118089167,-0.574180014444461,-0.0401665932510247,0.250393607148335,-0.450223079306563,-1.10549505733649,-2.5494324984556,-1.14248109664398
"6144",0.995021149909314,-0.0448260947779496,-1.3027564363515,0.795436702450129,0.358571054092685,0.824563485916561,0.487932053587898,-0.698302454183628,-1.55824275488535,-0.600447157310052,-1.35845209626422,-0.743156134400859,1.32736631188308,-0.419845178202378,-0.00591716046107525,-0.2636087931903,0.363340789553014,-0.191012405525317,1.35060199504954,0.812201054908003,0.538960562501769,0.353938684715763,0.576477256918578,-0.36251183794905,0.0522013643759916,-0.487276306901656,-0.38238377297416,0.192048755286741,0.448205089824764,0.408415531085486,-0.294637412578089,-0.77203915235302,1.33098315644914,2.61533482267054,0.541541453191323,0.820096255708627
"6145",0.455119706959295,-0.371319276406873,-0.0940405945705023,0.693557539080561,-0.50318161605455,-1.10199192340556,0.804681982568975,-1.44188637045053,1.28614790799669,-0.199378890685089,0.434759552341113,-1.12572280535758,0.489399768868758,0.215214675341007,0.845575927020987,0.25011911006092,-0.343710389833416,-1.41852149320028,1.32116759651424,0.469264537749058,1.05520368214356,0.138668474081499,-0.598892908411614,-0.595486689277925,-0.92906028168365,0.403285613752334,0.665215644730357,0.458443545172883,-0.880635041454866,-1.26192328386014,-0.771991896073167,-0.395142288757609,-0.376076387849075,0.527620436036022,0.439720965238073,-1.23945643118617
"6146",2.34616257988879,1.72734327892395,1.5124412737342,-0.184941604382086,-2.38514811273271,1.41248582606623,-0.311176269055135,-0.567228932621898,-0.451294792803999,-1.02068625194181,-0.174071318640627,-1.01431576084799,0.363151346396145,-2.07477246303873,0.678512889758464,-0.085719777564242,0.221135801745935,0.470861372200952,0.515057098972564,-0.411375558665413,0.422770597517613,0.0334357331123491,-0.130244921758019,1.76906081103949,-1.88487630512833,0.969239745605226,0.0773175570448524,0.0188372912737594,0.337210299292889,-0.274289168295627,0.209706176392751,-0.983377209548088,-0.472664878650924,1.10366870123064,0.0590931078068174,0.360625362834986
"6147",1.17317599391488,0.579854664533175,0.278946553863014,0.538322548230373,-0.930640132395998,-0.860963959743642,-0.6083540768619,-0.133389226485677,-0.308343049453619,-0.188740236148247,-0.399882898382974,-0.645515538308729,0.53534701093151,1.00803425471846,1.91745543315702,-1.31391196192273,0.782583120087718,1.68180245345549,1.13981175713519,0.0532751765918864,-1.19076467420775,0.350070453826623,-0.241723732760988,-0.975704332527943,-0.0871229316388475,-0.410068289315294,-0.659879972964557,0.400954202812061,-0.845410783578431,0.0419331147501421,-0.084919835673385,0.0194357158818325,0.54405722013749,0.748395033908294,-0.959808695552152,-0.360362383957466
"6148",-0.281192469488063,-1.13062352395121,-0.285791381146495,-0.0392592629466072,-1.01201454991094,-0.0127419589732044,2.47896912763363,-1.12963565354128,-0.0542959315812474,1.22219333597489,0.131082912059601,-0.520716363330256,2.35413973242613,-0.279239802547694,0.411164708317947,0.500902250950582,-1.1822743723039,1.32576009714734,-1.71539329719154,0.819009019061129,-1.1208012840922,0.661333185549286,-0.28838767188056,0.757086338339252,0.0219598019815223,0.602805169346538,-0.248491881172185,-0.0223780863219641,-0.31535036355172,0.968735739712503,0.0227274557963068,-0.598784224020647,1.06923479838303,-0.558332267518698,0.0616265123138381,-0.07116197094856
"6149",1.75640487385125,-0.872146550810388,0.781672717790094,-2.26687277793447,-0.213559994385482,0.105546108878402,-0.10541323002421,0.710824644494854,0.818451752654104,0.0270502830815389,-0.961693457088623,0.233328656392777,-0.775324744788969,0.404589399784776,-0.74656761939008,0.472355749753766,0.192094800004805,0.477723590725638,-0.370419859520585,-0.315748086077513,0.124082617617612,-0.476639035929512,0.32389247786679,0.293085525613623,-0.924671400894449,-0.250249401012449,-0.139363841379775,-1.25342128891411,-0.0929406426126067,0.327022739602066,-0.505052233995283,0.0384592105086949,0.189333187151147,-0.377143343430009,1.21021077485921,-1.43392087466009
"6150",0.967429702190303,1.06618577134592,1.17395824533653,-0.351003822651191,-0.598602133791095,0.350811112454182,0.704072012016693,-0.72650257427648,0.380661498262483,0.296712103124179,-0.205334183488023,0.367061693384398,0.470747328317942,-2.26237763077949,0.706312595180439,-0.236613867426837,0.444551253235116,-1.45501384524827,0.593528926502099,-0.19440742443453,-0.968846743828031,-0.0291070453557596,1.80135724133221,-1.47828028245646,1.77750294387483,0.0687502944142205,-1.13195051425589,0.631619138396614,1.05648608003679,-0.00525178264989402,-0.00924252520746485,-0.401983778488551,0.428108249246416,-0.344983567641429,-0.429331285170879,-0.367676556309307
"6151",0.128673230584124,-0.401850310335388,2.68220256175376,-0.249781717929575,2.26898109931925,1.03531024018771,-0.270927461456648,0.288388475208996,1.76219329594309,0.988191074153987,-1.19970000116528,0.80924769240376,-0.18944027674956,0.518331578266215,-1.17935558893613,0.799064947942979,0.495628112916687,1.60167216933037,-0.246023518526699,-0.740603002974958,1.02587886854301,2.22242284109485,1.81598656383566,1.78838335357458,0.0834489937848654,1.20128480511678,1.59380878388838,1.30710614292546,0.755127794288643,0.802161065638983,1.00602535169735,0.950039809907371,1.66923431284382,0.371397124628761,-0.829593864768237,1.74039252604335
"6152",0.558253381163639,-0.708327568179031,-0.596005907719556,-3.39439623508267,-3.2467606941081,-1.22703998159726,-0.5543066121986,-1.01761909802083,-0.723407969920411,-0.315745109767826,0.0450103720361264,-0.471341139809931,-1.78543133152636,-0.0487107110687395,-0.797013964468264,-0.33359612203978,-1.34525345849875,-0.529395197736313,-0.394958527453046,-0.460271239682225,1.22742444407879,-0.234267615245064,0.645978080740728,-0.622266818421723,0.497310726944781,-0.886676227646876,-0.450062271612104,0.420415640596623,1.33478604021159,0.962864891847099,0.649216362255643,0.0410796464825923,0.288836516357979,-0.130117842503771,0.516790656340219,-0.591014257115507
"6153",-1.90882131548625,0.0587399919823368,1.05125282399733,3.0255631356882,1.18117272985604,0.315661299335215,0.0713526363683455,-0.323482849309074,-1.6540932001277,-0.903369677245053,-1.09467668124315,1.43782191806483,0.849728061571015,-0.662174398154819,0.806165408614765,-0.177001254721826,0.729532111313485,0.564842528262506,0.989107763281559,0.444021963918622,-0.431715763554471,-0.913324306633605,-0.769710062612347,0.872273436498471,-0.462315847366617,0.0663318566281553,0.641436111983029,0.792264069562657,0.687017005973094,0.272079408699968,0.0800031721433632,0.342998732160679,-0.349962462879066,-0.453912540785036,0.204349824316253,-1.38106807077463
"6154",-3.99057589011134,-2.88247871324305,0.049489707946123,2.32145695020686,1.30347011419261,0.693826266910219,-1.50071160892545,-0.519784309464987,-1.26760270275896,1.26620553148548,0.174040000508779,1.06375830557796,-3.17043267966209,-0.42944688305581,4.38697243511934,0.905863753589398,-1.00797364264689,-1.8949941803404,1.53038438677713,2.35852100484876,-1.86110087936693,-4.3681707058372,0.471101965122075,-0.277525236799078,-3.62374944024748,1.66387336345971,2.41807406611281,-0.882293738680293,2.22197865068742,2.71626965447859,-1.69497010730823,0.917827667728294,0.349222894436455,-0.430764527863246,-1.06352873337194,2.03566636133425
"6155",-0.848752086021468,-1.09857253237112,0.972063388270615,1.47132718192477,-0.641766589078915,1.25926377105114,0.785755899657849,0.271231899297943,-2.01907000670218,-0.863819787992485,-0.0424929071192229,0.599345150580931,-1.43527313886317,-0.608022604792933,0.405764473884548,1.09111955978,-0.111329121521556,-0.212425793218599,-0.144544349369815,-0.346094388214237,0.923253339803037,-0.449829515430738,-0.0701078834525219,1.04708349174354,1.57645872820881,0.397052928220774,1.33185056700237,0.781690291944788,1.69102438544567,0.377860175931118,0.828502130150385,0.580965305738494,0.185379922252567,-0.714239139607667,-0.00222003620785191,-1.72650939756951
"6156",0.248219830498822,-1.02649543426756,-0.988976117080207,1.1195836551359,2.10506090751334,-0.715211744660025,0.231879755926884,0.193566809270002,1.18248649128263,-1.72035199700763,0.607640894696827,-0.316909584705284,0.54881047160838,-0.49652902322371,1.49890188379281,0.106558459679215,1.12470800415468,0.272361802872106,0.0879258702134325,-1.02920988851078,0.441782715938936,-0.038858042442218,-0.126510960511105,-0.349924763536816,-0.126834299786721,0.322906351635442,0.198806518821049,-0.586613634830717,1.00665496323235,0.910265485296197,0.736629526946375,-0.00318099685250723,0.405970883826089,-0.501548063793703,0.147446035768305,0.283455280864676
"6157",0.43527970462339,2.19866872077369,-0.352982593911792,-1.38933967598105,1.18409665261282,0.226170972351244,-1.31339064237862,-0.814501320181234,-0.622496057756167,-0.55968003180551,-2.41597490478427,-0.809248023594313,-0.0947659879647965,-0.190090965318295,2.80506244694964,0.403936124996031,-0.473020615541824,-1.10083170947215,-0.622501328672917,-0.510629894501666,-0.945995884813801,-1.43723926975867,-2.20174132660971,0.00582650718546752,-0.0634855285173608,-0.684450855913202,-2.16402022459702,-1.49842622199634,-2.3921070136849,-1.86515744759575,-0.709066856025046,-0.353946034081578,-1.74782085207958,-0.887292337646809,2.42002388200573,0.376288401905671
"6158",-0.407424312010304,-0.243596771499729,-2.10932364155629,-0.323120446429317,-1.33366642712673,2.14498333400403,2.90730091101372,0.697023022388296,0.694755148590396,-0.955795113690056,-0.763791358513628,-1.02163661302883,-3.07261353434904,-0.183311265250991,-2.76701737564832,-0.649257452985855,-0.180001818729395,1.83740733674028,0.821473737145706,0.306700331650943,0.12107057880714,-0.557115246492385,0.454474409432236,1.06294518103766,0.792925277934894,1.57613132187203,-0.495354400890884,-0.331591368694902,-0.088298095364317,0.460379222305652,1.20830699568743,0.116974631332752,-0.205430099872546,-0.626475512902371,0.462035861057556,0.0463178727793588
"6159",1.16039259159388,1.89017084346151,1.46137976950255,-1.52670317174709,-2.36199757754305,0.892976629931436,0.342461809260804,0.406362312856483,0.170497286412685,-1.03415212854197,0.315601765095973,-0.414029762989329,0.497066518966227,-0.369557960246518,-0.107020678906615,-0.146895993669163,0.576437237907205,0.0420838133705201,-0.85269649558744,-0.221756988267622,1.3958308275729,-1.7450119351901,-0.893167541074952,0.900032263480182,-1.42745927970987,-0.506409614365328,0.556425382947701,-1.03215298471676,0.228820809494748,-1.34672849304707,-1.62707029125344,-0.659052853065356,0.918921591838488,-0.183485895940647,-1.81608662846433,0.571793914065439
"6161",-0.0174173745024778,-0.498317666433184,1.24252223977287,0.83727229160813,0.202381128886518,-0.49712599150415,1.35562907855446,-0.80204470133742,1.41951379334918,0.669570186072566,-1.23911073138573,-0.791910399697113,-0.11066346993913,-0.546009620490221,0.301245112377552,0.0721352278343656,0.107403045591048,-0.895536157014419,0.227473815438419,-0.79824678219402,1.5924431694532,0.735569125883259,-1.0703285943928,-1.53783387328834,-0.74340489231879,0.10950345051849,-0.233735223003802,-0.587584869405907,-0.122065751315022,0.043783146467354,0.0382951075305914,-0.626448297202677,-0.480121687050203,-0.00909876299733638,-1.03857709968483,0.613268663014281
"6162",0.0750936385824231,1.23804225912324,0.805038748474387,0.689462247331364,1.62377527037976,0.52374996754321,-0.940484377090409,-0.962176096721988,1.4384481702011,-2.22057172720528,-0.303000211594212,-2.00427354488394,1.1646316839501,1.15634400090937,0.8847425043722,0.756255984342593,-0.43853751631481,-2.32786093379622,-0.362591907224235,0.270352430387977,1.48902763458918,0.324304193932007,-1.17942113321509,0.139901537155352,-1.7545909671894,0.590441748292099,1.59180991666618,1.15011347795501,0.846049812804038,0.87385431809327,-0.232092916549187,1.11552181052556,0.690187846241648,0.246458604640779,-1.27337181774103,-1.50684078007491
"6163",2.12029007627544,-0.309546704205056,1.26408432542111,-0.589314975944426,0.548233260695525,-0.120352060443783,-0.7316189960683,-0.600298432288283,0.877575842154296,0.709978605411841,-1.12612554706378,1.04806110160198,-0.745894842770062,0.714074445812967,-0.37170989321154,1.48010887520187,0.709000351899771,-0.21108657992217,-0.21200118709546,-0.564174470034914,-0.0427770815833819,1.19192281140347,-0.410572469301929,-0.241268197300247,-0.156541266977543,0.399645287561791,0.02918816047253,-0.261519455891361,0.0392225656753832,0.0678300548109111,-0.166124346314219,-0.0392640964111935,0.40649882957564,-0.080227601934773,-0.415122767206386,0.428639815142344
"6164",2.14628385944618,-0.372830901565553,1.20876223295396,-0.574841717852397,0.879832314064616,-0.427881193035915,-0.966307777597254,-0.582464318867476,0.993468861220465,0.461925452664485,-1.50629795599545,1.32895444520193,-0.570447921537083,0.644117814388714,-1.07305926580442,0.801544598369041,0.601346731976905,-0.232651369894562,-0.58769678802104,-0.400143069689226,-0.170767107627798,0.386147471417583,-1.09130300612491,-0.273051692335369,-0.254677510057955,0.770234283911395,0.115289036471777,-0.887389775269487,-0.543792919377575,-0.197985325617709,-0.0890220501299435,0.262935916780545,0.61398483380653,-0.248984321016391,-0.107187670298855,0.301294639726815
"6165",-1.3470784880181,2.45041364062821,-0.128313478230415,-1.6595771057998,0.783722550989791,0.348831971899815,-0.679965989241257,0.79141071045134,-0.450071466208454,-0.462450946867856,0.0481874343208035,-0.58188243311931,0.889717062019391,0.568341862341473,0.408187303392511,0.570543563120076,0.776414268769766,-0.620957166910542,-0.0922843132410159,-0.0773890153559632,-0.500072915746665,0.691595373858909,-1.55206606967009,-0.0108986675046419,-0.43023084084689,0.138508584125306,0.69358280289227,-1.4146546589528,0.516847882838081,0.498267168478401,0.051300908147418,0.314406348410869,0.103805515517095,-0.482575053864092,-0.823077131921325,-0.427789636136677
"6166",0.537551133700715,-0.247183603293336,1.14210572591246,1.04775946921197,0.409939366032793,-0.756454184653266,-1.12663846282014,-2.17826606924471,-0.338536021167027,-0.879392414120758,1.16930945366497,-0.51205899599154,-0.262090482770962,0.312593271166256,-0.517255225330146,1.1970078140509,-0.782982718748254,-0.764448703360197,-0.397452241499992,1.55244985785162,0.154939071491147,0.0909936114373175,0.0812214643592585,-0.390069490016078,-0.928993664974205,-0.783193966928513,-0.272978694263436,-0.0710440736452524,-0.84944341371617,-1.25162401095568,-0.0169563011228057,0.0500286704684827,0.489150051944201,0.79127193211221,0.451279650178609,-0.667585795877649
"6167",-2.35241442388972,0.852220857330942,0.361304350229831,1.03291765289986,-0.039240668497897,1.50700046418488,1.78004385180725,-0.940639276294865,1.26223637231309,-0.451441598023111,-1.28643602495204,0.633374329423178,-0.0447255969379314,0.890481624436881,-1.48603731316798,0.70403830038549,1.00907561082215,2.12145576819774,1.5534579237357,-0.573197852416671,-0.0129897202981273,0.048553831978585,-0.493536059524511,-0.886626126868676,-1.04343354848454,1.1888403959971,-1.74365845844013,-0.591113417788351,-0.571370245415651,0.916753112186598,0.85194333361235,0.55651166478558,-0.190130003116612,-0.357224263524231,-0.535970017290253,1.17380050482125
"6168",0.159756970994568,-1.78302756517633,0.207792043219368,-0.156530927068987,0.261841613989496,0.815613451851787,1.54851161569624,1.1852530242146,1.65007540594877,-0.118174464450761,0.0105224764443651,-0.924718647507296,-0.583594070803593,-0.113372537766274,-0.529108116310418,-0.922587881521028,-0.340360426608705,-0.637375892821293,-0.761952009185343,0.170104847698037,2.10295854931051,-0.653555171996849,-0.301655880162267,-0.622077638937922,-0.349627529972886,0.237017122137497,1.06056958012043,-0.363692665128658,0.430418527344635,0.841849604254141,1.14568876308153,0.198207302007304,-0.449824340630991,-0.421526716419171,0.216805683988061,-0.526069036847021
"6169",2.24277086506633,0.0244222039302008,0.768193649842185,-1.62310067394399,1.1502035235638,-0.0812711640029199,-0.280272259772292,0.496727301287703,0.655210972235304,0.147517850962744,-0.902823999381339,0.539060256370151,-0.745912706181465,0.289891086604349,-0.524359384576106,-0.094851443013515,-0.0365350877679574,-0.0836084474430739,0.691729269472166,0.53522864002993,-0.528603584323922,-0.0745883709895261,0.274787510511914,0.695216129753473,0.67314330073985,-0.358377175702235,0.215219273655976,0.344476810105637,0.325375317979047,0.249885268682261,-0.626969064097846,-0.344574438341741,0.0941434434698184,-0.216328481361081,0.413336270930493,-0.602548411126682
"6170",0.278737094055739,-1.96867730776518,0.207549858089487,-1.18783114657071,-0.161464892282259,-0.0714263789503884,0.806998246147008,-1.6454394146927,-0.770418021636458,-0.0348816900876134,0.841784522738064,-0.431505684093675,-1.01463518699885,-1.23293320848459,-0.984082208372243,0.261000514733359,-0.692070443142261,0.979492512377334,-0.554547818766108,-0.451097873095741,-0.425877934591808,0.120184357769672,0.223332910531842,-0.00360818740339831,1.08670925627576,-1.19433493349381,0.875706349424472,-0.625658093954716,-1.50940152451259,0.153205445861373,-1.10142167493181,2.34810823882912,-0.454767530114313,2.05383573090411,-0.675779702293831,-0.0231998624374862
"6171",-1.37919104819356,-0.717315307403359,0.948778260824855,-2.16036323384149,1.13898923359841,-0.653450308584656,0.431872185981553,-0.316805532636055,-1.52136987711044,-0.649742765535557,-0.895229862327281,-0.782142935545752,-0.76560628986832,0.677642026047836,0.142680247428791,-0.433174263208423,-0.193645575615347,-0.346141761345759,-0.149651334026519,0.65205742063384,0.616574443056268,-0.465485428933325,1.70710079304163,0.232872509110652,-0.0452098690931414,1.19758067503441,0.578838104649819,-0.745168386736086,-0.454024758619742,0.028629902791111,0.703173290362374,-0.0324602879095185,0.210543240615558,0.630182450894415,-0.505007087159986,-0.549494610849178
"6172",-1.18874048149404,-1.28683611268164,1.39928806478117,0.0624993543889298,0.74136001248423,1.40853335201798,-2.08802274290655,1.46875048992719,2.31295590751358,0.771922611258543,1.75769326623438,0.568141826108053,1.1271300706797,1.32711574087468,1.56195124146909,-1.23077579669982,-0.320630207706014,1.01136999099417,1.07557183852084,1.54727915149832,0.933174593691296,0.938832141802653,0.15725551178107,0.455295035571322,0.878608485744407,1.27768059626608,-0.150633105489242,0.0180272767703228,-0.151192155623277,1.46582879738858,-0.338708013537511,-1.00579519414574,0.740594647595427,2.40718695462912,-1.83388529170883,-2.01794582468221
"6173",-0.611168764423088,-0.838629708469665,-0.161126862417524,-2.25943140197458,0.687726992754226,-0.533764588010586,-0.192151086743682,-0.00579657462690618,-1.08952914543042,-0.585992638123403,-0.352923824173487,-0.0460951723399963,0.201011223925992,0.946101584703107,0.336161298526704,-0.180216705813054,0.302685541748536,-0.151903182909153,0.0762823259840394,0.580472824846623,0.162070331110431,-0.258544176707108,0.0428738457947683,-0.217141959838556,-0.354807643671344,0.516926275510817,0.0525026943794393,-0.112737403121345,-0.565496443084382,-0.277240968233064,1.00526321623596,0.13623981711326,-0.178349298330709,0.226032123900987,-0.0581078576086403,-0.448762421090794
"6174",-0.696753118967513,-0.600471392755001,0.30758302938804,-1.68764918645461,0.622430524126028,-0.186576575283709,-0.54320459434006,-0.35738696285007,-1.24061098541821,-0.734377113922211,-0.185374774538052,-0.348676644451259,0.120236324410845,0.811110382721809,0.633675736687048,0.0495227253118931,0.373654582082304,-0.213176412288202,0.121967720947216,0.496868022326849,0.37039154959122,0.0524620314995376,0.358644830767001,0.0860055657595267,0.422911933210417,-0.0454176235134951,-0.231703776837406,0.300072273994645,0.108449657277096,0.250054040509109,1.32501611238311,-0.0425462333152102,-0.156707237029952,0.316127641488446,-0.188048692950264,0.53544959155546
"6175",-2.15008984736198,2.2756839874656,0.169401576466578,-0.484239870097815,-0.548066594007719,0.705080810393843,1.17886354049435,-1.21488760688063,0.802678713380286,-2.55626160152442,-0.6683933514534,-1.4878273683451,-0.599730122998461,2.46503009085584,-1.82483324217092,0.959808696508285,0.110722064136599,0.234531115034825,1.07942573619876,-0.00412911136250568,0.182295140775708,-1.09007719304099,0.148626836784995,0.585706254918261,0.357611782238213,0.0175808642382197,-0.627868497722769,0.644848188384279,-0.242729906096845,-0.478947917542153,-1.61877059759597,0.309356602741058,0.784977797508567,-0.689769934156234,-0.902531803090212,-0.678111239280116
"6176",0.547517709267439,0.686352150752037,-0.214812492021142,1.38113341900744,1.28735786987441,-0.960779374406309,-0.411314315553852,1.31067282585705,-0.0643266111718578,1.21833637558385,-0.472315125972018,-1.3356077786919,-1.15746142766992,-2.51174174946465,-1.7636071788857,0.323824153148993,-1.28080034030309,0.847931872459129,0.110675690687201,0.13752944221158,-0.932353698385395,-1.63403502427383,-1.03545289476474,-0.00840337417540551,0.27192256278083,0.326904598771158,-0.0103837458157038,0.386828082749023,-0.840343223829906,-0.650185844035746,0.617040245424401,1.21936621777998,0.348380151610923,-0.631378333073574,-0.830410453201294,-1.01344856271574
"6177",-1.42242726785301,1.2063349021678,0.15831138689674,-1.72031513238765,-0.286438529581819,-0.551422661464712,1.05899447956565,0.874169758449486,-0.431883280231683,1.16262902083298,0.345547094189962,-0.212453301224537,0.652276273448907,-0.0165438484616658,0.36775421204023,-0.0433088705994549,0.473786215875041,-0.114150268682591,1.37521377373952,-0.266820110856629,-1.00707558643719,0.868408768145957,-0.112355494585885,-0.294005030584185,0.0443161385418316,0.750755757913769,0.499063855264396,-1.26608446994747,-0.631324405417279,-0.258561135272648,0.70069714370361,0.326407391983588,-0.232608030781938,0.431222573403758,0.870274932764154,-0.674167777285644
"6178",1.14627460063224,0.0114433080250386,0.516760885435465,0.952681649000413,0.518566496208203,-0.384991049690061,1.56495839263019,-0.860893669831768,1.10283463856982,0.711199250523397,-1.3120671903015,-0.699840812416018,-0.478261950273513,-1.07776724510303,0.212705678733054,0.251645706788154,0.214572509641322,-0.282379286348916,0.237977641386791,-0.789931248682262,1.29525624547861,0.904563612472086,-1.71477754969499,-1.05607332610847,-0.797685715784585,0.791085105428163,0.337486081661106,0.206320630952035,0.442310472738689,0.306120782873864,1.00626427898231,-0.255721026363175,-0.267652857149514,-0.0434058960951675,-0.938359863435211,0.695086951708751
"6179",0.125093665707459,-0.66126136257692,0.577741016934322,-0.298182640664099,-0.841384852214126,-0.065365659758419,1.48679611179966,-1.47768398393024,-0.331687071500143,0.539251587045545,-0.387970853756316,-0.885944141091027,2.36290252163641,-0.186865656650831,0.671639939308514,0.640490249508922,-1.56331280348505,0.506760524026528,-1.48056933455922,1.08357322325988,-0.904028181032491,0.445958096986385,-0.542436556712536,0.589384041225373,0.364575287012351,0.639754644554036,-0.482013825808809,-0.16599635677996,-0.129618751441931,1.47626805231493,-0.316913553742037,-0.508252945338027,0.657225533246961,-1.00678295661368,0.270452840011676,-0.21969090616537
"6180",-1.37699812328061,1.01688846821727,0.0927600553902898,1.01061104051763,-1.23186465123916,1.26545265955769,2.10988899863124,-1.01926416109424,0.986501807602947,-0.171740659929071,-1.520113003959,-0.681376805529967,-1.4292766588121,0.448108319849604,-1.34429525594098,0.611380397373159,0.357151148595586,0.547057829403159,1.60158965566948,-0.994245289604397,-0.551165871890906,0.686862017316762,-0.273341040108945,-0.382825541577623,0.0877978433165966,0.42977119963679,-2.74489889762914,-0.531854271150322,-0.15232532264004,0.935228707140842,0.411714099594303,-0.452665129103569,-0.38277826206539,0.329513770637509,-0.612845184278455,0.965962647075341
"6181",0.271390740518742,-1.09386509312014,-0.314660760927866,-0.0579957889449594,-1.42992579697962,-0.386634048439238,1.75685291270771,-1.3091625289157,-0.107107851977973,0.908938258328854,-0.295384830651711,-0.826102308501944,2.1448908594356,-0.250774354707675,0.295059310221835,-0.00844311821609066,-1.68213277394657,0.244049121491562,-1.63856593146697,1.06088789751548,-1.28724573316171,0.498650971042526,-0.74839864181857,0.686327552343628,0.326136123034408,0.134852479841781,-0.968473909580444,-0.697587849711294,-0.778911419795786,0.646702534703972,-0.715261143843378,-0.94280860052997,0.606529664046585,-1.00451312688814,0.344058244304055,0.0763258589078713
"6182",0.768059929044151,-1.50849669458367,-2.59252290696583,0.840443525353671,0.738424077109882,-2.54484314564593,1.56708638352866,0.239103795268012,1.09802074272587,-1.15288354608278,0.0265174744224611,-0.555123139281155,-0.386978672683658,-0.859270856063089,-0.103677294210347,-0.353944006798362,2.59883039295922,1.32834611793782,-0.981940398778211,-1.71426734117527,-0.573068106633058,-1.53219542396947,-1.6694766034923,-0.618126698287664,0.298494055004135,-0.416955209266772,-0.0624371411937957,-0.333574163933164,0.203714507106843,-1.05273493567863,0.115108256420838,-1.82743039657947,0.0436252542883478,-0.299102392929679,0.947840928479355,-0.400989671210361
"6183",0.386414475656405,0.496094367566292,1.0681650157208,2.89497344525767,0.692886198656995,0.533774358455391,-0.977282313497896,1.04166813916334,-0.572039717242462,-0.581852898195097,0.311134808740907,0.0144349618193299,-0.585973182952363,1.21030930282585,1.23554938402624,-1.53687223352079,-0.91879415436718,0.674490827356491,0.0220803075850544,-0.0773351809996909,-1.00217910258322,0.217998791907048,-0.339298057124286,-0.812411154190143,1.3582403810037,0.81816963911011,0.436191086888442,0.629727838322598,-0.586565658428209,0.0699035191989883,-0.344331769237611,-0.659173907964476,-0.0102887112986633,0.501618137578254,-0.946965431138819,-0.208692032776093
"6184",1.48285611867256,1.23910940960721,1.73664359089961,0.493917406432938,0.301030711412007,1.07358219938964,-0.0770136760950893,-0.272520513326929,-0.349123733509948,-0.752343012889907,0.958882308855441,1.07845467217472,0.810173361492387,-0.345958351426435,-0.298473958473443,-0.99387273406929,0.326004647283834,0.228222836575639,-0.313484402317305,0.422436702489017,-0.12086884129506,-1.00929996760179,0.37529538807508,1.24788023173529,-1.11470106972463,0.7796929629839,1.19409261372814,0.813043941508231,0.0697784438109032,-0.970983599452068,-0.114544116612379,-2.20118367755189,-1.21334515440415,0.742292144371591,-0.993908918607738,0.66991712749153
"6185",-0.0697701374714092,-0.0572317594867466,-0.190675344330651,-1.54245195945845,1.60417336453449,-0.13071511418932,0.211683820091453,-0.0516989984909146,-2.01515842157626,0.359178217497918,1.40294202123204,-0.289024726922125,-0.873031890001888,-1.113098949997,-0.75583108022559,-1.12402863501357,1.4951704650726,-1.05865286768089,-1.0553224299114,-0.113615633003971,0.229435246220265,0.208911583915708,-0.568213946348397,0.247995548743911,-0.825343626213523,0.988440541983667,-2.27495026207684,0.483719770603321,-0.432872654079512,0.155491115679448,-1.4538889021093,0.557440130269201,-0.345390889073497,-0.399453128384804,0.250759289075087,0.271781746846137
"6186",-1.05249104650484,2.43374957643118,-0.646243839830783,1.23931832128446,-1.04366088404546,1.40806122855225,0.977613567067557,-1.07647323215449,1.00658909730724,-1.93616885646474,0.576821227764956,-0.755469545450286,-0.136442051914125,3.23739050429049,-0.549796137121184,0.96159739049367,-0.040732398499484,-1.19861482620739,1.70022578886978,0.97087321072555,0.164554136618844,0.278611938775895,0.412980374017167,0.487818034780433,0.175930849217148,-0.76277122648125,-1.43445675774686,0.329670300151804,0.0616704222841851,0.283535006180173,-1.01731585960553,1.02366774169514,0.614170132013111,-0.695751221583621,-1.1185955967157,0.388682578494393
"6187",0.461613825049832,1.22374070428819,-0.295154617129538,0.654833091946071,-1.67195227453152,-3.25736751150376,1.66449430687768,5.31615665877542,0.672761317209072,-3.0759828720805,-0.72841132418868,1.92747148896807,-0.181298781212119,-2.65142616585775,-0.413845763057526,2.4379290192257,-1.31119080239255,-1.19343947453912,-2.26507199273844,1.5703314239814,-0.860755981185133,0.247530535058835,0.0918367224985712,1.23147641893817,0.766125792382156,0.452324719779488,-0.748175628710414,0.640192876708274,-0.578940285584971,1.45897193967472,0.669149990263133,0.408762416105891,-1.11941880653386,2.44337227142405,-0.889850185676048,1.12165369858255
"6188",1.43248867097642,-0.155973571775795,-1.56027204273497,1.45551656843331,-0.0723793629206306,0.4616749298899,-0.723186126741904,1.73013271057816,-1.04204249836145,0.633729428894048,-0.82846978382029,-0.694491015775386,1.50735831088575,0.427354055719147,-1.41828434958096,0.480210728820482,-1.10540928598937,-0.572041746251232,0.243729181358256,-0.966159575855373,0.862896510738441,-0.718574883300309,0.523783023088336,-0.165829507879757,-0.273290237696766,0.105375821768522,-0.265597737593735,-0.46673104552201,-0.615558953514482,-0.0789092042046288,-0.39303051399947,0.589766672006115,0.19449870033943,-0.241262361676571,0.619569098462502,-0.170666439530854
"6189",0.262621806007032,1.07524874454843,-1.20993818184616,-0.427117585037297,2.00931185472333,1.19877372756143,0.550062142313041,0.379163839949868,-0.0429401323984207,1.03815494172084,-0.232178806396528,0.608368173541724,-1.05918272535073,0.737768227781886,2.34477632633287,0.460140505840681,-0.270727941111523,-0.644804804895827,-1.29233307645295,0.592897012676573,0.0743871467417805,-0.638482751884596,-0.377255835705506,0.806245457130038,0.787627533087235,0.459497425895925,-0.156378945082145,-0.727995248236939,-1.6730765667501,-1.74308621230137,0.503415730908218,-0.249240723015068,-1.05898512293704,-0.29995498690801,1.29818872608088,0.651381393782089
"6190",-0.920365802132072,0.729214702419499,0.126696143126193,-1.17534217027113,0.363518591745872,-0.0680096172447839,-0.321476734671201,0.359459954954574,-1.00445701932392,0.247958892585126,0.682811708019285,-0.204944361534419,-0.318148969670927,0.4365098752648,0.0926405698987226,0.317525312043359,0.475287680161074,-0.791404286676504,0.105093498818835,-0.122554006104882,-1.12978703283707,0.403573680317586,-0.33577643711384,-0.345580356833887,0.891657892648539,0.676230399890841,0.952289084040607,-0.767697386777692,0.123660233801997,0.177189927161997,1.0027908398201,-0.662039661354143,-1.19872469450614,-0.135015977034721,0.681935201101668,0.14519640260326
"6191",-1.78465575588587,-2.00303830861041,0.293541095330192,2.40380934163963,-0.542631985190633,1.13178070199807,-0.022481562434133,0.904258319534625,-1.05707345605142,-0.818312740835386,-0.446565819807698,0.6471773154922,-0.386945714782997,0.283093191539878,-0.0471139847380728,-0.348084676046659,-0.141090853976875,-0.824181519000552,-0.844325239365559,-0.542357852333554,-0.144721047375396,-0.206167374902815,0.0648802474967907,1.22862152218225,-0.690179089382524,-0.648387251645188,0.325242163819938,0.0240651737112562,0.391701207888395,-0.10394782417003,0.0982187427024998,0.135745523595474,-0.635681379431896,-0.764364094757046,0.607214129036262,-1.39867297661399
"6192",-1.79180788465665,0.314536869205222,2.0337214083484,1.17370328608161,-0.477532385280371,-0.997557753603535,0.286660063042328,0.4199379241943,-0.330601444207683,0.742678423181709,-1.58532857121032,-0.183953128940162,0.43559885691437,0.969412748636982,0.472105666175149,0.586653381063499,0.782250794901712,-0.51079109822529,0.465780607325885,-0.435665341661555,0.946963461234092,0.590405091024653,-1.19360541529654,-0.905671354541686,0.449096943620671,1.23131252741171,-0.17960080082816,0.178027663541317,-1.01916498922963,-0.490333001503101,0.709265095497381,1.54508810764746,0.994041079540913,0.565283057101461,0.584739114169214,1.35222502051994
"6193",-1.70052119433002,-0.12581968629264,0.862605652655987,1.60182574652486,-0.271395296599774,-0.584400552190752,-1.68125765285397,-0.394350672902292,0.376215897614131,0.232589752184054,-0.399237527285488,1.639600005407,0.2916723079567,1.58509520238894,-0.839106397419769,-0.304277786835455,-0.939829339628967,-0.853022096736023,-1.01598727127107,-0.675710475413166,0.716672165888612,1.4003642469889,-0.104919610534581,-1.43582199605734,-1.67772399211038,0.800407244836496,0.270077737739336,1.19258421244844,0.212910620029276,0.90489339549759,0.298949726544022,0.173586146637363,-0.59373769256664,0.155706907549831,0.142679029075227,0.264308154138103
"6194",1.96308177229729,-0.0983802088448893,0.515312059897533,-1.39372210478852,1.5495165993795,-0.0182774660238531,-0.715891903636537,0.122234632817985,0.479990606727488,-0.28672709398453,-0.933223076159018,1.01703385493782,-0.264044314345559,0.292975603472845,-0.486194803711362,-0.0760763412423398,0.124006179420185,0.249514881193245,0.357282403152628,0.478273729412276,-0.780737104925562,-0.4598264353957,-0.129845746822854,0.206261640390193,-0.31805801998763,-0.140812674291421,0.14618082628502,-0.36004907548889,-0.11451906138644,0.160644109232458,-0.597561565562018,-0.316997267843679,-0.142545060475097,-0.387779387078373,0.440947736446781,-0.744030088348717
"6195",2.28554701969817,-0.460971285892124,-0.963975160151632,-1.35167088254555,1.71666022630581,-0.734430358440004,0.320264682876095,-0.786355264743332,-0.364075263834395,-1.52824399217851,-1.07322376796585,-0.222950494072083,-1.08961166657998,-1.26359883391914,-0.991291246543657,-1.70469707496889,-1.96457204277239,-0.969471723064282,-0.504295768298571,-0.610024831415503,-0.32364928272451,-1.98200412165654,-2.84288046876366,-1.50191981371423,-0.213872312575386,-0.584223839808701,-0.00225697494038987,-0.92061728722162,-0.463360509273248,-1.2394034667453,-0.398444351568649,-1.86061923304442,-2.02208313692991,-2.34806083085814,-0.233336728099805,0.0463852157248583
"6196",0.411073586894091,0.683135247380672,1.02806246675566,2.52380094801829,2.2482146619344,0.599996867413792,0.849075485174586,0.797779044179936,-0.756899722629852,-0.0710741378119069,0.52287598459261,0.759903911782059,-0.758995921453668,-0.964255572070343,-0.810270169157959,-0.089497336605577,-1.39674337409104,0.784806365144323,-0.0676225463255885,1.50737312691289,0.15602143708536,0.225804264073314,-0.596393858368517,-0.938380714061838,-0.312514634426735,-0.681021913004292,0.0239563115859233,0.188760250882229,-0.137570794250201,-0.668237103640115,0.092690279721555,-0.261301898202921,-0.466879880911365,-0.560804942798888,0.229402584248522,-0.0739373709525021
"6197",1.69344589724503,-0.475042128440908,0.376767097691823,-2.30930737872583,1.08065360787484,-0.0244132017812979,-0.922628839723404,0.406505712846433,0.99845269549323,0.147247352795174,-0.611991265887797,1.00140405247741,-0.30746662883685,0.0388314121448048,-0.333007955627351,0.292252147923733,0.0745936996255336,0.405671744498617,0.802326657551875,0.402503180600522,-0.650102948163396,-0.616799961328952,-0.74938244216226,0.190298787789068,0.0540355936660368,-0.353192038057979,-0.0887377492688081,-0.0397346624041687,0.0580143881687187,-0.0433409447514349,-1.14224191444194,-0.810595301713737,-0.150097028583337,-0.269698652317469,0.465399687164822,-0.951527848764061
"6198",2.10357037977345,-0.079624251482538,0.4074265261356,-0.892790188922076,1.58569090038535,0.17009575869866,-0.747608225717286,0.166689679901673,0.553781059543823,-0.278446676241031,-0.671272568971393,1.35036751500977,0.000485473951130189,0.477471234200323,-0.406923407951737,-0.256620685183235,0.135327784773476,-0.0161662310183913,0.392614803597856,0.809361548602452,-0.665221300286945,-0.355273856223055,-0.157314505446013,0.114510954301986,-0.192712428343503,-0.0963501333409589,0.154399129604711,-0.600130147949241,-0.230683001241306,0.299374769188024,-0.225487620789148,0.237142939591851,0.0919851557571598,-0.392692491379899,0.3992669708513,-0.462905994385981
"6199",1.76217596807105,0.231823513921713,-1.16275249386316,1.67576945932878,-0.474000157977308,0.341098436795912,-0.462799425370416,1.12397353427194,-1.52370023679357,0.914782238492276,-0.306863243422791,-0.635624315322746,0.959848149907216,0.29395620686461,-0.812441743234059,1.32283103469854,-0.782224341951194,-0.523382299084941,0.533359510351301,-0.71813441073026,1.34728380847295,-0.919340270123104,0.635346000983313,-0.396438709145259,0.767756931382172,-0.275515882754234,-0.471428390199038,-0.37251495467594,0.245524749599845,0.319251814275088,-0.44092723519955,-0.0367576622764972,0.0746642223907646,-0.214391725936868,0.359733212608208,0.222931419937513
"6200",-1.95713306447007,2.34209740822255,-1.17938460418689,-0.267154251787318,-0.856534321932663,-0.587575360091384,-1.00058713938024,-0.0747806852034016,0.57225384691041,-0.0411793817567494,0.684196310713451,0.766012242597004,0.915410452852198,0.807838315089308,-0.981798719794599,-0.921785068721022,0.675693850547139,-0.0508873847306652,-0.439857185536574,0.569093937036053,0.139569414194545,1.09195713524916,0.0548464000340588,-0.697928031216209,-1.1720575276609,-0.924762808084529,1.08120612861742,-0.635719006943328,0.885889720096251,0.85351684962495,-0.858704609684535,-0.267324222896001,-0.258737083225445,-0.597950093047667,-0.845974052189209,-0.401110210388743
"6201",-3.28460543847762,-0.606331747045489,-0.250877577728569,1.29407844468676,-1.0322503281134,-0.714999553487648,0.903377373634917,-0.70999504994918,-0.958890287287849,0.287900349393896,-0.225583691203079,0.835961518484599,0.179767063408436,-1.02217600495323,-0.0254227788933453,0.317813098481737,3.1823305748743,1.3374126967678,1.07965239425346,0.677473399889193,-0.836016993599183,-0.61565715574499,0.219073005843951,0.041124080410971,0.286509802745316,0.170939068541221,2.14551559954124,-0.964628994617828,-0.479363885503591,-1.474565932469,-1.2169492345437,-1.0727072031994,-1.02722845335623,-0.536204589034889,0.065811604166504,-1.77790175808082
"6202",-1.0367152580941,-1.2927476526529,0.0867708155027692,3.28351669346994,-2.18723716228547,-0.092308940084755,0.77779547192868,1.68247103469738,-0.141216828156035,0.601677281767822,-1.24198223225924,-0.120825101508572,-0.0794234674383166,0.530511480707348,0.46667072334193,-1.32526810002841,0.503013423992524,-1.71053930181595,0.625128304655008,0.466042141224422,-0.376797660622784,0.00961198050308831,-0.0701259506410507,1.6909001046009,-0.820438773518835,-1.55766682072694,-0.571099957821856,0.296188983510801,0.100838353720097,0.0809029382232043,-0.34848420374977,1.11918622388742,-0.123957535542007,-0.411795069310795,1.69123970817628,-0.861134464224607
"6203",-1.65690943635877,-1.39110809025366,0.219238827007336,-3.39654747136735,0.448012843087078,-0.704070361898978,0.730555980684968,0.424482834496909,-1.00272195049244,-0.113804731466405,-0.535215554270345,-0.651912288970453,-0.624393544227966,0.730995735735435,0.0464185323027427,-0.661452367417241,-0.581801155601038,0.248774965113161,0.584681966696907,0.272709268378179,0.62368743839327,0.0378102180527569,1.78166801007236,0.26400453206219,0.285429019152817,0.395202469938168,0.787983362503813,0.0698047876960518,-0.938567922329389,-1.33066847918936,0.103125367913613,0.363679386345528,0.545202896239633,-0.291040520312084,-0.637021803098958,0.668021429743365
"6204",-0.150375216693785,1.95209023732844,-1.96749910410621,0.685934996886788,-0.337631385027367,-0.124936822854662,-1.38059249129857,-0.639097487717788,1.24118376887599,2.60333542307834,0.754313296240371,0.24785941438255,-0.468844500581027,-0.0325553505624053,1.39463753821284,0.907938292853614,-0.186373600078269,-0.200052579831272,-1.03502101873617,-0.466445501805821,0.553236573851838,-0.432095194710501,1.80824135506554,1.04663517980642,1.50924268111723,-1.02341536027821,-1.0198036271576,0.894972948340278,-0.276582618236909,0.179081008157951,0.701547436115752,-0.210008697644873,-1.4000241290921,-0.23935045348076,-0.391365449739588,0.0218285579367347
"6205",0.160433321991971,1.33432410428873,-0.22160785207417,-1.29531522160767,2.25952241381314,1.15131605549736,-0.223134526042913,0.263031677235029,-0.216559124642348,0.0665488072361457,-1.08149407350925,-0.0820359136149073,-0.81765447252524,0.690429380385197,1.87166945181288,0.202999526841158,-1.02309852560019,-1.3473773890356,-1.57349235463326,-0.179803846987597,-0.0959228218070102,-0.677552325612699,-0.550495011890859,0.820191968725482,1.02471394748821,0.190954961290107,-0.748000445298345,-0.916610471320388,-1.93034753247442,-1.77658304262872,0.0460625170616593,-0.546224510239775,-1.4426815408235,-0.456600688893136,1.5159999187555,-0.146115938089231
"6206",2.40727069024354,-0.752534171794627,0.111373782207567,-1.37686180336963,-0.189730399058716,0.872644631435467,-0.756945242127155,0.856162224916188,0.942628312833403,-0.2094997950491,-0.57678203678491,0.529017837872102,-0.105525510453355,0.629909868547659,-0.265470656843318,0.266119174794554,0.0394574091960604,0.144153293567168,-0.00898145394804047,-0.0265272199715417,0.0115423577497885,0.732775041540618,0.276357049744632,0.497431935535567,-1.10453980725792,-0.572000728276651,-0.25680985703248,-0.83042581959918,-0.0899462286933201,0.544754991565274,0.253901118624058,1.06629132607174,0.216908916827703,-0.793799751972693,1.17390647757274,-0.261772599491317
"6207",-0.831756188764703,-0.957574818381651,-0.237818298522304,-2.28087022077983,0.66060254278183,-0.450441079915025,-0.0890349328918116,0.216722760100964,-0.89408174677331,-0.500102977702373,-0.291215170661757,-0.0374449537714782,0.398169421082638,1.0275389982944,0.272801380205847,-0.133487242216947,0.58691000779187,0.232081896429767,0.128035779678392,0.535188208239272,0.24515401835576,-0.063247575756342,0.142991340900318,-0.129894523294841,-0.344145141346406,0.47094832754398,0.275156746431479,0.36532803361609,-0.548926240242072,-0.385112408640319,1.11147922319859,0.251848230485479,-0.10795025472012,0.233270635144866,-0.0289033332753026,-0.331189127534751
"6208",-0.445067339504505,1.0318373448155,-0.671291825705841,-0.490317202347405,2.33042849652822,1.47909685516561,0.737515956278435,0.684857620305997,0.147478340953928,0.73059635200068,-0.44837988140213,0.410504587201558,-0.547622305939566,0.94777035017933,2.01951530519133,0.432017689202777,-0.0180020066554927,-0.099853940179988,-1.26509595243654,0.549706100153213,0.709990618027725,0.218352227694834,0.599868093624945,1.09979886427257,0.814473177385412,0.727315077951633,0.286582008788065,-0.292317604748552,-1.96394188423941,-2.01227546493175,0.352667798291591,-0.259978658604964,-1.1947655749234,-0.23602613444167,1.17438129817849,0.0656612979116732
"6209",1.31546155073913,-0.228394236692857,-2.20011523314024,-0.859386451512716,-0.964662688314113,1.51029885127084,0.953540252584836,0.843612853977869,-1.53021165649352,0.467880897236402,0.213147769508613,-0.899123865800532,-0.500713270736357,-0.122661517685261,-0.887821445613481,1.2809415144091,-0.0707061333466557,-0.292330286998412,-0.266682877817158,-1.54892132363533,-0.979378999407346,0.511293816574951,0.0105676823803067,-1.03827665398566,-0.536601561846511,-0.0266153467332706,1.48178466047251,-0.357316859195982,1.21753989668069,0.186191417993896,-0.174542557451546,-1.44594934258608,-0.0729655788891289,1.00099063448618,1.78139941071159,0.398637057546354
"6210",1.00145228741563,0.990749841206113,1.17610015650001,-0.484014662624056,-0.524839804493658,0.2521908006748,0.66893022886591,-0.507081285340022,0.507172952009179,0.229899137876681,-0.248114407513965,0.642440963006788,0.769003563619192,-1.96196072654836,0.591781023873901,-0.491822718784017,0.380369795988177,-1.68311462268513,0.623997796671772,0.000697647904499215,-0.972305506114344,-0.321593453647873,1.58533905784578,-1.78326496864592,1.67169821245233,0.230775645803307,-0.947958761286051,0.427271773540449,0.68383805765363,-0.11612654366536,0.0635673995868184,0.277263634596705,0.641247092159764,-0.584350360668736,-0.309156649103823,-0.431633985170394
"6211",0.387060734717701,0.0649183436229146,-1.38350129087549,1.45858910333274,0.813646235021589,-0.590883452744183,-0.364686867563038,1.86168834162893,0.502236837841568,1.58308360512114,-0.340467802103759,-1.54259368486189,-1.37614205617437,-3.05572343685241,-2.07109741437169,-0.33438667149008,-1.39715198686806,1.6784992122362,0.741286120034095,0.430816515232305,-0.642255706512063,-0.50593950159226,-0.61100763903702,0.942905349094691,0.86791875886838,0.245838354626073,0.634826547603207,1.25254828655656,-1.27944684031558,-1.78555639293948,0.551983962494429,1.70348289341711,0.893735990292899,-1.14421307244438,-1.03264550572513,0.808333086842463
"6212",1.58010527433173,1.28141291535853,1.9024969322915,0.262596581423825,-2.08753491990199,1.08719611825222,-0.271889914414836,-0.0191702767168497,0.112256766241531,-0.813289984582512,0.172023684818635,0.236707132037336,1.60792794499365,-0.656630416040606,0.515769734078442,-0.923147732263641,0.476094330333065,0.209654286790038,0.555917237972836,0.465697824145835,0.817217337218371,-0.857043735867308,0.0909198964777536,0.851380614926256,-2.36452846407992,0.698775678798097,0.444868416093056,-0.803305881840914,-0.724725415213733,-0.585004168615119,0.159810908971233,0.612066515405481,-0.038057572036327,0.205723705802412,0.297382844956404,1.21412562767566
"6213",3.27655672737284,1.79838135204705,1.26926186346315,-0.785081789633226,-1.69295319351751,-0.44274987366697,-1.41744768508253,0.270893503271257,-0.110325912067403,0.345425588294771,0.279297918420479,-0.445677578807647,0.94772254035223,-0.732226613315947,-0.95450032011135,0.132477718308909,0.302253687071028,0.344807839119089,-0.227705915224366,-0.779795290157064,0.408037881611289,-2.25264454549154,0.292052007938916,1.88051507392625,-1.24549102464956,1.0188698879785,0.588150266797066,0.00265304932632033,-0.40642289486105,-0.566909964077405,0.653962917270255,0.106187350201913,-1.19639362379035,-1.40537268248006,-1.07632152943843,-0.014246888021594
"6214",0.177107301106604,0.292569379008313,-1.10224055353006,1.59470854466373,1.63414150538036,0.780151631273781,-1.04644160764219,1.03334858337796,-1.24460772440611,0.381951873399783,-0.838020688830142,-0.815345619975588,1.35973300308267,-0.573689324611474,-0.934044691182518,0.987697837996718,-0.647385638747098,0.342359914842446,1.23886838351486,-0.374856302599128,0.801238560670875,-0.527632855482389,0.928455220717195,0.14436167432631,1.12653974697824,1.10217600296815,0.861300502754168,1.27790841289544,0.0948589853112267,0.0472593173103658,-0.760259160746948,-0.45919448580356,0.255066939830722,0.774805543091988,-0.677501535891548,-0.146602951184212
"6215",-1.9841324470441,1.21190626619573,0.76091201890569,-2.03642713235452,0.158479293863165,-0.794500599579177,1.18594730414017,0.926693754561783,-0.363230121530377,1.09789906581858,0.0504932113318943,-0.212255573012996,0.81516705938417,0.0927505618035781,-0.0511643789506558,-0.0960467110630577,0.622180222591261,0.248589374098173,0.95606996880276,-0.594419505690083,-1.06413856560191,0.183468362827301,-0.133577062909126,-0.325260385429059,-0.238585560137269,0.891416352789257,0.624152473856215,-1.27521353164942,-0.602456912663282,-0.104516670406566,0.687814929593113,0.116610917225592,-0.209780665107468,0.613227964237186,1.04414340083777,-1.20291115849505
"6216",2.85463167185802,-0.745101867557219,0.925248577458321,-1.55149815890524,0.345032155392669,-0.226632114469426,-0.10157631947921,-1.6591952844501,-0.273458512736528,0.188676822955181,0.320182671793046,1.62206505018423,-0.323572484766059,0.645200492102151,-0.375362119127227,0.277133267011932,-0.141238189174927,-0.119514462538071,0.180071651657373,-0.745179067594482,-0.662293539076185,-0.395653875082958,0.157142042997484,0.981887481519505,2.32216406341435,-0.447420206216491,1.00195873248969,-1.22055615457869,-0.808986511151346,1.54286589990206,-1.58887798865366,2.34659482101722,-0.808971988584807,1.23779110796546,0.168603807390264,-0.0930639192389752
"6217",0.138062203502372,-0.66670565471414,0.803669248594014,-0.854266832196077,-1.31262450301346,-0.187507822485175,1.97416960865605,-1.0102180992473,-0.252019785944517,0.683295215189521,-0.574599864816304,-1.47015844171515,2.09355932767366,0.0200092282052501,0.681336332400037,0.830085929461635,-1.34641499315423,0.548449036490584,-1.08757395811767,1.01265032593205,-0.644325437031796,0.857874545562835,0.0246737021215664,0.676316789112463,1.13190121472812,0.534451289201561,0.0715673424141373,0.96734411871608,0.0483857566077172,1.24886069170381,-0.413410909682771,-0.0984137100677518,0.891364644411979,-1.12556397012243,0.269257352420708,-0.143455607062832
"6218",0.741682835289021,-0.647265922261938,-3.62701114995633,-0.615930975844152,0.476813305311056,1.39624880158655,1.18095066824109,2.05357090285267,-0.557501543579466,0.812008671358563,0.503417134698783,0.557709615989272,1.12675101538703,0.700328852323881,-1.33304666375688,-0.415190912366004,0.0238273669057595,-0.175151171477838,0.728421490022921,-0.653651440977028,-2.08865365564462,0.856559955377378,-0.328288027887247,-1.39850696635524,-0.607187815986045,0.206649678186515,2.79302658791955,1.12745850763556,-0.368748250168825,-1.37334937765279,-0.057176957332315,0.3561454316219,0.682425328491779,0.601491237102532,1.20604478784794,1.39105640061817
"6219",0.0562643845014025,-1.33249424905648,0.168462026470545,-0.180621139111105,-0.0657736522207249,-0.00292314517384047,1.50928044637105,-1.7870021018822,0.377633180647881,-0.308377306831372,0.101793762738651,-0.562982351324663,0.864734455420446,-0.768212424041046,0.72600012536559,-0.457339653819494,0.118698660472212,0.559040585633014,0.853024296745976,-1.35546889991553,0.899875338719343,0.371825988419453,-0.151634787250415,-0.286718874607633,0.722894022035467,-0.695228390529811,1.2845142913159,-0.241155128319923,-1.06263180208691,1.08531798549879,-1.46618049424592,1.63970319045605,-2.22147092656986,1.13147032986271,-0.544628302114215,0.305983254802115
"6220",-0.279836678004695,1.07330650859987,1.20120679156931,2.93006219860239,2.18903881972568,-0.567280613994866,-0.263599399198851,1.0527741960461,0.122856491847932,1.50409632965057,0.38912840258752,-0.379404836994825,-0.014578124902072,-1.56166124323579,-1.57372187371284,0.387577870860526,-1.05609436601549,0.667149754473467,-0.359324952059838,0.45267130663415,-0.144059235184651,-1.17929744598302,0.138619338308518,0.133683746586868,-0.205840150011211,-0.356201186854002,-1.04186071132637,-0.660652817317179,-0.446543246337866,0.408137510857071,0.69512105781108,0.105799296737356,-0.383608913262923,-0.0289426500528236,-1.03604508096858,-1.60038351921006
"6221",0.013050757911499,-0.446326015325657,-2.66422942222774,-0.598306552729009,-1.70329178326415,2.62891749241871,2.02758447271205,1.05979319146305,0.975519796900976,-1.18007898599207,-0.694555540873666,-1.26848556568826,-2.58962333997499,0.176496384115322,-1.98848942691095,-0.563564224851828,-0.734233356371233,0.515918358044484,1.07282820469554,-0.0636198127127703,-0.787848463672557,0.0757410895793644,-0.117943204583857,0.652898505521701,-0.156590192999197,1.12463506466937,-1.21997833924577,-0.21830281652471,-0.193746793723331,0.869493158035987,1.24443377575643,0.743049238236731,-0.473595599976519,-0.548508292768384,0.612279880401047,-0.196049104261969
"6222",-0.424981097218569,0.613899501032955,-0.539045182069061,-0.439824897870126,-1.968483899434,-3.3172611692136,1.61442099892242,5.41452886459716,0.714715693710675,-3.09336114930549,-0.472771125506345,2.2602026224205,0.294612622601077,-2.32134999108682,0.123562639271284,3.04511165002167,-1.06159384871434,-0.29765233255423,-1.71206539574556,1.34306939485385,-0.707476775028939,0.284723549062537,0.371362840987146,0.319343992990952,0.0092233958950518,0.130100008728176,-0.35634170476095,0.885195027108793,-1.11037991541755,0.523504441420483,-0.243877155255614,0.557202726607261,-1.37899596188344,1.54110747934971,-1.11980531446494,1.46981722395223
"6223",0.429210381487192,-0.433557403816734,0.408278496097108,0.104939574941667,0.510667433312202,0.00330210118858325,-1.04925988918666,-0.051337230141929,-0.471427444542013,-0.795925134391874,0.393251670514657,0.158831888016917,0.242901136260963,1.53581506610025,1.20775265798461,-1.19816880622297,0.0970950460057279,1.65140426724524,-0.305054937364078,-0.353850182830445,-1.13991778659782,-0.0607498903123716,0.176309929350474,-1.18221505833185,-0.218220622355483,0.295724170325214,0.217338218240948,0.0689032387523962,-0.822667820037459,0.025406683181925,0.257325516909601,-0.463462130068139,0.268529561354075,0.576495371894199,-1.67850552110883,-0.745000331105498
"6224",-0.477176067911992,-2.4988089639158,-0.76031159914781,-0.69326327358633,-0.893737988971049,0.301004838591645,1.67053598277399,-0.297345452023297,0.364879923900787,0.944029940469668,0.341659668038621,-0.773488269939246,1.55502740975911,0.667378578009879,-0.063526788463775,0.481818796178602,-1.24769352806954,0.575789892538095,-2.40417042783878,1.11447310029544,-1.14641288989126,0.670379464214356,0.00911335301024319,0.684321976585808,0.415547129075315,0.836987806146246,0.88042462761913,1.04680625967121,-0.445694836107922,0.479813006908619,-0.522794305011475,-0.950253737419645,0.391870610460634,-1.14383162992018,-0.0517306797642294,0.00214900945421362
"6225",1.20524682299352,0.0559873774146888,-1.22169588252276,2.18534963702086,-0.209896267304107,0.270681558058626,-0.18730887685999,0.977160709835444,-1.34475439621795,1.32563780879553,0.198575689552402,0.116136603244523,1.35499655797554,0.438372348069401,-0.915608709152893,1.35378844414678,-0.385086933179116,0.289198826476448,0.412222414097536,-0.426119244014692,1.78936055924359,-0.850065426208797,0.964222439907072,-0.335028643307955,0.230520506619359,-0.449405776112719,-0.702835380236063,-0.971937264025074,0.0439206352189971,0.0073555281700606,-0.86600811531269,-1.04725764505138,-0.40433083178775,-0.218224398279703,0.232129257062859,0.0950521438494729
"6226",-0.909563482767704,-0.211307637301593,-0.324341540895956,-1.80729632760147,-0.126065713736276,-0.832526535363102,-2.19756738511423,-2.3143110309152,-1.02838415422791,-1.69105790168299,-0.383210447787141,0.614441844109755,-0.303550339091965,-0.497207853222959,-0.88298593493144,-0.945566388618787,-1.08569118345195,0.197945582694441,-0.468392270460433,0.409128554099494,0.720834206470399,-0.215715344394729,0.562395087045166,-0.676497200622168,-0.697519155437942,0.274391669648839,-0.259069503232485,-0.218400820157866,0.50127963528859,0.917596216134088,0.0728801397989961,-1.41143669073762,-0.87125505861678,0.369211738431223,-0.381004781893371,-1.28563004908693
"6227",-3.78297393342607,1.18519115082812,4.12531064690589,3.17443247907433,0.368693841059343,-1.51153125677249,-1.76787984375763,-0.17679798406488,1.38589845099171,1.35584836172681,-0.810957995913335,1.83679160449342,3.08192721875425,3.73236457239088,0.434531471964964,0.221208521179722,1.30721533884882,0.200473303469351,-0.559795930787094,-0.707075131470241,0.840557101509662,0.453587088508428,0.936252384545679,-1.58941774960405,-4.09953532146396,-1.70754589001007,-1.13933582585393,2.5200958016161,1.77601250748677,3.57058873503724,0.180545727413992,-0.16099002113508,-1.52482244928999,0.438944912910669,1.62180709694737,0.99176309773799
"6228",-1.21129285932112,0.270315940544743,-1.09874971918381,0.395297056477553,-0.582561294067224,1.59382257755087,0.510160503806821,-1.51645045709024,0.688282825294533,-1.84811696928735,0.6206579810073,-0.56761875844539,-1.35611890319779,1.6200885268668,-1.45302627856776,0.548908879509261,-1.15103555536843,-0.128262914543166,1.79925111593443,0.236285675097278,-0.834142277092726,-0.0228171030372314,0.719759906721276,0.808768073441596,0.450044788359544,1.24531908451996,-0.612803521744787,0.840354332586918,-0.782467201037241,-0.519446343149632,-0.0780173528996681,-0.0023254070814884,-0.375916637985014,-0.19582018792042,0.246968323003065,0.299175897978965
"6229",-0.424868396635593,-0.474143374256457,0.701830945027274,-0.830814950500931,1.0257231630755,0.217727931004232,0.754891244784026,0.342258734557405,1.73766767454624,0.0108575353910179,-0.665713296833868,-1.10262771483293,0.389585955972538,-1.42563068601466,0.663522888356123,-0.884766695490728,-0.737761768552228,-0.475463842322807,1.52105778054865,0.300935846599123,1.20622273733472,-0.608049009389698,-1.32163645605824,-0.669686444190233,-0.257826688443178,-0.216771089437084,-0.141116135121702,0.17463795249268,0.492644297731031,0.749286189489477,-0.411715491222134,-0.905767491630531,-0.746025585201495,0.168767441364404,-0.25434759067295,-0.750941824620348
"6230",-2.34076055309387,-3.60339808951472,-1.57373427367398,-2.7904985093618,-2.60624756640812,3.15082624168616,-2.14840100226049,0.89104095187765,2.13644661017563,0.793454707446271,1.88434965813681,0.930577048166461,1.72260061687349,-2.52179415328326,2.5240607471266,1.61530808063106,-0.663957544164002,-0.584497104625211,2.45190140297748,-0.409214370186389,0.32651838493837,0.710202764617029,-3.49583065583136,1.59704554776883,-0.826573508578537,-0.235891443942696,-1.98510243422075,-0.508129782724993,1.50546991806704,1.70644239523616,1.10231744742027,1.58503438049495,2.08225215182377,2.35093578150106,-0.543294816508313,-3.07864984082305
"6231",1.32740904365324,0.54205404769301,-1.62871397316236,0.566318338145134,0.38415934072517,1.30117761812827,0.649807697360815,0.404058936804247,-1.53280834538184,0.520938197551543,0.371974740202256,-0.471854261306625,-0.495698313699168,-0.240229419858499,-1.00890383016939,0.0974029022009254,-0.47500621279861,-1.63814613617465,0.499356441097264,-0.172564007491489,-1.17655104594368,0.355088739701376,0.0928247541891168,-0.634216255780113,1.96561786308177,-0.119381081073008,1.45158312846032,-0.00174347983137998,1.29356868817399,0.291539682723856,-0.311199392700177,-1.78005420423667,0.257394036557146,1.59420366762655,0.900286268452931,1.40969236388632
"6232",2.42940032260604,0.154368363602324,0.367522086961124,-1.07404557239368,1.29406570752347,-0.126895874395179,-0.370887684802399,-0.16578023710641,0.164100554332638,-0.126830774859382,-0.742190900747643,0.982156278936269,-0.660264205932727,0.101485098833102,-0.430114062311289,0.144357704347784,0.292877209813984,0.311905709874902,0.297480134568577,0.436061672356011,-0.773920421996825,-0.377995792990283,-0.148487579910287,0.301538886720242,0.189423998151599,-0.382418584958858,-0.0434193630751046,-0.265037363748835,0.253287956064165,0.194777009185478,-0.426598805503988,-0.769949927955956,-0.212829777675116,-0.25949030126704,0.355600148698287,-0.587257007063893
"6233",-0.220968549155626,-0.0273439710189641,1.47351978595238,0.34625412168352,0.6080763336372,-1.21067631201377,1.74789704494505,-0.757955440635297,1.61372791474259,0.411940100876076,0.439626095566493,-0.847573561287562,0.738489082075925,0.823809678464971,0.186614916433764,-0.265090777370467,-0.765564576746214,-1.02488894971889,1.03687082105315,0.113178870665702,1.33019413675037,-0.549613712583475,0.341775891943455,0.0447145738212656,-0.651963630186067,0.38890214731352,1.30704940338238,1.12051092693446,-0.178052563488984,-0.4722611139031,0.0296247285916847,0.442943865882921,0.546381688569413,0.562237090753095,0.497343387766054,-0.794483409857098
"6234",0.24978777357057,0.760568204011659,0.727776219303414,0.906587088629393,-0.243768824028619,-0.555507221632778,-0.0539595784962071,-0.670792471072214,0.254370569205596,0.78038339461494,2.02445996941097,-1.09677247148127,-1.43278307479572,-0.314832804676654,-1.43441104492759,0.813842497433626,-1.57550811008559,-1.90392124175035,-0.54244669411744,-0.0571468127599448,-2.18772301486152,0.451969438702939,-0.331487808882899,-0.159609200965972,0.16205875079237,-0.49183586699074,0.952231545274941,-0.383200789072748,-0.49568922573125,-1.28898254204019,0.302996897327574,0.21785988256231,0.67520237895429,0.916318734614483,1.20783653014908,-0.25413004490455
"6235",0.135582888216861,-0.572897200019894,0.406509504417714,0.373226699725064,-0.297021557484273,-0.249817207452726,1.38332688022846,-1.39194122470596,-0.206175831860196,0.435543730483328,-0.329253892635133,0.0357151215059432,3.27059642691445,0.368830379784422,0.315102059121181,0.390282600690186,-0.68826460485841,1.42673692350245,-1.75342463863911,1.49319001582945,-0.831146914588373,-0.106640106879833,-1.05302876213205,0.316759336050214,-0.156918814850918,0.690453187458644,0.0448589986654873,0.114079330830439,-0.384479545822137,1.39372794745658,0.317975156330415,0.20513778555002,0.671431342515162,-1.62867585094543,0.685516370386944,0.382796727074025
"6236",-1.83255045572311,-0.690346617738282,-0.295517404075924,-2.25377637246291,-0.66237369788347,1.25523052917465,4.2514542234552,1.56888400013487,2.37392671990708,2.24899350158202,1.27273386333749,1.91840671950537,-1.05553532290105,2.63549790647704,-1.98635314189931,1.02165675710169,-0.568657846943519,0.266331486510335,0.51971897772752,-2.71691813383026,-1.93725501149603,-1.98885368309743,-1.83121747607007,-1.8853835661522,0.000721212445573383,-0.30851654094288,-1.85549154320648,0.860023855595148,0.797156794390516,1.17911837521301,2.00180726888228,1.18998130665011,1.39605912309205,0.454429408443132,-0.847396818045943,0.384250984036334
"6237",-1.57372750119494,0.454636228737011,0.106080112105244,-1.07351390359245,0.523185919998769,0.179525888613247,-0.953306054348944,0.022733508131751,-0.984409171564097,-0.073178563269936,0.613405695925103,-0.30721033248379,-0.162190383538287,0.0690791830222871,-0.011319424955319,0.0865148625645222,0.18065553798825,-0.466477173255124,-0.102508675360624,-0.563166188999035,-1.31031585792469,0.463251393234782,-0.295727116764714,-0.1244324747458,0.629345021025433,0.204430448417883,0.509564409423078,-1.10378761472026,-0.0501622574166699,-0.0666874535333236,0.742701188734919,-1.17586181041696,-1.35799673848319,-0.286146295078218,0.574807643088177,0.963189200960578
"6238",-1.88459402105248,-0.0211084846461824,1.23664352632493,0.948953442845127,-0.662867407153742,-0.917551349548992,0.439843264815261,0.265891791430259,-0.286349727698382,1.16223135221534,-1.13151806161882,0.0883680299907269,0.325363164375081,0.589985049727147,0.608566252334418,0.652919857511786,0.286322258024292,-0.209519786349644,0.543743031955793,-0.793326076703732,0.742636988567406,1.31890874431698,-1.03977759095508,-0.683930460570512,-0.434098635706091,0.80736616558587,-1.0086075607936,-0.588486710741864,-1.33711389432724,-1.21385630194304,-0.192401875604391,0.0144566225011707,0.266386432257555,0.614474765773412,0.250876202734436,0.969035117585711
"6239",-3.11847701770616,0.780390892155379,-0.317914976541831,1.8893537474367,-0.123761465605521,-0.545391768891877,-4.95070784939019,-1.03592550813776,2.83064323222979,0.524481447113068,-1.60240530137333,-0.972553919431113,-0.108403120943978,-1.21174592450069,-0.751775721583131,-0.666146926676254,2.21994894320439,0.970987568049373,-1.31378372433104,2.37621242113641,2.91070583007004,-3.61935165005936,0.014038514693987,1.61427231114907,4.82290065000585,1.08866508687239,1.07020510965542,0.877197698926569,-1.71786367887245,-0.141102196507096,0.127754713712824,0.964071738674442,-0.185596268936611,-0.384795115219078,0.95815547889966,1.94021385287717
"6240",0.923389632664162,0.374973681962468,1.85999947157649,0.939931806148225,-1.0291552035085,0.131236867956434,0.123277150087479,1.35964420868198,-0.878245700418145,-0.156695153931514,0.471360219842666,-0.385841924061748,-1.19775576788737,1.59072349715345,1.31369766596556,0.0437353647084043,-0.679783454245834,1.24512520769299,-0.594248551445646,-1.35452054761541,-0.20708055667216,-0.644982906557007,-0.527357194990521,-1.51120934405739,0.929159093355557,0.464470683152567,0.197466826446666,0.293525306051907,0.225999444832652,0.527471294204012,-0.13421332084775,-0.450054087777436,0.0976631813136895,0.0492726516395914,-0.0775068471414896,-1.50402159725503
"6241",-2.1189656478539,0.0887309875919641,1.94705110813026,-0.14654560219389,-0.554561367584274,-0.275826514862566,-0.322816576491697,0.329053195046938,0.123745482798356,1.41949143870607,-0.692417850315788,-0.0684527474810959,0.253500653147352,0.0242606466083133,1.30123861303641,1.53015446604599,-0.284542111395767,0.160347122152619,1.68498638593568,-0.522835826463135,1.73330752584227,1.98394064752646,-0.995006806053951,-0.0684683147285474,0.377715466403633,0.956925922697557,-0.998571482566938,0.178965842884846,-0.368740880753316,-0.735511612459761,-0.769232570318018,-0.535316973151414,0.111195401691045,0.458845088751545,-0.0710893958275404,1.10073529200534
"6242",1.10402925974749,-1.67714713535679,0.600395467687463,-0.524007385160457,-1.58730796227425,-0.945887648834056,-1.65794091633852,0.422034618742353,1.7883282795141,0.374281448042268,-1.72544571084213,-0.771972225274088,-1.9877359637298,-0.0211573953473111,-0.918013308631346,0.0433800607119929,2.5181495837316,0.251624839444976,-0.380633740541738,1.90027842038409,0.499624873008576,-3.28121704882237,-1.40193480126124,0.381076488959884,1.16178570064262,-0.103894061171013,0.532998315991642,-0.655871311213473,0.269135267169363,0.941071334767903,-0.752732086363054,0.126287212314794,0.824233693563323,0.0572353938567478,2.37249510918305,0.982724177007285
"6243",2.19058116835467,-0.053060183402829,0.133902195023237,-1.09770427534815,1.61083360539448,0.130449214366378,-0.257624308052911,0.328846200077037,0.52645314742376,-0.104861036500535,-0.731939276597437,1.21236595100458,-0.17335016755405,0.2961169745605,-0.637727067327018,-0.170540750494362,0.276030779556975,0.494635506581349,0.259538775737643,0.442219542259138,-0.846814861700876,-0.121098547315295,-0.0715562860858365,0.393237816429867,-0.339401296663454,0.0169626698024993,0.360599534427198,-0.101100105808121,-0.0905904492639828,0.128585686964937,-0.0541035614215528,-0.0163305774570486,0.109340106889254,-0.183180213500385,0.389125460109569,-0.786645532459383
"6244",-0.941660497241823,1.1771394147459,-0.531001319693664,-0.833992723402708,-0.448617523724464,-1.18030328623863,-1.17580153592871,0.483624607493293,-0.49336017341911,2.03938423265298,1.17369368118694,-0.994912708701329,0.351512831821217,-0.0562634887585562,0.121814954137649,1.5639827255304,1.3794378932613,-0.0174535477464165,0.835362291962234,-0.70670334323732,-0.871542636638275,-0.0601035456433195,0.707181161136441,0.365813945391741,1.58399501248396,0.515336855463448,0.467349377448808,-0.556570528893787,-0.0300614149581343,0.431524325964243,1.42383606803315,0.0545613118951062,-1.31438098896318,-0.807775855846871,-0.890968268371631,0.0797332186698203
"6245",1.19149542528259,0.9591502510554,0.875130341271208,-0.272086539655709,-0.829187334609764,0.32886057128245,0.681391012619348,-0.408780345480708,0.550972854187598,0.381471560083568,-0.202735939706455,0.362623827084566,0.629167303937723,-1.92422420053129,0.792969590325986,-0.456849049059619,0.442623075369369,-1.82445749633696,0.713203389454013,-0.106002807076903,-1.19225457345464,0.159082803949025,1.76413387413207,-1.58467211888944,1.6285038198912,-0.151523218582933,-1.12264521018664,0.84993729536279,0.863422835085536,-0.0985627949338578,0.0620424009513801,0.111831756219945,0.482476078593856,-0.527045189993956,-0.293832524100939,-0.103046605637932
"6246",2.22066122112552,-0.211148371435379,-0.235359446689043,-0.985399585736493,1.08561088578596,0.111018040374059,0.421610631677123,0.404969842912631,0.509179760960344,0.355591884482254,-0.4148311491587,1.05068301724329,-0.709041164315164,0.0986081237753308,-0.521004678037937,-0.00869133980245486,0.47893747754012,0.591460794503398,0.400547767457983,0.491811570089186,-0.758845351788662,0.0622438137216891,0.243233679209618,0.476064418962435,0.256047812069981,-0.0140915086655917,0.554509900776774,0.147404091243266,0.0942628180581456,-0.0439338347227506,0.0575510277887722,-0.0411026443905922,0.487927221784493,0.153138025943353,0.1448333283655,-0.526012308026372
"6247",1.20767229842737,0.196071709174407,1.51888192732049,2.33014342944842,-0.552740435748856,0.769595838240921,-0.658357996082915,1.63091725793479,-0.394673787531931,-0.312354561956556,0.384281326284857,-0.236679282262516,-1.03092441266646,1.58905073984119,1.0794334333354,-1.69658071154594,-2.05146789174695,-0.543928473621234,-0.690817803076029,-0.499909531570443,-0.420400360565999,-0.205879287369088,-0.312785054230974,-0.778494922656142,0.691041234318023,0.907800581862381,-0.15929848532953,-1.26846471439787,-0.575705964107371,0.961184520791583,0.436595333690372,0.978404640240656,0.828089821710038,0.202944197063482,-0.127772138764915,-0.493098301033944
"6248",1.59939685362167,-0.16220962132673,-0.791824096532228,3.01433147767479,0.89589954040352,0.475422935297083,1.53376056573603,0.0897244488003139,-1.46414223144908,1.39720239616859,-0.0634017212825614,2.11920018066238,0.157905623546813,1.08716766788789,-1.19200652936433,1.06507174789783,-0.166684721470892,0.0742676397624507,-0.0277980841547579,0.0374112435451434,1.60119095702179,0.820041743916904,-0.900593995403462,-1.32951181272446,0.882443636791354,0.447474422607629,0.657634642401982,0.452461064808524,0.319427389988224,-1.45513141307452,-1.05736560534459,-2.18472979457632,0.422307751212722,0.752337973885553,0.1954708212808,2.12623641864033
"6249",-1.51313671774817,1.39288977933968,0.534829037449238,-0.855163857301657,-0.41449838759164,-0.560265463034267,0.468351582992917,0.409111437278752,-0.601401458452159,0.88408951123257,0.0212843140305553,-0.842061339719915,0.342551827888578,-0.123360051715025,0.5581520065575,0.0788861205768359,0.966747950888422,-0.274272349931796,1.16540084671777,-0.135975025966955,-1.03362210388733,0.754539346650797,0.0171904573313577,-0.0319425222560305,0.424803269715108,0.362736894322839,0.266411260160355,-0.925311553160252,-0.089570664130635,0.332677985419182,0.765859619814884,-0.171700151527885,-0.533391304204288,0.628598016201391,1.05452942756079,0.05356515942418
"6250",-0.361751291275882,-0.658514301640772,-1.70541437110654,-2.22395875504623,-0.772969965796677,-0.637729161783086,-1.75127725536689,-1.20253462398373,-0.54274757496682,-0.890976697039117,0.0242301972003756,0.60099423695808,-0.00282324690349978,0.281093244931199,-0.250525771706764,-1.13701215133847,-1.45818662546989,-0.117948985013407,0.15618601732837,-0.0578342706803653,-0.241149585346353,1.24261035456295,1.03647951792418,-0.613920232384214,-2.02285622038127,-0.717587156273934,-0.331605275956098,1.00011718511468,0.310507920142081,0.370135832298384,-0.00300352112837867,-0.654929530354527,-1.03848931781276,-0.213520769024141,-0.345816480296876,-0.466165946793066
"6251",1.44639357076991,0.0810255175981233,-1.3470934875847,2.12926788840785,0.337400975211391,0.450876652049973,-0.573129090235412,1.56910798209426,-1.04728474398626,0.849120709198161,-0.536582090732086,-0.12334553019725,1.70366891206231,0.576912212345861,-1.40071894527195,0.596091554304748,-0.638129128786737,-0.0615852700747049,0.245320187315904,-0.34266465722311,1.38896121196389,-0.865775511125846,0.65730007380743,-0.0606942287313042,-0.274066431174002,0.390730430031205,0.00368988154077356,-0.577040646818949,-0.376464687217284,0.230967597663595,-0.144403234756737,0.490531174052104,0.11881083849635,-0.286022404229261,0.618527513442676,-0.0662916579418719
"6252",1.12479368317623,0.323537085160495,-0.352391034166076,2.42543506957956,0.693934870362716,0.536504749838707,-0.589835878865365,1.30983758332032,-1.12496872813437,0.825964128403203,-0.706238811827109,-0.611657408962786,1.34187803829976,0.421149658861818,-1.54742126949131,0.388362349838071,-1.26991336678361,-1.09485495609836,-0.427754919753589,-0.852243502442761,1.05933287189372,-1.31235440591827,0.905123317037601,0.290814129409506,-0.148176515977479,0.268650126038516,-0.839638473010976,-1.36638388220126,0.143505002019871,1.27844437349354,0.044607007843333,-0.182916517180407,0.213739501148293,0.800769105270421,0.564969260959055,-0.779204427979416
"6253",2.18674660589549,0.949625304951848,1.47959283896544,1.94190156136,-1.11533512490299,-0.151972461148646,0.178162154465956,0.932175304867912,-1.24691475810741,0.232317860408084,0.951719086987951,0.33241339208949,-1.37132509469561,1.75515989586038,1.56182974050691,0.026366464888838,-0.493674782292867,1.32473475951023,-0.27933568863837,-0.504180772995862,0.126195173048843,-0.515390711583885,-0.725432098598331,-1.34574277204605,1.35620287337243,-0.0275615633754949,-0.0370755008684045,0.177088435715706,0.593078596111012,0.524445475110116,-0.0124682689772683,-0.764015180261851,-0.334277737031822,-0.755468703762349,0.000118883729724767,-0.343361314290839
"6254",2.90963711912869,0.73904188144169,0.384707580352483,1.46415273552432,-0.0324796713183302,0.296356983448714,0.631273680950707,0.796710071553091,-1.13273455857803,1.07340342444641,2.288889565135,-0.332560269151824,-1.49393952855876,-0.0077838252148873,-0.402387837295076,-1.80595928145109,2.13169914896806,1.10820228446655,-1.89709851762626,-0.446283649551376,0.434732027196968,0.958814501740343,-0.156902784704335,0.321742746695153,-0.393232736780065,1.12856042632635,-1.69549990716001,0.967376814466657,0.219177691200662,1.33503963895413,-0.818355150382438,0.867518763732005,0.399390290680534,-0.302009943787747,-0.121448910146278,-0.402139561051092
"6255",-1.05637937413999,-1.34836237620854,-0.253417563099766,3.42630666742367,-2.30098003713442,-0.527387371775731,1.93830313210053,1.8903327816887,0.0361251553404879,1.39501566572021,-0.894870198103062,0.250768126218382,-0.262654535895455,0.451088482400459,-0.207826913093997,-1.42942313932317,0.986783376435874,-0.82655412223594,0.294778506124994,0.327344229544833,-0.230552043020959,0.00916536664505929,0.0386915262944713,2.11744179494575,-0.651528066369905,-1.75598989183087,-0.668741141813441,0.37396545918139,0.124676306180445,-0.480845774725439,-0.447274237381246,-0.043210180485035,-0.254995536772128,-0.00896526515845695,1.70464765827368,-1.41779025526619
"6256",1.17182568975401,0.120906347095184,-0.471708609133649,1.13981475026993,0.747213280153736,-0.0375381610212495,1.76123867476954,0.10214149308047,0.97989503854832,0.0803665043459426,-0.572859368637232,-0.828549142688646,0.149093338910618,-1.04620336960454,0.4022154555459,-1.48809673150689,-0.166863214904827,-0.46764099292562,1.13122080910327,0.635068307021945,0.890844776885447,0.466646795400905,-0.688276378649954,-0.362477342349604,-0.195872565835342,-0.730530646303904,-0.0957459163105919,0.341990526458165,0.275921012793074,0.243077527519319,0.484452797279193,-0.689370753671432,-1.00037226004437,-0.264534282760306,-0.217427375813884,0.27811292872867
"6257",-0.166982807240939,-1.3185343213455,-0.802270508036264,-0.326619560145392,0.752996706018323,0.344291994915026,0.237600892051316,0.29022722648385,0.0241360185096758,-0.246754327265032,0.296472614570242,-0.330352143352433,-0.324310298582518,-0.896052297635233,-0.528402903998235,-0.0210820580919065,-0.0909237628292274,1.41025177467627,0.041800822737054,1.14907951295004,-0.483560422698204,0.755500644677557,0.105292394204324,-1.11540276287066,-1.7307845438082,-1.65192519310687,-0.0252460804996912,0.62144689920462,-0.864691808230172,-1.41235787663931,0.208351778014479,0.369941030277449,0.0886134566521125,-0.295957737574318,-0.449279407805094,0.559675474049951
"6258",-0.717444565487727,-2.03717448239591,0.126582818763959,-0.180260984003346,-0.127324710689318,0.703533721432578,1.62188433199022,-0.778027211245369,0.024682562190911,0.697807237429234,0.737864042930588,-0.230866280205579,2.0559342377097,0.868896289115986,0.237351379483651,0.860910940456513,-1.35406353539992,0.612424537885054,-2.61356028925385,1.11962205793851,-0.736674517764701,0.736256622108052,0.453081372817599,0.526239837387515,0.207929205296545,0.937769153018827,0.625476608659784,0.43601882085706,-0.0406444659945444,1.27034018425539,-0.125129439855868,-1.08809464459569,0.235117246540911,-0.948104065641145,-0.344826465462065,-0.357490792680736
"6259",-1.11776241936342,0.526001598098701,0.903549095390554,0.936741175722488,1.0563029605337,0.775503407030601,0.124146488958965,1.03310228328891,0.565286468895298,0.746527610576678,0.628905711584254,-1.41790141132218,-1.23327327111819,-1.40645008375941,-1.14508611289006,0.444104952310629,0.477666170375131,0.616653050322795,-0.319331752470687,0.593996604390894,-1.55901468006356,0.749967413346709,0.124179825001409,-0.385104501863082,-0.0828805535437844,-0.721258886965566,1.44691608521985,0.869969973092685,0.830859619811154,0.533254841883924,0.720949653697473,-0.429633130763984,-0.527831523717125,0.502482712246664,0.671766746342295,0.391877213283816
"6260",-0.142081734321469,0.580942117894049,-0.808764158572833,-0.694880657825818,-2.17816757233888,-3.33043687702479,1.73094601762233,5.6200612797743,0.734724574595633,-3.02447537816207,-0.624389530321638,1.93104219271051,0.0387280906844429,-2.38546325459318,0.147343837540041,2.97174872464361,-1.30388875783443,-0.638157814384456,-1.65024492048978,1.16270466021263,-1.00885454965412,0.54293739851628,0.380255183537474,0.433933089795433,-0.0905286746195298,0.161681048987445,-0.387927440240815,1.07146648606895,-1.13406762038186,0.461086181636857,-0.287294702890729,0.627786889200988,-1.35766656299798,1.66149707937513,-1.099894278437,1.23289710370502
"6261",-0.746169857391939,1.42242221213579,-0.203759420632487,-0.343365063730593,-0.33971893824652,-1.03730119890288,-1.38883115329316,0.319632999278028,-0.532761684704536,1.96091626424178,1.20556068315093,-1.03794737599308,0.282903569708268,-0.106053375885591,0.16630493849079,1.47452202851467,1.28216165296138,-0.382337762884818,0.859780115643405,-0.375355714538831,-0.602848605852358,0.0238324510105864,0.792676916440822,0.60482125791059,2.06665948718968,0.568275925386051,0.335552137194258,-0.723051933305674,0.20855869382186,0.846548560273032,1.62491840633121,0.0829486603238429,-1.26684784414405,-0.681458583314782,-0.909634954956221,0.264565240333611
"6262",-0.752085919639827,2.43951399092236,-2.16920705775801,-1.04566216904457,-1.28629218978922,-1.02742176300188,-0.664082434732418,0.0284696275706697,0.306746606646159,0.0939321953995538,0.478863434583327,0.757168827732659,0.203881159591716,0.274586484334003,-1.35980073186032,-1.19646657948701,0.258892749272517,0.068298729571605,-0.169379740512948,0.503042861096504,-0.22925074375814,0.822207776159117,-0.838737496961729,-0.620224438572464,-0.602976996910869,-0.709088063879181,1.44700684389333,-0.346278673785809,0.67489552856873,0.0217096740493048,-0.761841063249423,0.194835364700272,0.140859732433287,-1.23728229654746,-0.735006932977304,0.0325648990862534
"6263",0.670576758097681,-1.05193157785495,-1.46714417341044,0.855545463795719,1.69073907808436,-0.895416472436348,0.651627263553823,0.296225690560302,1.15366634973327,-1.31427743895479,0.544258427066064,-0.684135241423672,-0.209618257577608,-0.924883636483126,1.3912925321082,0.0195680511536758,0.883192456034799,0.5007980177242,0.510822215013284,-0.849280124197916,0.679927960244523,0.618535069695521,0.302296626980434,0.270322901856548,0.31098286398653,0.341575164532599,0.337100598574966,-0.296484961685241,1.00971123284165,0.269305745503569,0.165249708591673,-0.649995930613618,0.240474736576595,-0.699119756265168,-0.0115199643628352,0.48336871072538
"6264",1.36602657001189,-1.50437868080926,-0.729699407974368,0.91320349578102,0.499581669753763,-0.767142514583747,0.0465349154674675,-0.211286516046359,1.23523724167892,0.861487345942183,-0.915632328593062,-1.04633333515436,2.12840481330345,2.77777395108313,-0.705791307955737,-1.25350165286103,-1.86580918299502,2.72455733847932,-2.34398049786934,2.15917132632047,-1.32276615905425,0.15019565322423,-0.206221689708133,0.0220787185092209,0.968360867220609,2.44606818592333,-2.54924254262732,-2.12797809717836,9.96142347572288,-6.33388145545099,-0.51072948839114,4.23622724247246,-3.6328955811269,2.34502565145033,-0.31508271842502,0.588938791157482
"6265",0.760029061747717,-0.384855358569418,-1.51740695862868,0.299984936132551,-1.01067660078465,1.72180263501803,0.572053712306091,0.973824004803195,-1.03762312255115,0.37730316552969,0.483153990113157,-0.611091646760066,0.183919774254001,0.47860274135405,-1.11076297809745,0.496747908236639,-0.0635562165584018,-1.15813470081393,-0.309128958820898,-0.797456714846968,-0.268943450431754,0.684288721554352,0.51997978430418,-0.966316922985043,0.332283560593729,-0.539263672919733,1.02317099987613,-1.13353148493488,0.737173276450528,0.311352826060105,-0.181983155531679,-1.04450300470051,0.124896708196616,1.05224498412206,1.80330235651481,1.07871801813857
"6266",-0.630412638717088,-0.830727330140006,-0.0365497991333632,-2.23100247758509,0.71479575394314,-0.523320032396953,-0.032202011084497,0.224818743727255,-0.979048659450946,-0.477911908373565,-0.294300734286929,-0.00828916577598242,0.346276417592864,1.14933595503886,0.134965194714776,-0.500899443769011,0.128540626923479,-0.25887918321004,-0.0265035244948976,0.320364839312315,-0.00347318973485539,-0.296077408773407,0.12379638566091,-0.0929389134728637,-0.116815199444791,0.104533255356227,-0.00452825164908396,0.141753721850308,-0.507278086463137,-0.259490697761011,1.33818954728768,0.543137481064702,0.139309674332759,0.125408809050025,-0.000749680209515519,0.121041350438589
"6267",-1.1739100213444,-0.976524196228488,0.120594826600829,-2.26940755769087,0.884223691502088,-0.2898114489842,-0.264068681525047,0.133246727727329,-0.751846884577363,-0.44099059226898,-0.172625413616353,0.0199163120630007,0.440056581992385,0.856900087756664,0.214921454397318,-0.190363276981515,0.329167129695068,0.268875078449266,0.129549689323987,0.551816795039846,0.491635012769959,-0.073746449536904,0.26605134461683,0.140782122984584,-0.19385293960185,0.451578065990041,0.0561887787844389,0.0791203707945608,-0.422203345557919,-0.217208841105248,0.979766761275811,-0.108367803108844,-0.104573633142992,0.385786486731925,-0.137943987349588,-0.294424765950779
"6268",-1.69200726063137,-1.32986594724012,0.408176254731672,-2.86832826511269,0.253691793210879,-0.581399875783547,0.274027755800887,0.301969885493956,-0.60430919566702,0.218451654490077,0.326117602541846,0.0173167512023669,0.177498124742321,1.09925737609579,0.380593563945935,-0.108430681364328,0.0694638009783838,-0.00115278010787793,0.215498744383487,0.00605729811753208,0.300036508742776,-0.650315515561424,0.441055956409262,-0.205533708164784,0.438217415321329,-0.646714162446028,-0.408094420700741,0.109794724938535,-0.18040539913924,-0.396007758462853,0.659307229205505,-0.266763916984262,0.299082577354817,0.387627772923304,-0.298302886767687,0.484332748953774
"6269",-0.578997872628772,0.0645220647445395,0.348488472141932,-0.861674987463535,2.2016349914813,0.311729108280483,0.618029645529475,0.346614827360838,-1.63199678440998,0.326031370744102,1.54072615570108,-0.0226795961698329,-0.237632355395063,-0.882355962053143,-1.17434078100771,-1.21965371099553,2.14229813368188,-0.520396303921917,-1.2403313260812,0.302698055925644,0.970228308506411,0.55398956023008,-0.0626764782219563,0.619965367718524,-0.421872642419993,1.76336719910234,-1.52012028174895,0.940734831119559,-0.334767638234838,0.626626739693736,-0.539475954582902,1.27577718217373,0.190290391187671,0.21584325740933,0.220673475136382,-0.255443156597012
"6270",0.677696983320229,1.11789439393163,0.232292492284897,3.09911177679654,1.86378404123534,-0.449815548290836,-0.969155769247155,1.12896859146887,0.00358484342895675,1.02526522504829,0.0480982980364587,-0.493480292625751,0.00585355891607732,-1.62368435634514,-1.34217963342824,0.172797125566442,-0.943002434451024,0.733697978300336,0.326950505666014,1.1496255605811,-0.082729471023278,-0.497168680657997,-0.191304886166303,0.147405028616528,-0.0607047733492629,-0.114624821820422,-0.332442855744857,0.0676117074941056,-0.873978996899556,-0.185625062139623,0.797874898861714,1.29929132417624,-0.398061556390479,-1.18301804198367,-0.860676987822926,-0.332344499355533
"6271",1.43824696139323,0.165544902083036,0.93720205845665,1.6852959602666,-1.46473220171323,0.340553491793941,-0.207227784592874,1.39449667355388,-0.748176132138245,-0.199720764240968,0.659000317718789,-0.231067218943797,-1.13765911288941,1.48972687108509,1.24081673258572,-0.695250500981762,-1.0236818913732,0.810707906766897,-0.330187284333916,-0.893054017845612,-0.187135264575834,0.158005528799855,-0.540442272939717,-1.22236347568266,1.26108614337862,0.0696924266033023,-0.108509049852307,-0.114434306950252,-0.41993511887158,-0.163311847323836,-0.18977972641569,-0.122809574242563,0.134345618736068,-0.434213923338273,-0.149852120507736,-0.320472902768335
"6272",-0.322113153038739,1.01548371906346,-1.67983730044377,1.18062625234193,-1.10228153875307,0.0307853406468386,-0.326763531215945,-1.16379682762391,1.34696211542651,0.157918946291271,0.915505282446447,-1.0018297311747,-0.609474149939998,1.60179625535921,-1.99967143208497,0.629879174042787,-1.20795290832143,-0.980016694384247,2.02012546448383,-0.166745080550542,-1.14533039948561,-0.910230158175315,1.29639980965891,1.71264200859869,0.680408406112345,0.867894376008311,-2.11043754877504,-0.356692612350442,-1.41530743710124,-0.0163570721739533,0.298160045831566,0.59311633240803,-0.706661191713398,-0.736850266099797,-0.921627126609588,-0.523972410843883
"6273",1.27467129320854,1.7326626235423,1.57760279572192,0.472245369074304,-0.324808582359763,1.21875423997302,0.599161489737013,-0.409074850565894,0.0101576228572572,0.0402173386661906,0.752805823160328,0.601522194262266,0.827561604442685,-1.89907810007586,0.403523369837858,-1.60141643907802,-0.95148861037205,-0.571032060856532,0.709593965699883,0.14993819360077,-0.635295409568416,-0.877401833054346,0.0674042869848249,1.69670028583153,-1.65205376623134,1.2506943778541,-0.103676947364413,-1.05087787229293,-0.20376609116819,-0.32666314997289,0.132382367204966,-1.1843261553616,0.42326072249769,2.37694432918025,-1.18991371134848,0.198473580292422
"6274",-0.117629993903648,1.12466021072966,0.0699188218902632,-0.150257376351123,-1.27790457876971,-2.98831565853896,1.34154476081027,5.38565450607503,0.553071267881495,-3.58523927227926,-0.968424763308143,1.89511499680622,0.306111972239637,-2.39499218322613,-0.0170063132400227,2.83902036773134,-1.45955560783253,-0.763529043815129,-1.86471583160627,1.44870314115876,-0.591181207421929,0.694002393487702,0.732185291476668,0.828724738452411,-0.072586714219891,0.82758110152671,-0.172332555056997,0.878047757638693,-0.894946034785229,1.24633658822219,0.209966514596293,0.90344323131563,-1.37818701802759,1.81914603848527,-1.08892471868952,0.848846476871863
"6275",2.30537984796967,-0.164504900783589,1.65461607626616,-0.951627398896645,0.32054695013348,-0.635165259229932,-0.878633917743107,-0.722839135661852,0.763050023240555,0.737736471739821,-1.38430507103656,0.836309480331005,-1.00997926382348,0.834051158962838,-0.459111121703685,1.50117903609389,0.7023649324013,-0.413438662221122,-0.207223225585757,-0.654840887249681,-0.121887679458807,0.578259994259034,-0.697327720626384,-0.364024113242988,0.237210946585842,-0.118878608621291,-0.235815204776121,-0.129375397196494,0.224688902141527,0.021879577223525,-0.594504298012555,-0.454555036487503,0.156187579327641,-0.433013823729618,-0.151845764902358,0.657983848583334
"6276",1.94293921712504,-0.304236984913627,-0.882894452089106,1.89025316841769,-0.482796943556299,-0.483904792728934,0.106011464274705,0.213801222327025,-0.104944493601005,0.745693883165146,1.23521974371905,0.622547688422462,-0.671018159601423,1.45740627084963,0.792326981336116,-2.08276986256732,0.34909055114816,1.28619517072332,0.0455337069681877,1.06974917884575,-0.55484243429829,0.856809656357705,0.435204737047259,0.0236012221863749,1.21498773725227,-0.323956020380134,-0.305967707562611,-0.218830758325499,-0.784819738736178,-0.63623531088026,0.133950714730809,-1.55613476757462,0.140000028597771,0.706783887983908,-1.66029783954396,0.233602674806532
"6277",1.44594701570358,-0.618708364654259,0.300096662545445,-1.67950605265461,0.889547769443079,0.974503648656881,-0.291270184008836,1.10875612818817,1.71577254586454,1.10063277118102,0.572319091086973,1.19786165595229,-0.0791217340983519,0.165803824790235,0.273602287802937,0.600108639824048,0.118747100695123,0.300120002350401,1.35892442542174,0.704866443958754,-0.105196189883111,0.711267497565101,0.0796720434909894,0.844526680751114,0.755802959201762,-0.409479350471301,0.0336870739221803,0.806743863793611,0.88677981231821,0.747927538724478,-0.237277057578017,-0.218389786656169,0.602814992904365,0.679252165882041,-0.0271131992260086,-0.561846075594464
"6278",-0.014563227284877,0.990991787416849,1.26870537189094,0.752948350942424,-0.333354578066087,-0.69584577311742,-0.476641123274686,-0.993997521371541,0.093351544274011,0.353400279385753,1.75516736075113,-1.37683924740869,-1.2912976883666,-0.35026946119766,-1.25912683676627,1.77436968016391,-0.305679271847007,-0.797439932137922,-0.325906520567475,0.168635900138674,-1.53891643865942,0.230712412294723,-0.546324848193087,-0.390474302165915,0.772912261929098,-0.398533010866896,1.55262205927781,0.853903502680367,0.0464119343594674,-1.17012429881885,0.170606957045738,-0.165554007554374,0.237074102842242,0.640004149995401,1.44182346894768,-0.27093362691062
"6279",-0.388527806737374,-1.46337449536629,-0.667245391971706,4.45194607364958,0.687631648771291,0.416815279281289,0.229956209527661,2.06502264455168,-0.0846924870410815,0.461515154163297,-0.819933816281119,0.789911850371203,-0.672881761308032,0.996771624223729,-0.765970064135456,-3.4800691046154,-1.40158925234743,-3.66868822157487,-0.189211715449348,1.14968045308333,-1.7946820240701,0.513959997216207,0.354520733951315,2.9104081241084,-0.0129449036343003,-1.03951944532824,0.0029196473628287,0.66724210373121,-0.16738612417565,-0.192986463421967,-0.0607127566339041,0.263868580305845,-0.523158104092418,-0.186570716418793,0.501683770848831,-0.311585758733373
"6280",1.37964384924722,1.16892724727438,0.869086890248156,0.628449597221017,0.298612548706632,-0.77032026352445,-0.697714743510991,-0.418268131964195,-0.647247196593591,-0.701375638835464,-0.787045969433899,-0.237259201247832,0.802035082937572,0.823484275118812,1.43740877761712,-1.46980896471754,0.540030769095221,2.14266380090961,0.794669689194364,0.220384489473792,-0.883821475244355,0.0912707228631903,-0.28299383640143,-0.700310438647469,-0.548056462930354,0.674000111023391,-0.199773068819692,-0.0765031714562905,-0.846663261512143,0.446193385729899,0.38495185312957,0.200684292686699,0.513453968696452,0.663077337150934,-0.928595863201361,-1.19142040241812
"6281",-2.54987169094801,-0.693613897771678,1.72807782092107,-0.437203416198027,-0.283972764354438,1.86596423153172,-0.208967530555813,1.52211444993655,1.59958128246014,0.972631976089378,1.23592020793923,-1.68734838393173,-1.27933268410176,-2.18074478953131,-1.39913986928706,0.975077417157708,-0.266217613088391,1.72730671809892,0.0821948155231512,0.765127377300728,1.31960518698891,1.7392869474592,1.15904819268132,0.499341746979832,0.432168478472062,-0.189360967940212,1.34175809911506,-0.775402245913858,0.461309750802558,0.0678315200709704,-0.204528487122859,-0.529840136721955,-0.0549990359625502,0.0795788489695271,0.70121878462522,0.260367641805009
"6282",-0.592225393446873,-1.56144094367144,-0.153192756041507,0.319125000112932,1.72121654341857,0.223728286894649,1.76256630250614,0.326949098295162,1.18295356841112,-0.0373129797928416,1.11715323409411,1.23988090594709,0.741112381136197,0.443283018301812,-0.139832180478663,-0.944965017807095,0.137431136958352,-0.521112202875688,-0.768945421266683,0.0516356742926846,0.594197670547745,-2.32568646187956,-1.60517961027738,-2.56221023605503,-0.382556928408555,-0.639482947783194,0.578529206370635,-0.685957318974808,-0.00954284381087953,0.299387530433876,1.11672470758648,-0.336274030284623,-0.53984797448374,-0.205985568388132,-0.691441400807262,-0.288585700215092
"6283",-0.722264644316919,0.642990601839988,1.58909009143891,0.259172618440069,-0.0586188926941068,-0.47944051620508,-0.37874229985353,-0.485456221561576,0.45043961348667,0.525032540279193,1.93219830698875,-1.14183704823804,-0.683980312118149,0.273104561329586,-1.11834053419395,1.42518383522103,-1.07240919317097,-1.17539040964201,-0.144700985701785,-0.103662770969571,-1.55933236348278,0.781460669398503,0.359802946420148,-0.494948711797296,-0.181719411893276,-0.743177836203242,1.30673469641757,0.399432447229882,-0.487432636041449,-1.40670116696315,-0.392737887471306,0.0662863935831046,0.114755040394193,0.377734477124921,1.22618654368362,-0.443585185371423
"6284",-0.387774432151985,-0.926012811128499,-1.71608005316174,-0.00509786583274515,-0.652319963668434,1.74835070572239,0.483229886245048,0.974458458523246,-0.771611729041933,0.340995772949292,0.450123085125185,-0.33937537439661,0.646413890785243,0.401058487925522,-1.21315550097536,0.726246570795965,0.414983758197203,-0.0233546244419913,-0.519256415608812,-0.991078711552997,-0.243656522803131,0.537785896808634,0.615404243274343,-1.16297389882905,-0.956887597882463,-0.188094714254024,1.24722636391408,-1.37190185355455,0.266204416695147,-0.125752727935573,-0.746906986804819,-1.72393906534053,-0.27438691163421,1.16343056798062,1.75989317530897,0.41241010089674
"6285",1.95289708195198,-0.0447026244345863,0.505653137339316,-1.13619869775129,1.39416555332632,0.0188803842072846,-0.546412123440981,-0.0331713031789239,0.403773454150801,-0.16364677633355,-0.806628350391154,0.861262446299031,-0.524387859932779,0.0559839756351835,-0.513957128384996,0.0487884836236749,0.307317418891966,0.431691420803802,0.24054207639076,0.329003104870784,-0.781096653403922,-0.449197432218876,-0.0992938789942109,0.417505477392859,0.143837790992073,-0.351012206995995,0.0414340919031765,-0.131705559325839,0.239699310495113,0.277260040469961,-0.380198966577873,-0.642771130093173,-0.0349875692406044,-0.109173467821397,0.372946271228846,-0.44332843447845
"6286",-2.08823459046313,2.17985478653062,0.204734742550257,-1.04003005686436,-0.0761068491998873,0.266453243524198,0.428142218950675,0.947430139341892,-0.426726034297569,0.0656274892395928,0.301661242658171,-1.23509765252252,0.21302632862625,0.740435985105409,0.525248993110942,0.747522376008745,1.59353037524664,-0.344442031209642,0.170556883731368,0.260887973379937,0.301885684852581,1.23005483997504,0.109618608848167,0.204498757299918,1.08366397925934,-0.253785721411335,1.31206207014092,-0.609119897804954,0.783394200683122,0.220096982782401,-0.0518999887957309,0.322843570125346,0.624395292139338,-0.126007187742846,-1.22478662393419,0.533970127924229
"6287",1.87759846231008,-0.193449636452283,0.346183245279492,-1.12199829011019,1.37214096578098,0.126455124955257,-0.618778460541012,0.344640881467065,0.674407503912374,-0.124311632105912,-0.972751934175929,0.644867483424978,-0.437370157872361,0.205984814034752,-0.496980636258547,-0.114863742850369,0.402635621185486,0.37565245049175,0.351524379352072,0.42404001469387,-0.892140407084607,-0.22396337664243,0.0285526967290234,0.568005511048621,-0.0663085716479998,-0.203466456796357,0.376623419648046,0.359097453929462,0.177980251465624,0.338216444433825,-0.235130970914609,-0.11514315024415,0.126349980324338,-0.0972370216631858,0.491644214035185,-0.284919604070292
"6288",-1.49529037495456,1.02351246776526,0.120343225204078,-0.00496976342065713,2.24892778589887,2.18544237983948,0.186219758492805,0.197425307794987,-0.0610792528036657,0.142708443853361,0.20101568335671,0.495262056765888,0.516609986214409,1.50081622599385,3.02300268612176,1.7012479950412,0.986073638553709,0.000814403222544301,-1.68765127961453,-0.373978064453667,0.399172265327815,-0.0215708534435674,0.447830754078171,-0.0561288346075275,0.745251887041369,-0.280371696819546,-0.239600693818781,0.351917625262162,-1.10517245821813,-0.82534978193954,1.3014893539373,0.0934107606781466,-1.16038065596098,0.380832248027432,1.04818538886668,0.384115688440312
"6290",1.42072252787347,-0.212596658637838,1.24051879744525,-0.753590072135097,0.791196558836781,-0.575314300127845,-1.03893189835991,-0.855901826523773,1.1648448606685,-0.017837433349352,0.757120145321884,1.27833904233039,0.729569973967244,2.11256480565304,-0.306016015407811,1.19885864450505,0.0473512416554933,-0.538040787404363,0.379954524556313,0.286043975693921,-0.450093290967441,-0.227553620401216,0.46777309103904,0.712771660485077,-0.408820476256416,0.4459249624223,1.02898633850675,0.684315632841664,-0.549903961940806,-0.588920622801069,-0.291029034540017,0.979218199126095,1.24998633832287,0.622554749245369,1.103935360301,-1.07339298087566
"6291",0.521519792309162,-0.610913602780939,0.135396292444666,-0.426455440605113,-0.87399229818406,-0.186393762024188,1.56735126682931,-1.63512315284546,-0.580862255273196,0.408990271282201,-0.469179808130076,-0.763082280641636,2.16744446268646,-0.472911152800449,0.500870822496724,0.559568952502703,-1.63194881499055,0.714214574837539,-1.5336050672045,1.02564078233939,-1.08202124116546,0.224084977356993,-0.962776936646304,0.489705123117941,0.441348867061831,0.849903299057747,-0.301131163691579,-0.273793869456587,-0.30194257954912,1.14690010242819,-0.136221144996189,-0.282849939420693,0.832960102497201,-1.24287123321453,0.268599254078215,-0.0475518973026245
"6292",0.43745688789502,-0.497114923345468,0.801259415661637,0.411808902668457,0.239000530366647,-1.01012382205756,-1.18090771582601,-2.01854908376858,-0.246361476699317,-0.875299995949096,0.863719606093653,-0.765320549496215,-0.450363213854016,0.107430598829176,-0.734411351778359,1.17077978593604,-0.684099699084205,-0.471049165653922,-0.553432078123331,1.07191649182695,-0.419870443848124,-0.542012343148802,-0.563171741584293,-0.513220310496614,-1.10778641760826,-0.817123038750768,-0.0794911905920502,0.396821111785797,-0.873929933263984,-1.47454635935112,0.0326828171160998,0.222878504189074,0.728652815576234,0.748309875407587,0.690134913805134,-0.508056998065855
"6293",-0.0956363505476839,-0.611662206268303,-1.71304249595128,-2.34298307901683,-1.21333624551355,-0.992404574628901,-1.49591079234283,-1.567714391317,-0.779048865076926,-0.974260158527316,-0.158509200257854,0.346636018419377,-0.946429618435401,-0.581429773258909,-0.793200144869253,-1.21355976017488,-1.25976769232374,-0.00832309533053975,0.121259112801454,0.33975199358497,0.197064444408011,0.20924008046592,0.32334639937462,-0.583082262916951,-0.120049383742894,-0.0529595096154278,0.17896416848106,0.805447456940352,0.36712225386613,0.113756305420954,0.28078392510052,-0.403039938732105,-0.13705999917168,0.0360435249772482,-0.388745266347292,-0.201805779774271
"6294",-0.543720884703161,-1.03569695546163,-0.588834649070192,-2.46759047927221,0.635714285918157,-0.342645514906633,-0.216911607125872,0.534804680189479,-0.686660272272738,-0.315301220350886,-0.223398004797699,0.0136329629352602,0.481554979625473,1.06839219519642,0.218570140186223,-0.561611162717842,0.0188765079533712,0.0323156938761497,0.301730332698898,0.330633994978506,-0.0893366848604044,0.252931547778112,0.0485035735072234,0.179952134658116,-0.484142910371404,0.0531248903324304,0.0906526738815528,0.581043365051994,-0.615307515269441,-0.576390705194482,1.18474977141535,0.585350325844815,0.0182485304483202,-0.141899215482113,0.0221807347870242,0.415124843124517
"6295",0.34115199465699,-1.80391207420349,0.0253872225429632,0.395200814400375,0.568747882887175,0.197773838274466,-0.0385835434983068,-1.87228671303965,-0.651722346590218,-0.657681108142542,0.86609203160459,0.48049450868032,0.245769726572231,-0.725544199749873,-1.17481109645195,-0.17264283100328,0.0834369830754464,1.25023091314988,-0.988928793311317,0.300614278523305,-0.279528017946701,0.0835837289760782,-0.294507106939114,-0.204783718344451,0.301442068224271,-0.971202920183826,0.908318771492859,-1.10271556334533,-2.01334150897313,0.442248959369385,-0.378641577335473,2.95381799080597,-0.777389841950937,1.75197207756178,-0.294655118380727,0.279639621372566
"6296",-1.62558913389753,-0.76203356592663,0.778636404498719,1.94272567880809,-0.775035648088068,0.470932938413734,1.86267903391055,0.421704480530211,-1.40971168215778,-0.175036940578909,-0.478110023379194,1.33358245151072,0.0875643740398839,-0.948180880551673,-0.103601091530231,-0.226352197584964,-0.0448517351195265,0.617114580285476,0.253373125029207,-0.417810542489112,0.742520983830037,-0.711328206049724,-0.318168143609363,1.07143564687156,-0.0222014313674885,0.186848877689452,0.259561727723175,-1.1266984923356,0.117098600553055,-0.434563919163204,0.515205137800633,1.06164132947488,0.866132829493423,-0.292245433370767,0.463191071614516,-2.28019075376125
"6297",0.510648211068304,-1.292520983656,-0.124498291128795,0.156171618626466,-0.0354829867223815,-0.255881584629786,2.08138813776956,-1.44559954537173,0.631283746253075,0.236417342636065,0.211016114275933,-0.316246436389725,0.679773020371651,-0.684424993791308,0.282029742908794,-1.00412926204112,-0.0272670812671454,0.102521140862662,0.538243269667062,-1.19272640344296,0.623733928471863,0.0677129601792553,-0.456289284886466,3.36763097793184e-05,0.703195409052493,-0.524116916621166,1.10619052992094,-0.630931650336779,-1.12702388352709,1.22461751244793,-1.12015596075937,1.65415248055079,-1.94219474217515,1.62778519978611,-0.366922690591313,-0.183219761166867
"6298",1.19068391200139,0.35385063718559,0.674447084012458,-0.490553747674301,-0.0860946553376155,1.31174038709777,0.450974673129479,0.939223244972748,0.460675225356027,-0.00553432904628607,1.23512297905452,1.19495148303705,0.791392999418546,-0.252177041018264,-0.292972188781548,-1.65824767752598,-0.394502472918894,0.255481855219768,0.486698051859313,0.560284288623074,-0.260139108247682,-0.438431595198341,0.76050399838888,1.42965954058591,-1.41460510815121,1.09509349819599,2.07829811410512,1.28759616771367,-0.685054392251517,-1.90537205456773,-0.230851363872932,-0.577885924312001,-0.181621458103426,0.294002955593514,-1.23000486184716,1.54193680241914
"6299",-0.966842932595296,0.776811364868758,0.395829889381599,0.804990847289222,-1.62797260498177,-1.3260262378703,-0.687289944394255,-0.915727958877221,0.0711239430286608,0.77678088946127,-1.05635386734702,0.896444539798065,-0.283528903113318,-0.289314881499263,-0.501825118094457,-0.304169017551419,-1.32942653003301,-0.356792687199901,0.454661205898455,-0.838682023896421,0.766063541214443,1.52635071685824,-0.816048427656796,-1.13033988129136,-0.944617573729733,0.990063525764326,-0.460352712274277,0.526174316505419,-0.0377588158028113,0.211586811286724,-0.18723588556029,0.33320177355679,0.379321907778978,0.580420275055872,0.180261191523566,0.052506057708938
"6300",-0.942526346952902,0.851717770578478,-0.0625302067693697,1.15633018361392,0.157630149876997,0.997210800813312,0.752407213596405,-1.68221709164049,0.656839339015025,-1.58061386299068,0.761042480688399,0.306136067838788,-0.878591462727991,2.3976358099974,-1.96180844772613,0.0997820293004258,-1.10914143651816,-0.804352162262824,0.912551717118062,0.351793001499581,-1.01617046202347,-1.46682401736597,0.154363762842482,0.563061618785295,0.24848406266396,0.873912568000174,-1.40558578657963,-0.227521133593434,-0.506456147580726,0.433335530913725,0.400809054690041,-0.345284531139305,-0.527330600349515,0.115622202266088,0.723068367963884,-0.384601899411428
"6301",1.50890877880167,1.88871835132331,1.68486319391238,0.392192938125758,-1.003446372097,0.817026329074573,0.615172962005365,-0.809746153165539,-0.453032652784197,-0.126256116915908,1.03176941157699,0.83479491477735,1.03965324010912,-1.45736471304782,0.699100317172891,-1.08368351655435,-0.358542155818035,-0.190098665423957,0.99554343450825,0.0584801063631012,-0.344450727299789,-0.904090805494491,0.0461514512486017,0.96101379117971,-0.855058244224145,0.0200384700977375,-0.351394401945659,-0.588048021849484,-0.169510044979465,-0.99243451133947,-0.28520335792552,-1.46935724734612,-0.0517069213560174,1.35586215338683,-1.16787840219427,1.22141223080163
"6302",2.14405132640444,-0.809574051155656,-4.66021256235968,0.455747270174959,-0.117436407623687,0.0831771162016059,-2.19757537590431,-1.43731120687114,-2.24087836208102,-0.409306019966198,-0.304339683887556,-0.477528666405183,1.72534670532822,-0.707077488816132,0.0956066058961574,1.58265408861655,0.972087876660433,-0.0693748920942862,-0.176215657131515,-1.66085749133546,-2.37445013849588,-2.29893284213223,-1.78954397836646,-2.00304040647817,-1.2038807609835,-1.03034502762584,-1.05163625072219,-0.0351481710758323,-0.0299304801082683,0.323769859738147,1.45886321219416,0.390175018480677,0.677393990015534,1.02738993133793,-0.959924662081256,1.4268523268539
"6303",-0.624691394689844,-1.76580048381278,-0.476272720366403,-1.47329272231417,-1.97603483442083,0.0372314480696579,0.0520217869746747,0.463005085570851,-0.506053323229829,-0.106780661270028,0.156309993962391,-1.05955700848293,-0.311845536547272,1.16576715756295,0.713138924237727,0.498131025852811,1.18086558597287,-0.38742785835265,-0.289445610630218,0.651324707047462,1.48560594070115,0.844532185756596,0.861589609942172,0.0938207915606227,-0.131179851915255,-0.200598393105867,-0.595627692822827,-0.670797353501724,-0.345051098603711,0.0762103352416031,1.23159695500524,0.324173713504872,-0.0687433196208991,0.568071298081423,0.622537152760139,-0.0818641701778984
"6304",1.06675547276687,-0.0740364348015846,1.07418791881389,1.03492418285083,-0.133170202420337,-0.730030239780823,-0.777744677418039,-2.17427762932509,-0.519437090752825,-0.675707252612541,1.41174697390642,-0.742311799249466,-0.777701829510879,0.161404872118221,-0.299736567623798,1.40100363724925,-0.78522371963105,-1.02025272432419,-0.0607729223893275,1.6453690455387,0.304414662968928,0.182761903669186,0.0890661791933444,-0.365865625811219,0.315366069096665,-0.968456292076278,-0.0706558205352241,0.501152880863778,-0.385814128379053,-1.16474498883868,0.400839787652296,0.581007012510271,1.03551295551994,0.770491648734028,0.302502767911876,0.0672541902294242
"6305",-1.03775446852434,2.64882703016324,-1.90949501868239,-1.07526205429124,-0.0839353373902737,0.922434409558167,-0.451065107250561,-0.347742490616913,1.11924786021208,-0.0362587952735518,-0.582146806321857,0.216689709057857,-0.509765110734976,0.316575829434138,1.59983203352394,0.263160390662408,-0.203568753815445,-0.54302060238895,-1.91076206196839,-0.0924333292998764,0.809687774022263,-0.702034900990978,-0.901441643003316,-0.277527128848932,0.417353525722852,-1.22219286156689,-0.105862650146079,0.320463060034983,-0.150458718049228,-0.564205691543002,-0.875038148186948,0.699165596305435,0.785131822084702,0.0903771953450438,-0.38039154590774,-0.359899464575912
"6306",-1.396723506363,1.21960412061385,0.336284704649225,-1.59407974780528,-0.781271251978462,-0.741751517176139,0.282592623644003,0.422511197227038,-0.608204012548678,0.85421806951316,-0.0562974422343097,-0.944527929451442,0.155522916081624,-0.309096174167903,0.513866488802576,-0.0188462658467221,0.507936531475359,-0.341383763622789,1.52066848350801,-0.243133600098665,-0.997608976986852,0.813227561462598,-0.153273458262508,-0.0997936575739887,0.716468968576727,0.0556287684528225,0.0954162271133813,-1.03152502650413,-0.419730967281556,-0.367507554123487,0.088838868417728,-0.369759747050654,-0.654532706514897,0.0652135252994156,1.00879203891019,0.357329100151248
"6307",-0.996003185288069,-2.28907055343257,0.0198723488076898,1.84082797364819,-0.538974296024649,-0.027091063663284,-0.265143030034156,-1.94448926227702,-1.03315252446462,0.0947040934540045,-0.501176777136768,1.22138445866151,-0.813579224798015,0.0800837437279629,-0.086302582302631,0.807963372815631,1.42222844032538,-0.862878857215401,-1.11017706460128,-0.484474602994744,-0.00938891565598005,0.762088545947212,-0.267989568234796,0.895611079241685,0.0413813174659566,-0.25479305172706,0.0143116410938232,-0.248751595108894,0.523348007841154,-0.496022866777932,0.767661355278599,-0.847503006901059,0.0840756151904932,0.319571071459504,-1.8824955791792,-0.156785284874703
"6308",0.801649269598318,-1.6168831241573,-0.0482657599060414,0.540512011229414,0.180539367409512,-0.494924323851571,-0.413473514645495,-0.161229499636925,1.26321531804107,0.633905306832932,-0.922825469383639,-1.63137492452682,2.33579157986837,3.23450686009303,0.0851489123738909,-0.689720039857265,-1.91859182098339,2.07220234342337,-2.07881143709915,1.76651303701768,-1.42707686480105,0.46475804626566,0.331381423466756,-0.421765029222171,0.864080744225502,1.80128579504964,-2.86867464975392,-1.65720894888454,10.3048073895625,-5.82892191945302,-0.852690311456177,4.35187777010242,-3.87259800777411,2.40846543334611,-0.402218231716056,0.658918751339
"6309",-0.708548715109466,0.201111850067142,1.56253127284691,0.58621231261152,-0.552910611017729,0.829127663822261,0.459100830390318,1.06540069196205,0.334764296333968,0.454081234347182,0.925032005273896,-1.23878840199996,-1.02637447131046,-0.655758946444803,-1.22762021892033,0.825309563564732,0.187787718147418,0.0507181826080893,-0.927852645623613,0.414976732983118,-0.0767120019741405,0.827064752678867,0.620078199408079,-1.1771494248606,-0.456949675766252,-1.1065625796886,0.631083077824585,-1.5130663627223,0.123787834343651,0.403739262673624,0.585876523819984,0.308159684812799,-0.615473653834242,-0.394984970957651,1.28450570692083,-0.353312640257837
"6310",0.522656456762875,0.796184901547572,-0.510830094401664,0.465761911520065,1.18170946260985,0.657594986236629,1.59250685251913,0.858562529855333,1.26939485761578,-0.729916995095422,-0.536375499069392,-1.41522327665027,-0.0134632243517764,0.106596910288185,0.466786545446559,-1.07879410039528,-0.258603641630121,-1.73911032239041,-0.116017073245359,0.685441209753986,1.56112857612135,0.411283326994659,-0.784953042729296,-0.463305923411305,-0.287657815844412,-1.30376685750819,0.462445768625392,-0.073301084716499,0.960583905653488,0.57470793974234,-0.537949102179588,0.0113903652707727,0.198392243685435,-0.635949165631862,-2.37320717857905,-0.134111386685776
"6311",-1.47421755386539,-1.01475922580196,-1.32076946104032,1.35792907750043,-0.457525096482777,0.174206866661898,1.19409318557902,0.64398253622881,-1.28137144031031,-0.0748947627308307,-0.756397337270297,1.06849612973451,0.0316711769508813,-1.31637687833625,0.639655301094437,-0.424173460188937,0.205501060603767,0.946529955570053,1.73238177550672,-0.325701176108799,-1.18737216034576,0.0147615055997778,-1.0859559243413,0.874578322012999,-0.116375191953812,-0.286811477566442,1.01579614987731,1.66194098582808,-0.210174353559254,-1.90102743270671,-0.433750596870935,0.821185540520152,0.404691379212045,-0.799248191736267,-0.135599987777626,-0.775915518158974
"6312",1.07559484092603,1.10617611687234,1.22155124837933,-0.207514165007631,-0.555139594808878,0.44248421738043,0.528322194062206,-0.58145266130034,0.475903297097809,0.213032328410127,-0.185607584846686,0.465330801095934,0.777523448530509,-1.95522604037769,0.825048136917658,-0.307219766776849,0.455544396725304,-1.75505327897167,0.651243575396548,-0.0640140873378034,-1.00151359987304,0.0805146423377874,1.76383118112394,-1.61031048323085,1.63520465404867,0.0171304433648834,-1.14657459910525,0.690703811770245,0.990860766994421,0.165350065510125,0.139292018538411,0.0213169981347746,0.417279141703,-0.440858386487556,-0.333979093530902,-0.34894185439788
"6313",1.84250683919014,-0.279798862141284,0.351268899134938,-1.24952024850713,1.47010085384217,-0.0805519914090801,-0.702867138574402,0.169608388101485,0.645700784666917,-0.125390271296206,-0.924295741603869,1.02958998244851,-0.498925537013176,0.0768236515960081,-0.650145690572725,-0.299566488859639,0.229560008232212,0.307624317158629,0.305099510579492,0.694115975581663,-0.804701259816062,-0.999857459619519,-0.439230895502232,0.281061967985607,0.0514099161751786,0.0827861243396178,0.415407788847554,-0.384490077949808,-0.103065062124802,0.209561860182275,-0.322515677228919,0.0790257563165257,0.38552468206149,-0.246792949267435,0.495123914242308,-0.241474224671104
"6314",0.382674914783366,-0.890746993205229,-0.210171155884785,-0.156239210909403,-0.158802087019663,-0.0157894023606979,-0.731944536610528,0.54240101717609,0.0709405894079384,-0.355377610615621,0.415305300456464,-0.238168356531698,-0.0291093889707174,1.41206447528035,1.09277784244101,-1.32560227220683,0.233809807890078,1.4737005870323,-0.017159908026561,-0.172206247516647,-1.0899006289765,0.480664825065814,0.228185977946547,-0.902737003468452,0.0342499096039884,0.448128429764933,0.316756037340615,0.423787565619953,-1.114121140957,-0.445063360184347,-0.124454889667105,-0.628590741671365,0.359960288915682,1.02194727873982,-1.6583773979089,-1.2701866448758
"6315",-1.28637184191577,0.302601408688444,1.1748810606955,0.644982797286757,-0.438185145531608,-1.04941128801031,-1.16104838287392,-1.09305313900658,-0.349827888080225,0.0873728044118882,-0.515005964628192,1.44125132909807,-0.636910903734145,0.547402617897729,-1.44371519971467,0.126473626465378,-1.13914661781766,-0.147658614033776,-1.2737796249329,-1.42152612363892,0.83397575462073,0.510172144918488,-0.828792862704065,-1.36848203701052,-0.121727516329488,0.790322344027816,0.169218744019567,1.19535151568,0.726570524552053,0.4933483671351,0.332136827009163,-0.775695341227893,-0.307229800230205,0.196469794252314,-0.0228652266427009,0.0666431401932933
"6316",-1.85910985297472,-0.8545795901932,-0.124933714674501,-1.68618870085936,-1.59911803524874,0.183062843695301,-1.34323018933169,0.616743202518988,0.132761792937048,-0.51350853268489,-0.184830505307169,0.0576456332146392,-1.10853821738812,-0.747160590957355,-1.30869459338557,-1.09161327970528,-2.70764942859371,0.945904801977578,0.142355233616953,-0.540573398891456,1.8546993039119,0.742972112224482,0.741135597951365,0.299008759148058,-0.117678576818713,0.520121317834155,0.736904592195091,0.976204390225107,0.376229583228485,-0.121682710310143,-0.672509739372179,-0.029180999839879,-0.0695867849231742,-0.943663250924221,0.958651453797713,0.174730017466033
"6317",-1.37732467036783,-1.80779461088411,0.223459671488073,1.87956278881369,-1.70500081359981,-0.603326536198622,-0.801939898116707,-1.27131408802981,-0.216991146297805,0.326743033689576,-1.46394792584302,0.55682517338024,1.11235142176958,0.895024574840886,1.03102143522311,0.502734927893595,2.29072117088317,-0.659129971454895,0.5644915553686,-0.535877218100897,-0.47039039335988,1.56563502025666,-0.248125571720616,0.547985343167486,-1.39750207046558,-2.06116090128069,-0.778343486266769,1.10960889573888,0.00796318949435709,-0.599629207793213,0.144234490070526,0.767473815599319,-0.0350044263328424,-0.605901265388195,-0.779988955838009,1.34955299818164
"6318",-1.02521404871006,0.989727576078251,0.50322528030902,1.31061610182339,0.257494651804343,-0.480607568897716,1.15826674970747,0.325733764427854,-1.3832986681914,0.363897500005885,-0.0652876541457443,0.639283166711869,0.435752702242722,-0.15278379684727,0.827402794287604,-0.370312645602625,0.0375505364419527,0.859395419822513,1.65974523469268,1.15480382353629,1.29940046719541,0.68216193094599,-0.038760199809831,0.160978176011611,1.14672798901294,0.359353378582829,-0.558524871926471,-0.520626004741084,-0.778773093561651,-1.07789505667079,0.0249295457218401,-0.36678843284545,-0.156437244835595,-0.00685252829111883,0.507131460013715,0.753312286891828
"6319",-1.35555674566187,-2.98803558070845,-0.636983943016663,2.4484048428015,-1.21025910546978,-0.722110387231205,-0.360077162031492,-1.3233154852488,-0.0692239405623386,0.940586023522426,-0.825229588079862,0.84886113600103,-1.24529870984198,0.223559476231272,-0.543579301436972,0.0760350698606066,2.35749069025841,-0.754903617257652,-1.14903653420546,0.315501790475364,-0.194211646484364,-0.00609041397986476,-0.681493660861495,1.40487786118656,0.126535548564199,-0.493398326747969,0.259432347324104,0.314885372747462,0.327807704430505,-0.77209304623437,0.313503522195389,-1.15581767915517,0.157236681202935,0.504124948215958,-1.20063151905157,0.720419844707789
"6320",-0.0844885748545736,3.37019175975892,-1.92131513831414,-0.734851286238824,0.691848698233907,1.00672612054793,-0.286277287636021,-0.34448336683604,0.708165956617721,-0.255956641892157,-0.984244747360593,0.212160900480637,-0.491682679015391,0.414597433317534,1.46331847565847,0.115283675550017,-0.43897204549891,-0.381655482414845,-2.02528018077156,-0.0935277648396047,0.654702793093122,0.0360515552500882,-0.502727435199496,0.310902258022526,-0.348650328731344,-0.763574654421272,0.202700126228404,0.719230932125586,0.104759229784056,-0.229890733173779,-0.387110409525098,0.805044741697083,0.37097068840824,-0.193405753256833,-0.271640357063327,-0.733594114947225
"6321",-0.482408867157582,-0.980591201227802,-0.381089433201685,-1.87231257727352,0.0596541009676428,-0.461371737345081,-0.418020944371452,-0.20983889718738,-1.07121443787033,-0.340016057395941,0.0857426524222808,-0.0719355439554331,-0.0652318008362904,0.93483522236638,0.924131963527739,0.046636872493663,0.373943358966331,-0.721311201027183,0.352444014430382,0.885340683329617,0.1586291029145,-0.342086678220077,-0.132575017326522,-0.478156395852179,0.173528104100106,0.0395835244511746,-0.335256290967409,-0.276658599893023,-0.312860182515921,-0.0595942496828732,0.94420983889871,0.145032894883803,-0.0807165767711955,0.313378112924651,-0.167388279046488,0.304604894265526
"6323",0.619442016191923,-0.411237082506404,0.158758215590029,0.296161137597232,1.12566231328144,0.260083365991672,0.405967075811402,-0.435600800896522,-0.621314753579728,-0.442701029736698,0.0989505450308826,-0.646962058272654,-1.16331853626887,-1.39536846336804,-0.669165647198991,0.118346984367124,-0.416404380181631,0.576277973909601,-0.363845446362969,1.40917041652246,-0.16960695949593,0.307021022607638,0.0738798526457156,-0.712411815233621,-0.646966370639286,-1.05480561012225,-0.380085075056328,-0.124338271992276,-0.0419672262006331,-0.297056756334379,0.697244343923924,-0.24216545142328,0.156271890961265,0.534660569433302,-0.542705467467983,-0.355930699430271
"6324",0.432106061370893,-0.13099240362943,-1.1280831055852,-0.867431264227863,1.4178325135425,0.35079063579871,-0.0987679785703733,0.216919116891381,-1.85832670412991,0.170412313439597,1.42292877338374,-0.327379433759915,-0.647718721261734,-1.14086379428172,-0.534250783170792,-1.27499113606214,1.86217168270311,-0.85121685249452,-0.618589497330206,0.46832788927797,0.339877578709336,1.25492059003322,-0.515509175625827,0.520917789993397,-0.818987037010874,1.32502855960775,-1.6283684033605,1.27325659220812,-0.643156447269205,-0.051382196936845,-0.909169098033806,1.60398589678046,-0.168173828079435,-0.739553819508548,0.267660116786851,1.13425171343991
"6325",-0.89236880098942,2.07068312607091,-0.971783626820912,-0.240905078032164,-0.646992709875892,-0.725350047051463,-0.318812088559102,0.0750687601476802,-0.59494416116145,-0.854798886608326,-0.417164146905187,0.533524510580955,-0.390758572460582,0.0415742018167325,-0.602923630235288,-1.02832321638318,-1.37432424454513,-0.175092340861587,-0.0937150103646172,0.280055086856339,0.955190405093448,0.021839460800791,-0.909047584736002,-0.641732961903418,-0.0368440537472021,-0.625477724532757,0.346808961746134,0.75001384106973,1.01153817832725,0.152169927993724,-1.20995515574673,0.321295894299433,1.00652487341016,-0.562235770094273,-1.22272467698322,-0.429163828641503
"6326",-0.525958682582584,-0.927948639369621,-0.313175501687067,-1.7017485046442,0.239268904803168,-0.392329819725512,-0.312432907874292,-0.0789100398022629,-0.98742285375424,-0.450312428901017,-0.0692691987282709,-0.121204330177303,0.0589103366555242,0.936629985870342,0.640955668032812,-0.126194746301824,0.486654786221523,-0.576963532379486,0.278568010364527,1.01662058839695,0.379949269395273,-0.041613792026588,0.0942614539363293,-0.229298043938895,0.214317403120864,0.348061385166374,-0.124004560012794,-0.20448000011563,-0.473931594526728,-0.136027466311199,1.02787055682975,0.174506625541885,-0.0907841335866628,0.433803805525942,-0.144104436133424,-0.0534721399479443
"6327",2.39786774840415,-0.0255684324643277,0.143652171479138,-1.24414304847628,1.2435681947043,0.159019588868265,-0.0242609367773642,0.471172852031924,0.5710177611281,0.101707122651421,-0.750792232399902,0.774565606284346,-0.71408931895,0.0432197025362835,-0.59580945741607,-0.123187624879529,0.175586261258692,0.312569814207833,0.590478490070987,0.627873685251539,-0.580493891696239,0.170271205980282,0.188097988695824,0.730832976697558,0.510770241914312,0.143165083331863,0.595846342382508,0.321121487871888,0.161551101348937,0.114699937407035,-0.0789353730210798,0.0752087582763669,0.40115441779569,-0.0388863093280462,0.270911331018779,-0.600321733428813
"6328",-1.41772668195473,0.74747806260169,-0.160139272900459,1.78762858674603,-0.668319392074306,1.71514623059086,1.24466021008036,-0.815874843361563,1.35860393928821,-0.25408094151214,-1.53367763916543,-0.243690928088191,-1.06885856723068,0.788196595484174,-0.940798235304779,-0.334600466877117,-0.521261047245141,-0.510641138142058,1.95452145330569,0.0976795507218208,-0.531593828559515,0.873883419426438,0.0746825550120953,-0.299203759683397,-0.997099183939691,1.06754937158174,-2.55844791851573,-1.73711157335198,-0.875022885413676,1.28962631515058,0.407679166144444,0.952644410600134,-0.103755541589779,-0.12865355792621,-0.678405662040413,1.83640300578695
"6329",0.112425210245891,1.35283612775221,-1.56012269597539,-0.907350362438924,-3.22431268794715,-1.243115917374,0.177450174157224,-0.2409672838422,0.164829006659075,1.27407166904104,0.51191705440809,0.372714058782267,-0.51617679078881,-0.945774315343418,-1.47248860884645,-1.1991808410428,-0.309793900157318,0.790272979888961,0.349295373237113,-0.346034936819367,-0.0737249108153481,1.14218254909603,0.061378886328822,-0.0159307120779446,-0.839852477722177,-0.0713845799300689,0.413441703175574,-1.08669213536019,0.49935749979586,0.608421175790053,0.879536503619695,0.171224258652017,-0.376275229202151,-0.480987277653352,1.9577197645306,-0.0981332773924267
"6330",2.24804420941832,0.0618532635548551,0.549723628718754,-1.11079645185576,1.28018509622001,0.0559274225680896,-0.38250869378826,0.201337394877708,0.438985427007656,-0.0797292894969789,-0.716130648878361,0.8982122317948,-0.445852860123464,0.357521509439179,-0.374127516932511,0.0289374758247736,0.268385136824573,0.103755198396473,0.475933886337382,0.546491966557719,-0.648614186965499,-0.175609111546,0.0931689414184024,0.349197067850465,0.362571053856472,-0.356512912587504,0.196040958301916,0.0943021867135515,0.2517145229717,0.345536826806046,-0.239302724276887,-0.121974495901889,0.0875882323718362,-0.242106178281352,0.368949154030926,-0.403363975314829
"6331",0.822119734001298,-0.608636153571095,-0.42243168662559,1.25749911302036,-1.33900451518269,0.030796226862059,0.0484910491324441,-1.2316845904885,-1.78021452175339,-1.12603092354927,-1.08930790070586,0.740815977432296,0.659620020026459,-0.429569092698652,0.539519388407901,-0.126901179875128,1.37968942554937,0.553155841244825,0.610187042696417,0.805502366848331,0.796874722780174,0.665597064647759,0.0803913355553889,1.62004285478669,-1.0894165986706,-0.955232429633154,-0.339820895484737,-0.646485093519133,0.41720412197646,0.0565265284196156,1.15184910059441,1.09853542739905,-0.320789414769969,-1.43711364748107,0.383489605892988,-1.0428148199516
"6332",2.10893467837261,-1.28726501927587,0.232324887148482,-0.528811184241851,-0.276852487244795,-0.191839370938076,-0.886702635607603,-1.49059554822581,0.285349842226172,-0.0271358342016101,-0.478341023642185,0.284119353614696,-0.468729417181067,0.419998581337246,-0.429032121686265,0.430713489700164,1.67522932040323,0.84591330762994,-0.0347225247339083,-0.61863220123506,-0.939454149829542,0.170606180476851,0.239819916813272,1.68062346243265,2.0116497864879,-0.674573859158489,1.43370371253506,0.655693168067901,-0.590409931087399,1.51352963385514,-1.74677999814654,1.53713160626992,-1.43536841440975,1.75325313310576,0.75820873618617,0.572925364230743
"6333",-1.16008638242919,1.64192625102036,1.92911916644638,1.83651138792556,-0.0403178450976509,-0.916888244449721,-0.432250603448362,-1.12618568858915,0.670817288892805,0.660624458831967,1.28961517649266,-0.937044678011342,0.668724124220018,-0.289037648071544,-0.711745627611404,1.26386214779138,0.246332385655324,-0.0418707413620178,0.376452185736327,0.458313139049658,-1.43408646451411,0.37429379746036,-0.280147619506379,-0.411084153339393,-1.37044240286111,-0.646358868109041,0.578749443623733,-0.317010427119983,-0.634772699827389,-0.649447151376676,0.0137742292523028,0.439188953681748,0.371920625177023,1.05609702773777,1.95402522677527,-0.450489417056808
"6334",-1.02698010334761,-0.636180391208946,0.610220824085598,-2.02188451771164,1.18967836251536,-0.534553954937189,-0.377677923865607,-0.299357584836414,-1.19645731021785,-0.877152298539534,-0.592304981473618,-0.125892022689194,0.281458772053463,0.860866840419927,0.0213231168322931,-0.293059197271888,0.280133686442549,-0.0803519250693535,-0.359555543930624,0.420009282409367,0.288402937509585,-0.687764607735049,0.15845870003768,-0.0384709253462313,-0.234444764932334,0.578845222441663,-0.0958173094241501,-0.424503271909845,-0.383297659018413,0.135648404553574,1.13589935434192,-0.199383346779517,-0.194661554418004,0.481474212092614,-0.0112848119422328,-0.611762133523461
"6335",-0.568161921855782,-2.58714629673031,-1.01053209536105,-1.14072823939143,-0.892447765917031,0.176413397863126,1.17445062807808,-0.723906146531482,0.0999338435224111,0.688362622723029,0.352266618105859,-0.541857854623677,1.61263941297137,0.416714043104825,0.168812973674162,0.919857858247554,-1.01367237529126,1.22807456243028,-2.43385706624576,0.778478366398711,-1.51424254539906,-0.176191070806797,-0.872422707337454,0.130237121559806,0.141660114218384,0.652196803659768,0.956424333407515,1.20794810465492,-0.300064155162133,0.376985673083033,-0.470145201264516,-0.869515696085777,0.39226365526717,-1.64384352913749,0.0441643466989149,0.698390258296296
"6336",1.98264616235656,-0.0612847517660322,1.08293306433036,-2.5110084780874,1.07905138150616,-0.418765183624589,-0.909028013915709,0.0473898786640148,0.403733018710867,-0.0722194054847448,-0.981987602692904,0.599409573164627,-0.746807226796189,0.169348329001194,-0.459347105830176,0.0129359699426172,-0.536691334923055,0.0205991741880566,0.629429793190983,-0.215472314553442,-0.97718193749721,-1.01636299961158,-0.37330994428893,0.247633810104598,0.62742031279269,-1.35372647249405,-0.447834113198573,0.0824352850742996,0.394388629908346,-0.0393959458376393,-1.2128905979067,-0.852547914942883,-0.14784309841303,-0.974788543030188,0.507172725490054,0.307390706260383
"6337",-1.67877180440332,-0.0373545374773361,0.768137617942816,1.96436356403479,1.19910404812148,-0.929110552963559,-0.388649145440043,1.37456658690319,0.703166151754687,2.14108643738939,0.0171707743846828,-1.53325363867435,-1.13561768872748,-1.92452961964689,-0.637296199267821,1.50529577768755,0.266348617445017,1.34053436994848,0.244350026415319,0.919838722806746,-0.252972732700969,-2.27146646893018,0.08974357874709,-0.374604950897548,-0.660625522957558,0.520457697242491,0.266970913531898,0.572581995938304,-0.0421674995620456,0.596590788429516,-0.231531757705497,0.094011803035981,-0.0740739533843954,0.615558063970844,-0.927821408566396,-1.6540519750035
"6338",1.26060923123321,-0.799804738258611,-0.931591813858512,0.510336875626656,1.18204586600349,-2.23674412342148,-0.00830905870116225,-0.769206187120714,1.40957407717994,-1.45359039335345,1.26193187687993,-0.629741938921915,0.439946143147177,0.83788545024349,0.989780205200881,0.634928686895243,-0.260058725154496,-1.03822734042075,0.226745324440047,-1.5538450273137,0.0781902198086915,0.281780265044356,0.0560262624559086,0.744413269648876,-0.679222324198706,0.879284970796798,0.664292793358441,0.0517837000960518,0.00784448520688655,-0.98615131540597,-0.218897261649611,0.195275359098886,0.95111307494557,-0.438058950305576,1.13915051277157,-0.661928015918106
"6339",-0.976608222597874,1.20931733102117,-0.0683172726000897,-1.62766413249946,0.331947191746322,-1.48711455749362,-1.3959570874425,1.09354692734075,0.020948318226607,2.007585130049,0.272040632597274,-1.1933572651828,0.300276726571985,-0.218725557066624,-0.953926576340662,0.468149353105725,0.497427394498102,0.0602525164649696,0.967977288593973,-0.3373201757494,-0.473612081968434,-0.067978037623465,0.896427044689387,1.39434730225034,1.39047638083605,1.33143040382244,0.928791520005047,-0.735099258887617,-0.645880015527624,-0.0467651104401162,0.732415449734867,0.000624627840322158,-1.37573469261156,-1.2855717409651,-0.56914857141135,-0.484986414665942
"6340",-0.153005709386054,2.80166448220526,-0.477293561335027,-0.760818732338679,0.758559893570334,0.601298664641902,0.324421768877332,-0.798399549084096,0.523805898947614,0.701752930348186,-0.852101515236035,0.764958586871153,-0.295707264442513,-0.47378512267757,1.4999324278756,-0.27571672754331,-1.1910534048481,0.34829832956388,-0.575047792773275,-0.268004659491418,0.536134078163051,-0.0606841896536892,0.578448137035587,0.419676607366507,0.269593151253747,0.149657670157559,-0.0786502589139901,0.877058879691015,-0.278978912325309,0.0819050448875253,0.75198629199626,0.867650512387561,-0.0769467424649163,0.464502332380215,1.47399400293541,-0.680263294587552
"6341",-0.2337763618005,-0.743142403179837,-0.400902650900412,-2.00060235017381,0.555959727247473,-0.398940316362711,-0.262651790152724,-0.0530063477047096,-1.1917100562166,-0.631781129113622,-0.330758701966124,-0.15047423483081,0.0535934028693465,0.884584404826328,0.531567082078481,-0.187514092013122,0.213336464559373,-0.410375084919435,0.247461183079831,0.788274547935854,0.18197703011692,0.143666529939337,0.148768880109101,-0.11822813880604,-0.252641498854424,0.58475570699004,0.0671252039861379,-0.080563847021951,-0.539170583644854,-0.236511758983876,1.09092861745815,0.302265228032564,-0.203330772997296,0.175786004345986,-0.127549893138109,-0.267518114817525
"6342",2.71466003058969,-0.0153477627462118,1.3986336821718,-0.490821703340379,0.293674300319721,-0.217403631659498,-0.617845276762434,-0.517272965608279,0.824012213177889,0.922406151840415,-1.21932011824172,0.646400664628071,-1.27532602764286,0.653291498942238,-0.27538840543604,1.50397078377445,0.660650547799407,-0.620752665427693,0.00822658071471664,-0.344757846552154,0.016644438417947,1.25467177714353,-0.374594687881869,0.100320851806999,0.611113519197448,0.347684101823139,0.133761895397666,0.298524497270034,0.57084777906486,0.430992340627563,0.0522016491157084,0.120497772218956,0.584880340729899,-0.0233846504086212,-0.326626581958141,0.774696075171916
"6343",2.38553892868803,0.193887355748703,0.85604648487986,-1.54928792614338,0.984279774816589,-0.00827218992694974,-0.348583872624438,0.103701337497749,0.284936595484273,0.0436558529762466,-0.582245613734937,0.696595428414836,-0.718980242469864,0.349852020157092,-0.0491375372989012,0.409107339124371,0.0786916246097397,-0.075333234679252,0.774698567639657,0.381229507170431,-0.546470269038326,-0.137488529971665,0.203129402639607,0.261890930941987,0.86329714185245,-0.775126271999934,-0.00464099273666455,0.372004988673088,0.657127552722676,0.42545031012725,-0.502427071039835,-0.37271995559405,-0.000332759188880635,-0.400730243049108,0.261466031194251,-0.194340314528176
"6344",-1.32822273051573,-1.21790703662769,0.10561464898796,-2.70775830715205,0.416628216075171,-0.706608477148559,-0.300047196205487,0.0609868861183276,-0.870417122036724,-0.428605656341136,-0.32440100741874,-0.216396808847363,0.182220289078367,0.925841655992824,0.0787964600852217,-0.498503807638477,0.0106572751136204,0.0259806602834808,0.0280263098325985,0.00418771884569879,0.0167676326934044,-0.629304381969302,0.147154738362295,-0.124858187906279,0.0924687521203176,-0.503198180804662,-0.331535974229407,0.0142437914079917,-0.621245643325692,-0.739507053008945,0.584569740751933,-0.167519890557766,-0.000632516157599752,-0.109310868031747,-0.0559301994896016,0.73012560393994
"6345",0.987002810774492,-0.904887799624356,-1.61443458165303,1.34455212828346,2.1909007583116,-1.06243624526736,0.70711781700632,0.448630987977772,1.3065186584695,-1.34178935559769,0.189558161503786,-0.533316664671241,-0.130013344193198,-0.965501424237124,0.685519156773258,-0.68293450185837,0.836739422442072,0.356398821020751,-0.0561706970935384,-0.734006894418218,0.367998857929845,0.256062585728907,-0.132391264313096,0.675717017395232,-0.0837339470704147,0.824305409187544,0.333535427833936,-0.689181530270167,0.769066457148473,0.449408748106358,0.620380915533681,-0.580277071733046,0.336437122342217,-0.360312520980592,0.326563533904912,-0.061728731863692
"6346",1.04271277425365,-0.092747508989543,-1.14393664279785,1.59777884023291,0.19719367159579,0.485957948219087,-0.820069059920012,1.50040916082661,-1.11815880511884,0.590515649457084,-0.615117854679107,-0.302071386414982,1.78161883519237,0.620213439208869,-1.10186286083189,0.97515748747461,-0.556180349528084,-0.0840448754170371,0.310880066611161,-0.626160778862159,1.25325924936451,-1.23116053817119,0.504126363385989,-0.59473457091072,-0.340106008385309,0.364461970879313,0.122409088122786,-0.424292398135545,-0.360108917568265,0.30213634994795,-0.238267535725472,0.822419504463534,0.243918206641528,-0.335179854305455,0.587177875624596,-0.0832616184139511
"6347",0.303462077933699,0.835370401117756,0.306370945483209,2.20496395801971,1.3616555518402,-0.759692266683907,-0.647290185120292,1.06513698589737,-0.0774959010561988,1.34172587329331,0.331817313485483,-0.482711382171809,-0.188216657394256,-1.56296383826796,-1.10473135710647,0.562055805974652,-1.14729006956284,0.787615035038845,0.494385917294295,0.633708206978534,-0.177937294950865,-0.745358865857413,-0.0947689856714231,-0.334270421742946,-0.0300229693201811,-0.816468735553321,-0.772328559621762,-0.123396830322835,-0.916815465596946,-0.695488359548298,-0.0170444453170303,0.583463987274404,-0.617520453528845,-1.36567115256237,-1.05419967959788,-0.414938644893561
"6348",-0.906173525534334,-2.03293450999871,0.0553544550484503,0.330401944709844,-2.04796021400806,1.29077225358405,-0.788204895245202,0.157151455082773,1.69324980378573,-0.411539015287649,0.502506423726445,0.759430111860331,0.766486935121508,-1.06515914368934,-0.125094610981502,-0.131862399675358,2.22189629772328,-0.725940210353187,-1.08020236578678,0.898029449926,0.784374268154307,-0.54686794173777,1.87048767074476,-2.3143738152255,1.13900531808395,0.730892954332943,0.260789702331133,-0.448449789917446,-0.543908171180971,-0.974667843263461,-0.132709706797797,0.513457261531426,0.271250024532633,-1.26396017229095,0.294745594618732,0.436395034684988
"6349",-1.46911721801786,-1.15618352588786,0.222208192161444,-2.54646239434605,0.902777000312401,-0.295248380536061,-0.48533730170887,0.306385852443964,-0.64911238497002,-0.382031917886051,-0.171450230101624,-0.0305442848606785,0.618210142850955,1.00033823267012,-0.0476622281060863,-0.848592009783816,-0.33255759942849,0.308147317081355,-0.0412821597763891,-0.374836087849484,-0.198962204035087,-0.398695122173077,0.237599370291076,0.356476161851917,-0.024442297362355,-0.886423331099733,-0.30984071414778,0.55951821945416,-0.309666011126305,-0.438565858765674,1.28432825886579,0.431458509362389,0.377585320992872,-0.318697668782783,-0.0368291812255883,1.83456807800278
"6350",-1.22121923730591,-1.54846440455001,0.330029931501016,1.80978537790635,-0.585806427677908,0.980922071234868,0.847375155497661,0.623085590314342,-1.6175812134431,-0.731378421750363,0.0489068840418179,1.26978576764898,-0.528862199240906,0.0339975665201096,-0.0354921672998355,0.52412972751945,0.327745353401608,0.221754103779416,-0.563943589965017,-0.506419912493539,0.487318838113664,-0.508619474184756,-0.302886942949415,0.756080711196937,0.369240762681314,-0.2055352946618,1.02940923074845,0.499528431453227,0.814137530851475,-0.374480857466932,0.600330253393915,0.403973849727171,-0.246396761771556,-1.06100645025752,0.333728072604003,-1.69055315935721
"6351",-3.41595341757348,-1.80026036795146,1.1201250808998,1.70545002312444,-1.56178967071208,0.13902006398473,1.65048676797583,1.0451086763868,-0.454417984682767,0.696776894992258,-0.470496648121247,0.501787997616536,-0.0656525738673743,-0.3704671327659,0.350586367369537,-0.0626309543180996,0.811147452335652,0.6085983168863,0.0596140663802888,-1.06708593897402,-0.147858318715309,-2.01989020795455,-0.269888847031655,0.822220290233066,-0.333322259699492,-1.20862009837485,0.124123054689982,0.204213339107317,0.820525053567693,0.192040080251442,0.259020520124337,1.04127683449816,1.29203505904712,0.27079104863147,0.905442809525478,-0.732153843939119
"6352",1.18364566148872,1.15541712865662,1.25196201921624,-0.552325583818264,-0.456244488370629,0.391317011724581,0.478321574614882,-0.561184199526384,0.446498997371152,0.182171295356402,-0.291415371306624,0.450822879544278,0.706843981967252,-2.04995378998201,0.786963457461425,-0.285519420524276,0.264456665965027,-1.75093818121519,0.695922729889921,-0.138275069179119,-1.06534215204846,-0.0606173408359707,1.58682254853676,-1.60884247180577,1.55381897168266,0.176894664864093,-1.0874554964999,0.689680262525985,1.00806889832082,0.16433250156544,0.0850186297394446,0.0568789775206444,0.431867055935523,-0.52235363800945,-0.304394946015439,-0.529174785139723
"6353",-0.994004688829403,1.13295788271872,0.929207798385739,0.815137418195253,0.901062521152896,-0.434033444744763,0.49804350045907,0.770462181085205,-1.12425088138719,-0.199825268857987,-0.706170885626788,0.573326998971815,1.09211914742798,0.256689759531085,0.715571629640395,-0.385851304017871,0.241729086294855,0.515376707656266,1.35232822515041,1.00219824628057,0.712639978988233,-0.304338546630555,-1.09612145443786,-0.299116444075796,0.427742126171869,1.15443193840973,0.0409459565024865,0.0827723897935487,-0.690182417236692,-0.145778007493428,0.913287891100588,1.18766169973501,0.277414929198834,0.142544146680025,1.11802022932838,-0.0349961325810015
"6354",-0.305100909608897,0.647812478492351,-1.34747238127605,1.65695632792597,-0.0260638229796648,-2.12951595587498,-1.58299303275088,-0.501703193923779,-0.579108692163584,-1.37423578827109,0.778189070493472,1.2959662369793,-0.323876050352342,-0.342816123452062,0.436650935128666,-0.533770314600088,-0.414032640375705,0.889032909542642,0.556262496369005,-0.461494865390041,0.493864159092396,0.988821592153849,0.948136927316388,0.622217715333514,0.913448843100748,0.423500723506689,-0.476543487572225,0.0807053333275151,1.18493451930352,0.481596555210507,-0.476807126852924,-0.505348270789783,0.598609325037789,-0.625339998441237,1.25162411246194,0.673910276185129
"6355",-1.3567488091889,1.36896277027645,0.551454174067272,-1.39754973742711,-0.497144950288496,-0.712721244924643,0.140516475495096,0.490715197935203,-0.539010226981044,0.751230835885632,-0.258309181687922,-1.00188530582461,0.255511095876389,-0.262695175411569,0.340603921727889,-0.175495467273386,0.58305178058948,-0.293689791487816,1.4186511924226,-0.140817818741849,-0.958335857491568,0.757381408273105,-0.169353900097292,0.138444932288444,0.713007386855821,0.224374876157355,0.260118757015971,-0.816188357181179,-0.302162832501642,-0.106106528835815,0.33971916686949,-0.188731062794881,-0.612745409549778,0.0829947914080159,1.16232375606826,0.396452212386506
"6356",-2.33863211143842,1.04190881299809,0.124228522552952,-1.46251990762975,1.29895895563011,0.722190534861834,2.43729039659942,0.714460075081123,1.09083273916008,2.74093125569843,1.03209601655008,1.7362607546648,1.13249618245816,0.964739876314078,3.18308345843592,1.79533100096311,0.995657498511129,0.24550053155966,-1.21671170941857,-1.03230020335405,-0.40471697341105,-2.68730667943604,-1.66698315225562,-0.99410415811012,-0.427185125499506,-0.564711122462859,-2.08862907074785,-1.80454112757488,-1.24537194481284,-0.516563591464596,0.877905101330934,-0.397924898550183,0.227642893928049,2.4707980038395,1.52226547102956,-2.1825496037792
"6357",0.487160209429576,0.175587377336058,-1.63507966057397,0.46040173433229,0.78651707693584,1.35516058673121,0.442243855005925,0.662971505578063,-1.20664951845912,0.232858954705689,0.324193384184062,0.0185497179370363,0.572779108977617,0.265733468336475,-1.25172393183584,-0.00398159277646743,-0.0140728585001519,-0.981260424446915,0.212138677976076,-0.395926291199241,-1.25412296062272,0.260043857226566,0.021219562859172,-1.07752418554363,0.875742352943778,-0.144283797410143,1.59095344178364,-0.0517368466696735,0.633603385115739,-0.068807613902862,-0.40975161696316,-1.57927044736419,0.01282149574258,1.38495927892333,1.08105961547151,1.00536551998312
"6358",0.384900231150831,-0.671512056383058,-0.300297638976897,0.507678678865148,1.33061189468884,0.659635125862205,0.259321124304154,-0.0784163791551135,-0.292993846351749,-0.459740193986542,0.271833185423362,-0.306574338472111,-0.57993923105298,-1.21765625829078,-0.624043376671843,-0.10789699230073,-0.324584650276967,1.05758720972935,-0.0980737791271668,1.65779959172777,-0.00920316764645052,0.972031929435293,0.340757154235361,-0.577246835545225,-1.14015629023178,-0.8909135902127,0.0699695039421589,0.189470824141505,-0.4205907888219,-0.604332868314017,0.893864986700617,0.470977970874891,0.284661994586302,0.165054895390428,-0.608920785255554,0.204100502808891
"6359",1.49236225499254,-0.149699326705594,0.567111068627419,-1.45904097234828,-2.29430660308924,-1.74308132084174,-2.1124135573662,0.48501376595447,0.0225844244898002,0.89429093177895,-0.354172720365919,-2.50943499909447,-0.644551205988583,0.796692470812478,0.676032142913799,0.23376136792783,0.0768062872468503,1.48418372723836,-0.00447359353415469,-1.70092256073848,-0.215871920077386,-1.00116569558497,1.03919989471536,0.085892301917667,0.648060012212216,-0.109926852763911,-0.942443756844927,-0.457749461021307,-0.737283411767687,0.430134056110184,-0.156333139742613,0.0503900915200197,-0.0800073073483761,-0.823168479886766,-1.9521179920399,-1.6147544268157
"6360",0.994376192946629,-0.510201331728693,-0.606427307476069,-3.03885523817087,-3.26911212289796,-1.08084073705568,-0.753968104674457,-1.06085969828739,-0.801229404748691,-0.498780374670097,-0.219476149621082,-0.829572830912862,-2.10357455786951,-0.23829726950293,-0.797579719484939,-0.603928258823194,-1.6471119703206,-0.92874562034037,-0.0783625061541071,0.0991700153177999,1.645479123061,0.530415316447398,1.14806886648456,-0.109026394749252,0.876352797789403,-0.535403756414403,-0.32625064201195,0.316678317930456,1.20655421087441,0.892419768061659,0.426150471889569,0.033773452665379,0.126644163020479,-0.265314033581423,0.422508646197391,-0.5319662376113
"6361",-2.05363652306306,2.15178691912399,-0.473409116224887,1.52344879148621,-0.865966308496204,0.66342151342263,0.895091027044015,-0.625975522626514,1.78462596468883,-1.99092040358232,-0.138966797498929,-0.848846832484003,0.768327884638405,3.66236722467916,-1.8056566691886,0.912576788143246,2.12728868790243,0.591610485650289,0.796306646745444,0.78388223264954,0.180770298566257,-0.474260030440146,-0.338924802307624,0.723279787082391,-0.328701575305486,-0.997414079796773,-1.15659614449063,1.68965370995345,-0.123513864331293,-0.112785187208705,-1.22054950978665,-0.323466241291089,-0.225354667915611,-0.329595369473577,-0.0653326936958142,-0.657385302214808
"6362",-0.611458499053765,0.903078804516415,-0.0776848251284711,1.23923106103505,-1.58720093897747,-1.64598559518584,-0.216987498651338,-1.05034202668328,-0.0486290944273612,1.21197414899892,-0.572012842002434,1.76558000982146,-0.0786963055794281,-0.103725140055216,-0.635375348304846,-0.25828768932966,-0.785929221691648,0.631403756748116,0.495018838608784,-0.532884227635815,1.00196525298651,1.42672112136824,-0.967117890454092,-1.1770681755557,-1.00061817284944,0.623259406801314,-0.346225690785257,0.626289894855284,-0.034537638109198,-0.291707660204613,-0.115726206054647,-0.0081489610115369,0.141952480257829,-0.0437868049692574,0.225763359654635,0.747229390987757
"6363",1.12681806213149,-0.204024137461076,0.330956825766001,0.435786377997149,-0.0116965771635913,-0.0535827718329775,-1.17121528177404,0.00880011497966195,-0.536370122672205,-0.77045712838206,0.4279919898281,-0.0801220706041445,0.148574967330359,1.87157051145023,1.58851963437983,-1.06415897291828,0.260449879762299,0.99291320499036,0.0617057208345693,0.0375880108388764,-1.01750882556118,0.487427431287031,0.282375555246962,-1.23522137080909,0.248099794170093,-0.102869580554499,0.0245441016179252,0.46543873295402,-0.660211353807398,0.122621586120729,0.141784164998208,-0.390860463003369,-0.0552152262404311,0.364643407435354,-1.56562959901,-0.557902313063451
"6365",-2.463056173366,-2.74803575527913,-0.252111501416463,0.0803042193999942,-0.846701142737898,2.73488396590817,-1.74059679745072,1.08870328221238,-0.0374007288882393,-1.01588066085011,0.0352609490272761,0.175401778068996,-0.676162792399772,-1.92080516448422,0.93474432658971,1.18358441755457,-0.839808026225941,0.185014649651565,1.33417349703603,0.460846325410749,1.6810660205986,1.33337593297373,-0.831864875039912,1.9723869252623,0.429759853689532,1.66714826303418,1.20750015610675,0.593408371481348,0.622848672656072,-0.398475102239371,-1.10836944947362,-0.238301370683646,-0.419626469532388,-0.334285751038688,-0.215317118573208,-2.72066929141849
"6366",-0.787812184039798,-2.70129828082503,-0.936663531770463,1.47862075039078,-0.680319556039313,-0.182415214052077,-0.26808483869786,-1.28388215597396,-0.635387426164229,0.33001416503972,-0.549198608226385,1.5292519465893,-0.273240784725995,0.584060836687675,-0.298264263921149,0.0954839717267739,0.992780619409506,-0.823274175048553,-0.888671665447882,-0.671228223197347,-0.502220397030026,1.54962479623505,-0.1561453884219,0.985314373432344,-1.17471549007095,-0.88049845121297,-0.211091626791872,-0.19069371528142,-0.412181035707363,-1.59647644124513,0.125619630469711,-0.779702537964255,-0.41520727129385,-0.562043781086155,-1.69103395079536,0.180340653643505
"6367",-3.0043820523551,0.775210940114701,-0.499782073567803,0.307136753283177,-0.88821641224515,-0.996168533228346,-1.36157715401676,0.546375768213266,0.896677286212515,-1.16723497846523,-0.585466520186709,1.08527443654341,0.62802586407796,0.201296323750162,-1.7901866680371,-2.15862479802561,-0.0445182089971593,-0.0169582967749058,-0.438528567189691,1.69669712861046,1.93113500419901,-2.42205714722147,-2.37714916202348,-1.33950904650874,1.5588408545616,0.0958228948083633,1.14680238102273,-0.093572739664025,-0.37987625445314,-0.243936869711258,-1.07118124683747,1.95857642140939,2.53362201589138,-0.214595674958519,-0.590305792617684,0.319984422359884
"6368",2.47071519196357,1.28154357708238,0.667826472464346,2.83782224347059,1.416915713206,-1.58844521491246,-1.45393042379266,-1.31656118009959,1.25346827094687,0.824292359270833,1.31994010508075,-0.599790499434002,1.62817366408984,1.75332063773606,0.420247825635913,1.35952098281352,0.41276466220355,-1.47809645346397,0.734695496474728,0.915631454633496,1.6794650100058,-0.337220978025921,0.614634265316028,0.891749648800327,-0.247353902251059,0.32812866489395,0.952429763712642,1.96619824995415,0.742807098574188,1.23687182588487,1.48327986167938,0.485693141934875,-1.94617967176985,-1.5904701648214,-0.665107403947898,-0.50403400175409
"6369",0.363151647155933,0.456165530748167,-1.23133914866265,0.488680469118222,1.28244286308162,1.34389255110587,0.518305479228542,0.439808212129953,-1.39161032233038,0.350491893927375,0.48959799320945,0.354200001618861,0.80793281068739,0.474504752279891,-1.02073448311849,0.405049609325443,0.0804023197274539,-0.403024606771541,0.236631173181351,-0.436221941893652,-1.01717877342886,0.474537204967201,0.476082121462764,-1.00640299693326,0.187078827251356,-0.283299700034595,1.47541246591003,-0.0447814964320166,0.970364966662506,0.134203672757977,-0.700133537036958,-2.36708069123472,-0.643838150338637,1.15546641430039,1.00022060910554,0.73970393587864
"6370",-1.19392725105959,-0.0122017260602212,0.923289809778433,-1.66631362494414,2.44286053105346,0.253313624545103,-0.249183154093051,-0.101377150087204,-1.72566408393003,0.314451444446232,1.46481076397187,-0.280196077799845,-0.362342605283827,-1.21970038323044,-1.04508523083866,-1.1962230967701,1.25387407175193,-0.257815671632126,-1.41457601506696,-0.935209695884243,0.24117817998318,-0.141629902410463,-0.358207261244565,0.878186100549844,-0.76353334430279,0.306457552577864,-2.53391787626952,1.04048100870384,0.324249682150514,0.797188288300266,-1.05850824633271,0.223055164558191,-0.137712452452511,-0.341822947992103,0.269181005855107,1.31681841826548
"6371",-0.366665916516861,-1.99819638591236,-2.13677034321154,-0.0332015287513144,1.32189524781642,-1.11167853225464,0.740444799332172,0.901979953706028,1.71917683690111,-1.09524779432133,0.4898302569502,-0.663934943524254,0.242953967930226,-0.742011177994093,0.929128810806407,-0.492265358582454,0.85324792587721,1.23484128261988,0.381933331671982,-1.76266738905257,0.0192098560969663,0.458550848113579,0.206936072019863,0.0904102455042722,-0.408706246941426,-0.569537656025511,0.278553061262673,0.0979428980116149,0.19292318574671,-0.978476988918107,-0.388318078612035,-0.611250601443959,0.377233952217624,-1.19197879693301,0.123540104551908,1.32251751837389
"6372",-0.573890500121412,0.172651003581569,0.703063165847214,3.63694753246807,2.29349583499203,-0.641382261166417,-0.799988590492645,0.792204416681515,-0.0492394623225387,-1.68915775798301,0.558072275099043,0.0820281079712679,0.0971710088496664,-1.07926722816621,0.456634137685713,0.299800291233941,-0.0521002819595168,0.864793905725983,0.0845770009008851,0.447567068082788,-0.0462213705998848,0.684382905240948,0.339718391837602,-0.121511425347356,0.0882194018259782,-0.456199687981954,-1.06004595225702,-1.50746399723696,-0.286420474098764,-0.331731586932077,-0.510615191839811,0.655944631794245,1.20658337323242,-0.426413538463951,1.17865721511016,0.641548044538791
"6373",1.13489410064842,-0.0945433497883331,0.197486014559068,1.65407083659858,0.528472218246646,-0.32212723762532,-1.12230226786129,-0.170752521153923,-0.296159767166754,-0.478374480256866,0.522176312061644,0.654199268252024,0.351132127395157,1.81474260140153,0.930807570359146,-1.584149418215,0.908673139223505,1.73594336279217,-0.331686038425352,0.910850754575623,-0.542670739483056,0.049432428216113,0.0213123555215315,-0.711017550746562,0.139381361207575,0.262338355493884,0.109060558521607,-0.106467967748653,-0.812570793578106,0.107441183777774,0.292682297544371,-1.04842186607623,-0.275014462600785,0.437879922806368,-1.29834562577342,-0.465899329927945
"6374",0.119054394436572,-1.39064366841558,-1.25330874702432,0.676797009405669,1.4477491769213,-1.0832531868934,0.480594000620292,0.240722070207461,1.27049348944183,-1.32822270838082,0.661681302548535,-0.539696559405797,0.0612147433735285,-0.613501698664237,1.40576637343557,-0.157570894933257,0.681340034836641,0.102437669714263,0.409161939885333,-1.04135412760392,0.596562163641015,0.301280235722143,0.345752295606748,-0.19244491228441,0.160452559143198,-0.319789288948581,-0.275595413496897,-1.02431735266301,0.546554223930922,-0.0730691392317063,-0.477240348155875,-0.991911544685277,0.0327564887521236,-0.846866206367584,-0.0277568308003844,0.541699213334951
"6375",0.070160211823909,-1.37047548583084,0.279774869824322,-0.253309379586206,0.0295242017131936,-0.233422619846832,1.71862007594757,-1.55898496799695,0.568999060038894,-0.0790787717464467,0.182740239469609,-0.224090484170736,1.03718321194157,-0.500008586207231,0.437855138230222,-0.803700625124151,-0.0120911209509382,0.339279939655907,0.703150568856086,-1.31408937458479,0.817665251861095,-0.117721451761764,-0.398236581196684,-0.395210004002729,0.726382182525583,-0.778040569004407,1.18928005538835,-0.545242029306872,-1.23793611013567,1.06612302577142,-1.38359722176864,1.87393762939249,-2.00867135466345,1.111611555315,-0.398170429018775,0.207303217731496
"6376",2.12120145878514,0.6888928007517,1.15193230962561,0.158342412343704,-1.07679272318907,-0.613652399456755,0.015471408350199,0.0408043631357136,0.0176882278773283,-1.32629795632374,1.57747078504588,0.841591318920858,0.428179443816956,-0.770293048778951,0.376670993107823,-0.201870579682771,0.732775311913234,0.439763608024832,-0.9755495557554,-1.50116868233384,0.180650000307226,-1.78794101675048,0.49197404192726,1.99534902639461,-0.876803933519636,1.28394033704389,-0.243233099248383,-2.67881047471225,0.341230149389796,-0.465499521779439,0.219873834460224,-0.537329526436859,1.52097035553037,0.51479214872319,0.609155101937976,0.630165697193578
"6377",-1.83158105277235,-2.51220236705676,0.638591394997076,-0.115459348018602,0.21881879641109,-0.189433058365396,-0.258898803927798,-1.70722292488196,-1.03795173560991,-0.406294158718528,-1.14276239874611,1.19052821753838,-0.551359870718127,-0.163187379429012,-0.780237975463322,0.63382616071149,0.572173691278393,-0.375724221232655,-1.41765485422272,-1.55063787227741,-0.343399886137322,-0.155288889261049,-0.588890127786982,0.582219517092213,-0.649661037144283,0.377500092094925,0.412983338489301,-0.547866140362534,-0.0282891548535208,-0.948559044494123,0.46412809734393,-0.464017666954285,0.475042806474023,0.0933424288185048,-1.88180831572118,-1.22127018263553
"6378",1.83901381344414,0.354780392639019,0.599861970868697,-0.144439487136794,-2.48541841380185,-0.573596589062399,-0.207418358342982,0.0683002597959037,-0.511565443124104,-0.12527673087809,-0.49422344940979,-1.51754447274656,-0.329066648944622,0.908413570331697,1.97367644950703,-0.677230835929037,0.333952223488824,1.49217354754781,0.533618879295809,-0.72028532038855,-0.430115343273563,0.510595630338893,0.175991537515061,-0.747975679598122,-0.511791683459688,-0.434249454036882,-0.996598785520811,-0.513215513343862,-0.37483740778551,0.669871607335117,0.438119067870142,0.710770872107283,0.908753340734879,0.480108997717981,-0.298154216439478,-0.573808903786777
"6379",1.84609923740467,-0.974327193628462,0.326590053543444,-1.52630081398879,-0.399120802273404,0.375848950597609,0.228793126763284,1.13294107076688,1.20696487290453,0.394110220729922,-0.642845048450334,0.306879473096463,-0.560086471482626,0.562791772321337,-0.858882428350646,0.220592171557246,0.564588818459966,0.644240301836139,-0.298116903011873,-0.0616919762821561,0.280978385028453,0.354844968577367,0.67028374586792,0.787070202334064,-0.700983541699071,-0.418735410247196,-0.0360360366851087,-0.699346455857223,-0.0696621441949666,0.25361937790429,-0.0859189251638768,0.202418517962918,0.325020329754387,-0.123210404383723,1.21003198341176,-1.0693378252697
"6380",2.01060265280267,-0.432067633133113,1.33031492849085,-0.76725959113999,0.289915109915425,-0.26890291496422,-1.31774596006516,-0.879335482064447,0.784438187875539,0.502703890941522,-1.36063227869265,0.724671419813055,-0.957566788357438,0.62373595578913,-0.13125754842924,1.53115139170259,0.544236762666978,-0.525407788030746,-0.0936928096322598,-0.569915727955812,-0.163510638105497,1.0029373913673,-0.514032111012213,-0.402911466299295,-0.230579885609432,0.0586258250299422,-0.318047631638716,-0.509153335825478,-0.0478967242452493,-0.0431640085935318,-0.806405082585227,-0.457252324120877,0.0391676042641691,-0.362043954495627,-0.357088560861419,0.757731603796783
"6382",-0.35180216013072,0.013000202972568,0.0842460855163335,-1.48087238840012,1.84582337148223,0.0767184151203187,0.405975967649163,-0.0663257169612915,-2.02443715307331,0.271990624777573,1.53037857854257,-0.1556168153658,-0.652360758792696,-1.13453678096534,-0.823858793705573,-0.932710338941776,1.68764983496476,-0.694844293926443,-1.10893040354072,-0.120692195613551,0.568379466036879,0.374547547085797,-0.321199407993982,0.271896985295259,-0.685080509367087,1.2686140987256,-2.0518045398975,0.556022527188374,-0.356710043041809,0.262822432906576,-1.22368050372783,0.604121626997,-0.231159718062972,-0.180502060558451,0.105326745430312,-0.0793696854302762
"6383",-0.304252536481296,1.44290298803124,-0.440483008287077,0.581007020107481,-0.471114396930892,-1.08820594071186,-0.446645425268038,-0.0763455214504555,-0.491741996127261,-0.230101178427383,-0.808007547652557,1.01775682129485,0.189350975613014,-0.607132356073915,-0.754705414794799,-2.16219788336524,-1.91844048710208,0.0741689916859646,1.132876075277,0.507312782518769,0.15659464582687,0.17564147303687,-0.472743465104866,-0.331507298911408,-0.410904718275366,0.518568259534171,0.108383798814979,1.02397435535966,0.0959398405868324,0.522035673943,0.329259097850106,1.08167209497189,0.323671173042712,-0.0618889160231127,1.08709695565081,-0.192939515297178
"6384",-2.64797760163837,-0.721272884809105,0.0334894591993868,-1.30723243539703,-0.275552832376434,0.907526433562865,-0.728342749721353,2.39237654956082,1.86954678109515,2.25864946299003,1.82154061478351,1.53185639203569,1.95765346530351,-0.467749077464042,1.7369015780834,0.0738684767951889,-1.07052487631769,1.21954303650189,3.93525930820368,1.61664364611113,2.17610499087252,1.53174959759016,-1.77300560362686,1.06983089851057,1.27284335133389,-0.291060963152646,-1.38013831316524,0.721458328454422,-0.307414309269237,-1.05367833347142,-1.34773115351243,-0.670161308034017,0.138855988405362,0.115395762028897,0.522829676334234,1.2026218669594
"6385",-1.80472171341917,-1.5365100242035,0.55060882295961,-4.00690584657294,0.257547871540406,-0.741877668683911,0.938059986479717,0.874641269159709,-0.181323372882126,0.438330968487875,-0.34742488146908,-0.612911866088745,-0.753339724766241,0.328510580019244,-0.37236821014933,-0.54979001570067,-0.722299180355335,0.158310302041439,1.29564138306347,1.43840475324747,2.23459060555918,0.965000192749177,2.0299564129866,1.01233167387914,1.07372009208644,1.44569663575089,0.577267383892291,-0.688194889144961,-1.38057193399087,-1.86757603592775,-1.45742887147947,-1.42841590988873,-0.176074117818722,0.434246366715163,-0.795451350129263,-2.01041227931886
"6386",1.83576462526083,-0.302675655491694,-2.47493095547575,0.309956399066875,0.571174963018111,-0.203865415747259,-1.08777122095168,-0.324360360644053,-1.33473178212368,0.672637722430358,-0.514353212457192,-0.711714306107351,1.45290432422027,-0.0719267041013928,-0.89960028712212,0.499563414302831,-0.0398554132141641,-0.462564679755341,0.814204206152193,-0.0335549194038467,0.201876485528348,-0.611822237074112,1.14058624939653,0.104311890795727,0.311936713101426,-0.536915115946237,-0.673199868139384,-0.176897753452919,-0.115659030088924,0.0680875106933904,-0.205297888607803,-0.835471423334158,0.189077311975738,0.837373040361383,-1.18343959188366,0.272252211412552
"6387",-0.795929359612656,-1.6573295050798,-0.152731890990383,-1.1548506976354,1.86136507879945,0.128973423568028,0.949848452972369,-0.309351236962478,0.626747782651433,-0.558355174435509,0.668892319492936,0.679477847330905,0.351628563254414,-0.247120087624645,0.0579986393095919,-0.640328014878217,-1.00884617611682,-0.772369500410733,-1.41191792913137,-1.97695620915506,-1.15243000663798,-3.44936776423804,-2.74105530517494,-2.99283935219276,-1.50749804893868,-1.49774871889844,-0.549026755989552,-1.02785445835052,0.383092524992064,0.523359403664152,0.895779952460386,-1.10521448393399,-0.753193228764859,-0.220098375764342,-0.634835683247155,-0.132965149970105
"6388",-0.628105258973038,3.0688135875653,-0.942529948981722,-0.631342292629787,-1.42143786548664,-0.62445384837046,-0.952673458890587,-0.466344591413281,-0.158849669663591,-0.308340944964941,0.449810562752692,-0.0819674542061819,-0.204837143705465,0.219587024833865,-0.676856995182472,-0.421309101920462,0.346264679446899,-0.769281148234006,-0.111404233888052,0.400385626964846,0.0757720705907883,1.01553915920975,-0.347892741425804,-0.590704639402852,0.66138917728479,-0.908458427870164,1.2211783076688,0.216602969022442,1.88570331444359,1.38198138805304,-0.221838871133563,0.239256432248288,0.254270992631334,-0.59868653746765,-0.919881795835133,0.0965260682494753
"6389",1.58028565045443,-0.839529454205882,1.11302494043943,-0.839759406336009,0.472862017212986,0.401889330506524,-0.327846621729779,0.629951361903905,2.18931182926835,1.85515628011391,-0.386409630245737,1.27863529040308,-0.373434343420586,0.913324226554088,-0.336213751774998,1.30910727246508,0.589482023123252,-0.28256356456343,0.274556791911073,-0.263480743708901,0.251731842731361,1.76050644140844,-0.281117894150744,0.446253043780362,-0.047004105465118,0.593929538397617,0.197280704247182,0.434667656886786,0.335082496147864,0.462238262436172,0.110110997224121,0.392436827488042,1.06753167006345,0.752768665541434,-0.454861375643799,0.119578087343397
"6390",-0.283623579953308,-1.9775451681345,-0.797940028755473,-0.297286838849493,-1.39736188433984,0.150294450102839,1.8311958137111,0.0639764333333728,-0.300325500216786,0.398313230223787,1.16730494354591,-0.375746181253643,-1.12368400430479,-0.878544271297167,-0.633436935038174,1.18768797572054,0.947478286030126,1.71545084190081,-1.76316213618827,-0.251234009610447,-0.348274685106835,-1.12291952154504,-0.589856927776817,-2.20878427154387,-1.7598618609559,-2.19027403346136,-0.772446716324036,-0.940071668621104,-0.150628596170487,-0.527058054926863,1.75420910282709,0.791570518355918,1.26738648598731,0.798130530170103,0.212240526529647,-0.00496539868389533
"6391",-0.500626127320629,1.32510970469635,-3.18545868900596,-0.394998187490708,-0.213379936892475,0.716711962015673,-2.34938456921491,-1.35414151905771,0.762295188054012,1.21690636634432,0.226445192931327,-0.17562936611664,-0.930574880417702,-1.96751162720615,1.16666910753874,0.712829546866708,-1.48705199620863,0.0846741194959051,-0.977925338506342,-1.00257502879248,0.310677497136951,-0.040831572644846,1.12694277187795,0.956538821583515,1.25429550056545,0.594819863109344,-0.692263531276198,-0.584426396668626,-1.58898424621563,-1.01238477210739,0.431651662402715,0.23631343484416,-0.800733607808895,-0.199333140615025,-1.12827046359352,-0.40266630017955
"6392",-1.69458647914824,0.941718404814632,-2.76934950715345,-0.792630622996995,-0.229680663348643,1.62719282124485,-1.27196365341273,-0.777757328358375,1.92630101064283,1.01865697914063,0.444164640288162,1.38495141504819,0.541471830696481,-1.61927404606781,2.2128507708088,0.418351340521266,-0.307147063767924,0.865076799402059,-0.901953722047939,-0.908707113627955,-0.826318405956202,-1.21545000072519,-2.61228807273561,-0.511600859672016,-0.711907085741495,-0.0191969310662311,-1.09878547012534,0.43949444298671,-0.460928613609751,0.263209960825743,1.34106405763483,0.747041585479502,0.658318695596828,2.16229771436051,1.54996965841683,-0.442963084669336
"6393",-0.223490640046052,1.39771605077481,0.784226962760718,2.52385105234695,-1.21552691572728,-1.53282448898183,0.0417713252296052,-0.87950211215408,0.153092004211536,1.5266393203543,-0.42868297425355,1.82605767150755,-0.0585093279699615,0.356988010409132,-0.957306941233588,-1.12329379176128,-1.35227182927144,-0.753285200074586,0.181912423259853,-0.0144795183549679,1.30722402431048,1.7385626995925,-0.260010615295223,-0.429449285386851,-0.350221097800666,0.407410541012103,-1.00412037382819,-0.117406765790639,0.224989888603209,0.621069040956279,0.361599270150907,0.00394540379476612,0.299933540192433,0.569938166837295,0.265971399564002,0.65020962204179
"6394",2.25640631467223,1.25858228822183,1.59522957250233,-1.0280706430119,-2.2536082075777,-0.207446861308582,-1.39785709034826,0.299750109365937,0.338312288361454,0.974331681177812,1.17445102073146,-0.335218268043739,1.10845003499341,-0.605655604230499,-0.402569729790072,0.560634250276814,0.125743422758377,-0.0288899110700879,-0.155393165571445,-1.29449799437674,0.35322992871014,-2.37897501107429,0.411346474125087,1.57143148144488,-1.01493145810931,-0.114983528328695,-0.473688676963324,-0.364378996099539,-0.0445315709182753,-0.32801343976171,0.180981915296877,-0.745591881813808,-1.17896604513664,-0.774324310224372,-1.38630454359342,0.178706037713047
"6395",1.81101223005218,-0.759458954922012,0.530601936374721,-0.899860343677284,-0.416597431051678,0.489262744228991,-0.450593169082344,0.65029566682678,0.975236909068034,0.0192254525819131,-0.729271699666824,0.149383528852777,-0.485100270224233,0.605917356742015,-0.249839366324042,0.948536959976871,1.53892028513977,1.07380738465866,-0.131950872694865,0.431334604738244,0.577439164540183,0.238962590501747,0.55199814760682,0.532745880415953,-0.626824040876254,-0.329423634962914,0.313794413898197,-0.0414147517324049,0.47993879872513,0.833293649302993,0.0843287053833567,0.21488064632037,-0.0278294144711357,-0.285042182367516,1.3488589473273,-0.543787613126981
"6396",-1.22510890688833,0.192194656187321,-0.214079704449725,1.18366206514877,-0.0218437337310149,2.19121494585672,1.26500459638503,-0.784848334925833,0.898527492447428,-0.633003027827421,-0.765102032459619,0.031050295987071,-1.92669675273295,1.22055193915916,-1.49368863325589,0.652896789335116,-0.258985026612364,-0.100236996925934,0.766356223021656,-0.402786598247476,-0.367340757711261,0.782609968672533,0.18544691816843,-0.414048030706583,-0.0683328573809483,1.35004357934215,-1.57242584718585,-0.504421228601189,0.0087569346651617,1.23594707852786,0.799509314170533,-0.284409074498376,-0.813418627208989,-0.261953767161469,-1.16965998361355,1.21972427451683
"6397",1.81289476099797,0.483721700040472,0.976306153134758,3.05907721999857,-1.32336086283268,-0.354425360831016,0.685682984116264,1.77379056241432,-0.196156740245941,1.12859337468324,1.36866603415533,0.932957754665739,-0.78733211371104,2.36383748110526,0.956092780579526,-0.683646283766637,0.592053169171907,1.89253260997041,-0.28495535912903,0.471467044615208,0.656004691087625,-0.321234387290472,-0.591549404243408,-0.839795213453335,1.53350765650961,-0.194897485310838,0.281242083658816,0.601426786138729,0.189530790150576,0.127390136549797,0.10621423443193,-0.731050432323311,-0.209469151457335,-0.565906893417936,0.375749058723963,0.0524651029288343
"6398",-1.21745467930247,2.21519408574032,-1.23256173543584,0.486052153551831,-0.876197074833118,1.11345913859166,1.38602122309419,-0.991677487485464,0.987488319110201,-1.87553135266225,0.562418286833143,-0.24553950076848,-0.0317747996217397,2.96409408109705,-0.881489866313483,1.32056554694633,0.636453340715153,0.233172684536123,1.62756667615016,0.850391724599734,0.101325192299807,-0.545995202406259,-0.401810314102924,0.0512606349123007,-0.198853688714115,-0.0233726773719798,-0.497568076136254,0.762481645292648,-0.150178079658414,-0.285465968891405,-0.775534875498139,1.37745030188881,0.952687417016791,-0.929975620911439,-1.01013561086404,0.0480404854944371
"6399",0.676772553526605,-0.0365943717236479,1.35825120454221,1.2853545979223,0.121695746516092,-0.625442789916919,-0.861146759387792,-2.41140795283488,-0.553317552204277,-0.681732245165139,1.50233136438604,-0.684451970866483,-0.650496088978423,0.149343650984344,-0.17674666957461,1.6462014423769,-0.627147600254298,-0.737543958314376,-0.193643367025104,1.61264820440185,0.473059087562352,0.331472911140858,0.414055466719408,-0.270041415406184,-0.0786374077849347,-1.01157728769074,-0.30154109062163,0.283968524680065,-0.223928604774205,-0.954942391645608,0.168612268291796,-0.169215623066063,0.611871175102399,0.990392201369615,0.208146228718906,-0.262732713046194
"6400",1.19732828449312,-1.0453886777518,-1.80421516803547,1.10511164819047,1.86925817926475,-1.0878687895949,0.393522247429861,0.737581521666922,1.41203996367669,-1.3474018189272,0.24597730773385,-0.475385003160826,0.216924736830767,-0.387396019107255,1.03468804246697,-0.8978873580092,0.475534066050485,-0.187446557361696,0.34420348629211,-0.760349163858614,0.13548409526915,0.649714351050833,0.0135104291698964,0.371739094954556,-0.385827828045494,0.0634741775528806,0.08770542256996,-0.520625615405135,0.442756867923214,0.111141557988712,0.255870031387086,-0.050154015891005,0.124409231589682,-1.15752429067917,0.409691240735159,0.720624541862083
"6401",1.09979022720428,-0.813097484565178,-0.333592444868077,0.393002390429899,1.35526199451817,0.166581219205292,1.25543404129554,-0.0947249951172193,0.565741037026582,-0.369123002070428,0.198744598581907,-0.180994682730948,-0.816487271713581,-0.520097555244343,-0.169147378001594,-1.35141457828027,-1.03716005129621,-1.36094849650237,-0.0558231508449336,0.508895360319961,0.928359528457645,-0.673515992210753,-0.840232068850203,-1.02021924987602,0.682981158459906,-0.584415262251508,0.295307339192744,-0.415563615367627,0.287792463144097,-0.0575838191715253,0.196199446215354,-1.47596841370068,-1.37216754572302,-0.822833353129505,-0.799989840835075,0.228492588879343
"6402",2.0464448578643,1.14935669666497,0.557758538173954,2.67996104159301,1.86069367049965,-1.66821985827772,-1.08723157879521,-1.84182705200702,1.06767932065646,0.767937986415779,1.31665592028579,-0.308069412843673,1.07809293763293,0.575966438629228,-0.4555260487142,1.1032272286792,0.181839415248378,-0.737678872402171,0.049296949253779,0.637891358440293,1.70224265816263,-1.54033744957347,-0.137596731512171,1.10986457665146,0.271458444555074,1.2768517585198,1.10040235198569,0.841091423810274,0.594803607728008,1.03447710049567,1.8930372874345,0.0645738646146883,-1.14171898998617,-0.86280241933689,-0.908538727757672,-0.94960757885991
"6403",1.49895274516726,-0.911659146963245,-0.128040341239683,-2.11297092243477,1.33751414695353,0.798033587326681,-0.928830052370705,1.60145520343302,2.26482522272886,1.13774315441394,0.322419134880359,1.66002009582989,0.600729058412837,0.424094709776672,-0.305490623438178,-0.416090655000764,-0.638904026169825,0.080083365443563,1.06929003914062,0.286125383122543,-0.97869671895232,0.228218347320683,-0.856182699029014,0.995890627748354,-0.441852494241297,-0.868958177701133,-0.492959970132662,0.423712813407879,0.243284763311121,0.402566625095385,-0.354534238646625,0.0413105812367257,0.498220597678895,0.109574541731816,0.47775416555378,-0.201285548993863
"6404",2.10308762604203,-0.569826288245943,0.789280357230997,-0.810812650490669,0.440623706063893,-0.0675444130715257,-0.446076214261783,-0.0204637231902379,1.35248055460856,1.04221624072956,-1.13204138676635,0.984931799772171,-0.729458848603297,0.619318306678899,-0.685539661170059,1.25054666336565,0.830075992512389,0.0460394967874537,-0.137089242832736,-0.549673242056915,-0.123693853711267,1.3979562444032,-0.58841247678351,0.107327895060818,-0.158547320791572,0.702515218303387,0.390425171246636,0.276901653365904,-0.0809785702578252,-0.153757698305585,0.0344108784942998,0.254637986163169,0.737253531917531,0.178888932549153,-0.300818068044988,0.21496938455697
"6405",-2.44549283147975,-0.147380061674613,-0.179416993207162,1.43258177172728,-0.397000994279627,0.0761776518970945,0.502899173551571,-0.194593160667642,-0.618008503539881,0.534657628392001,0.107728655751944,0.874477207444472,0.650028011990851,-0.912970605471563,-0.02061151054689,-0.377682008571595,1.59326885909188,0.106114166416391,0.772002918701939,-0.447215684950269,-2.03158372284768,0.104126008247766,-0.195929949942669,1.01018127985606,-0.18596390979615,-0.79322349611067,0.912108305395497,-0.629211017026657,0.373231794241423,-0.267867491058017,0.0581181948232096,-0.570376720916625,-0.713455067885174,-0.141045886694157,0.192508338524161,-1.17123009261917
"6406",-0.527471412139161,0.384449283626103,0.745729440443873,-0.66819223008655,2.34706025993194,0.263643465250453,-0.123846728533676,-0.555884447833034,-2.2292434483224,-0.152538664003261,1.36062009369682,-0.255556973596811,-0.491859390026253,-1.19015065327019,-0.791548789884225,-0.779177142589451,2.07221625611154,-0.619884095884515,-1.55277080413068,-0.107988224059956,0.596284974213501,-0.0104058538091683,-0.430813937467674,0.403233953924149,-0.595449029522319,1.29069576659499,-2.16899592935109,0.606782575076549,0.212245560105755,1.17045828608093,-0.639579749879491,0.474573561403039,-0.311053604634234,0.136955074286013,0.248768215830964,0.16024767107475
"6407",-0.493029616068596,-0.729080046014274,-0.0909986865517603,1.04230469138682,0.349585246622748,1.74687977814285,-3.34885423812727,1.42811158041269,-0.373351370921551,-2.30156626944712,-0.901176136646654,-1.60620209529595,-0.275712941250812,0.56187126079553,1.98434221714544,-2.09902220457056,-2.78346391797343,-0.283944678988788,0.676877728933025,-1.47804989692371,-2.57015823492878,1.46660526202269,-0.408893033796976,-1.13077123060995,-0.322794647277947,0.785537899440873,0.617236171054659,1.06457993978701,-1.9563988184721,-0.835861462276027,-0.957401956388264,1.4994026574668,0.373410140746161,-0.536147164477134,-1.17219468827311,1.37331385376589
"6408",-0.98534356380892,2.74834913150108,-1.46599278637359,-1.35101837462307,-0.835984492641457,-1.03448472881468,-0.831025219339367,-0.259053516132303,0.0843397430502141,-0.227529371044981,0.0453108921966905,0.303796361065408,-0.0812735166081969,-0.135156636031315,-1.48643239814381,-0.738806119149845,0.512839796656484,0.409064705746581,-0.585210126802047,0.0594355898443218,-0.400632561454648,0.00162493854891597,-1.24299874904366,-0.531376847154744,-0.439116584247439,-0.200006091008338,1.72988151827354,0.128970369412025,1.42227449542595,0.852320026178061,-0.247412802576379,0.0766377562456093,0.361509131411466,-0.671136507724011,-0.588165502055989,-0.494246901058191
"6409",-0.575913257491999,-0.79452889499165,0.0094274459054287,-1.59802727123672,0.211411259771466,-0.380894370284337,-0.393765160291754,-0.381105284305808,-1.18553614516906,-0.600712476457761,-0.0613300034227437,-0.244459528040797,-0.051421626595921,0.819423202161847,0.654798765946972,-0.0328755001415975,0.381253203423587,-0.732873546817227,0.167120950844016,0.876416894078687,0.473277008459786,-0.051157174474787,0.201533988470813,-0.218678510721811,0.542804730256662,0.118427135197488,-0.465662667765605,-0.460064187986103,-0.336018482541778,-0.0369599629972146,0.918660232045566,-0.259176620772601,-0.228461513885717,0.541763940444343,-0.237328224832753,-0.0787178476359961
"6410",0.971846987352835,0.495086852679201,-1.21196419357364,2.4203316276568,0.956857734405549,-0.815997723535968,-0.00960190809229586,1.7309238964789,0.256097002288478,2.15851516522168,1.10920852757809,0.517004826817565,0.395766675922976,-0.866291455468514,-0.936028315553549,0.11095664965994,-1.26535986260209,1.10361154318143,1.05160604346132,0.928625148368577,-0.333034410933508,0.529041860827337,0.241292212659442,-0.352636057387087,-1.04142054816687,-1.60137484806286,-0.916120192549968,-0.0493996550899379,-1.70294106523515,-1.9371967685922,-0.38605937761098,0.74884561031055,-1.05491691857961,-2.37718624248912,-1.13050511344079,0.355895309657131
"6411",-2.32121773984614,-2.33437736423211,0.427631495351621,2.68956188546308,-0.825283769316552,0.859502184764013,0.15250434230085,0.996136001072145,-0.658389340270846,-0.375685938515729,-0.468482040342081,0.406179854177608,-0.842852305954494,0.0730227524339272,-0.369903413272039,-0.605667690952003,0.197278888576033,-0.866704708039919,-1.03888728056396,-0.241820939975251,0.00058080040327687,-0.92260710705448,-0.024386930971205,1.49060261558189,-0.0624880204620364,-0.584121343862813,0.346271542987513,-0.128317752462867,0.482353453171475,0.00407317394813305,-0.0237698418359816,-0.224392203834641,-0.258402907561851,-0.156172601409411,0.719731492227625,-1.25339492122756
"6412",-0.759819662258424,-0.438204262821419,0.526148625024378,2.10749523098763,-0.0657905794439894,-0.493945189315516,0.465570089852049,0.138850837428391,-0.586594940015464,1.34678475935121,0.283278889210365,1.34903034519741,-0.592574714983002,1.15520842024959,-0.0365821351280664,0.664512615898278,0.322786289157197,-0.457867114328456,-0.40699551935147,0.271370591311494,1.48710272199487,1.45359773821544,-0.935792421849241,-0.357023308286177,1.02046010423484,1.05154747184267,-0.363009127085093,-0.682248976857971,-0.870158626409556,-1.40678731228525,0.336412823215604,-1.05310018268504,-0.363059896716754,0.0999175800414982,-0.285353519924489,1.55818574949122
"6414",-2.19041287364681,-1.80854433745259,0.645828358556854,-3.68826510048312,0.617596600372037,0.295024977834511,-1.04802605461977,0.838804581101507,0.954215719725749,1.72383882766336,1.97110295802584,1.24808710946586,0.710569659799666,0.651937586376505,1.0570940023659,-0.255446644802014,-1.62369673780263,-0.106650319205088,1.49655490781678,0.521902632445138,0.890232706304651,-0.789901270926802,-0.590312322261581,0.833772245706606,0.867987983877519,-1.51191257963345,-1.54551313905035,-0.214367491362911,0.818660372973196,0.357813683472643,0.230330573740569,-0.675405711548083,0.71700301486545,0.0569750492715095,-0.520141821464197,2.4231195509975
"6415",-0.450170026686479,3.14937573907473,-2.05387345425718,-0.623188834494033,0.675181533711857,0.990225778707066,0.150291950578589,-0.336145888287171,0.813792183662166,0.0839731675603554,-0.574989160753416,0.633693118134035,-0.469043177944541,0.318810184115039,1.24928259101097,-0.0349532384667406,-0.386716612777359,0.0775432030884715,-2.1083385453957,-0.11425231945419,0.815189702943155,-0.218125029569208,-0.432273605163885,0.31993580810746,-0.0558498068297825,-0.895973107506356,0.268681745828853,0.473398683302815,0.00776722988844256,-0.528350277589212,-0.245489899785869,0.820502118614601,0.778334982556236,-0.160876164930135,-0.455509211242155,-0.231880443082347
"6416",0.288442632399271,-0.566420226054687,-2.03079617298822,-0.891843296628618,-3.72396067492912,-1.1382313278413,0.290092504150615,-0.547326667744424,0.356039046745431,0.666567782867519,-0.181399743753065,-0.236912428761776,-0.511446333420122,-0.611057123487295,-0.963915927483711,-2.35321689630844,-1.27375937744738,-0.424298020255222,0.262928741122051,0.370318792920853,1.04746950696908,1.57834663540304,1.31939255274592,0.65886417355874,-1.2617063233584,-0.92128478350206,-1.62340429540373,-1.31190947216036,-0.308565216334059,0.427189211327162,0.827161242545497,0.719353967458146,0.948688121760884,0.966385813369489,0.795813469934556,-0.262972200959187
"6417",1.81189695020501,0.499678173210901,1.25526382407158,2.44845199807826,-1.45998631015014,0.261140713374087,-0.0787195777634176,1.28643590243786,-0.779310878343097,0.0596030963019939,0.991594248019801,0.141969447047103,-1.09730240999247,1.81833065894307,1.39192692707647,-0.677223247107916,-0.73118050892797,0.654463405961512,-0.11997556737291,-0.121343535405171,0.414033170562203,0.211789781959982,-0.299522038552731,-1.14321148112438,1.87879688717475,-0.0452250817540964,-0.0941749020128841,-0.181905813827591,-0.136822946989969,0.149442425281581,-0.0491774263436521,-0.0901744106020459,0.0658525913266996,-0.601640948886178,-0.136898294531574,0.0800447777210873
"6418",-0.683202989078873,3.20729507065323,-1.54071127311458,-0.586122108425171,0.0333762330614177,0.855656548402829,0.420653305978789,-0.758202270024561,0.606048464683477,0.435155147922881,-0.149779701349966,0.325236041861979,-0.993050099059642,0.260650667374821,1.7925285562647,0.735615664167835,-0.124265067546212,-0.158787624751661,-1.94121251438865,-0.149654162791597,1.19482157188663,-0.192809768388475,-0.00107826743152911,0.134189419485161,0.750688636752968,-1.54392130687745,-0.34387450779154,0.384809875219929,0.636315503489833,-0.285130063920338,-0.847096443380685,-0.429658830273008,0.395944545610786,0.285546009641977,-0.728810751557995,-0.429538610273214
"6419",0.192702286800231,0.226303830715554,0.39282564540601,-0.697792312122774,-0.386648858620186,0.19200939491878,0.20970056697987,-0.327925995077177,0.932567408121158,0.180653435642372,-0.434400462819975,0.908630636263961,1.20602486549145,-1.98549324620082,0.402650937998784,-0.917064069034117,0.429357689942293,-1.0900782445483,0.497664576851989,-0.0674944887153726,-1.3765880851319,-0.500280672295521,1.34848319596733,-1.94494479087645,0.186442291733834,0.324135920331891,-0.890949812299903,-0.0639583004592987,-0.263352729855588,-0.902051178055565,-0.589843883437262,0.114739150579151,0.363416889609202,-0.912859451608731,-0.182916293635778,-0.298239314167775
"6420",1.03430936080049,-0.10398654052712,1.17157239714446,0.53737840303346,0.0286980775477929,-0.707581461176852,-0.216788104482928,-1.48842043578546,-0.212886952549578,-0.260166516620396,1.54393133163352,-0.631176846006872,-0.433808355375568,0.717881535054149,-0.298202104880961,1.35929469758312,-1.00818401222055,-1.21044913840891,-0.0743833054699114,1.22065145248486,-0.0322480879280775,0.440575869627162,0.369117288689353,-0.374328575414528,-0.343398394370523,-1.09457555430907,-0.0456855892712711,0.936828303525081,-0.313200943664605,-0.987104964362012,0.576080134644774,0.933683575455084,1.11770025908908,0.952944613203655,0.368139603673614,-0.590987086519376
"6421",2.3755873503112,-0.177318668468765,1.20433207908873,-0.472607476372706,0.722748628664296,-0.154210319596916,-0.510793525233957,-0.496983905029781,0.849005695034246,0.787517260406661,-1.03464164744355,1.34561678666781,-0.594032550200165,0.885100687757846,-0.482215712691827,1.34304998572012,0.690483166550724,-0.197886921374725,-0.283397112199476,-0.516616050039628,-0.0953887162054243,1.11988629825776,-0.493628528017913,-0.275254426586512,-0.23631682020992,0.469507076838697,0.141696645099832,-0.271627828057577,0.0177116989983757,0.115978111871173,0.167675513852408,0.322261815470714,0.555442844297423,-0.175356884072962,-0.368882110196861,0.444581320408464
"6422",0.166295619599356,-0.170473120461977,-0.558599726625408,1.75210335596382,0.1235298365538,0.854173678464706,-0.904621436576652,1.10813518786967,-1.19358594045249,0.452527540720036,-0.528086190472584,-0.847329866914784,1.52250246801588,0.221039795718287,-0.712081828849988,1.75078789013821,-0.0876910904524785,0.246503232219431,0.27199422642266,-0.745571883225193,1.68751025310249,-1.03592392824702,1.06821293529366,-0.516908373295538,0.0287997793681348,0.569063167511833,0.130159864533209,-0.245628974963891,0.203848159610321,0.822093713185208,-0.37188895918313,0.0429385105001172,0.149400144913867,0.495492264848706,0.261278305628,-0.531082830903602
"6423",-1.86756271656761,-0.119557934403611,0.94054253710163,4.26565896790304,0.800845928174937,-0.203762580241215,0.272196028330544,0.332947534333868,-0.888880850816393,-0.0887459297611408,-0.549519480737663,2.32779806144558,1.88365792532015,0.860873733358504,0.669684553340256,-0.854275303749702,1.58314663811821,0.425151481854898,1.17599137164252,1.42513725065716,0.027733688429962,-0.473335815706062,-0.31564763312593,0.851606477532906,-0.679411605390111,-1.35027353048549,0.118781236785517,0.906047628309938,0.173355604245868,-0.229889912013117,-0.496040710474286,-0.00544770768089889,-1.15792346852274,-1.20159925261503,0.713104832589757,-0.56037730666145
"6424",-1.01366501119424,-1.10832742749472,-0.0978352507653492,-1.89688498801672,-0.156901135551499,-0.7128874946134,-0.158049711393263,0.232483617376328,-0.69397466946337,0.121801943192059,-0.0892374323831801,-0.587202200987445,-0.148288368072878,1.32467983255908,1.06626201409611,0.522023678520254,1.49696013855287,-0.0241290515481227,0.371064270419128,0.810956889296732,0.0992355967914593,-0.590249601732955,0.136996934799083,-0.325334188346823,0.121126202800708,-0.234608652694332,0.237804757848984,1.3780334431847,0.421224280334306,0.372970577537044,1.04733598722419,0.0241434494473381,-0.129261598266281,0.569340381577311,0.193685147139159,0.564563627230356
"6425",-2.149154473162,-0.408218445680173,-1.8989351110868,-0.508279836246639,0.244931339720982,2.07414366324089,1.73311131838557,0.189690488004855,0.76241263216697,-1.2763996725224,0.0501082525670964,0.609052154296179,-0.940548049419768,0.865174653967414,-1.70707624321154,-0.560003896190088,-0.149744623176602,1.88025319714418,1.53820922896766,0.00280250694455772,-1.21644292747584,-1.08749195616605,0.00859912716624259,-0.692864155195052,-0.207312427432795,-0.0994413709104212,-1.25724341627626,0.0564267735779258,-0.674736189354021,-0.155887673616158,0.0069036408574485,-0.599831945495084,-1.18478144904162,-1.25949484971597,-0.408852720557733,0.997986861896134
"6426",-0.639642657085793,2.22829182483548,-1.59664022805339,0.0812587705437556,0.189084535108135,0.750953378689092,-0.301327622199078,-1.24637266710478,0.610938047151646,0.397779355469633,-0.98773607211779,0.365165519228634,-0.511956237249356,-1.16867552499618,1.6466157729079,0.0621657891242562,0.070693255078363,1.17979696650908,-0.809198516120464,-0.0591448651816987,0.301892823807518,-0.154025176258539,-0.0611958026101795,0.337661365504423,0.0900575948253235,0.389907429895576,0.129854397689039,1.16748157014835,-0.431922669951668,-0.186429954883907,0.794515543614249,0.369818614580261,-0.224917527302426,0.947690876873719,1.58157771529087,-0.211841384282415
"6427",0.431276348852549,-1.28037530756215,0.18542324398087,-0.619566871859898,-0.990509557778059,0.36053636180294,0.649709454638286,0.138042789518137,-0.312486643824867,-0.439754009697261,0.167284538239032,-1.19873394765228,-1.04992334529048,-0.841005905694515,-0.654242025149126,0.948653084933944,0.162820810455744,1.20105559897042,-0.679200298714253,0.818126437964167,1.05927660871092,0.870781935776981,0.586849670799806,-1.10370139416752,-1.33726932994652,-1.70584861476264,-0.63935128431495,-0.607536955563725,-0.43708367388447,-0.818624109104807,0.289786345515756,0.124023904474858,-0.116649084392422,-0.323473545593395,0.296783211677728,-0.647985588457212
"6428",-3.85722351947844,-1.10181128580322,3.12651363871674,-3.15723592691742,2.37344379177013,0.161950030085603,-1.79541155223517,-0.381622372861265,-0.155355892891985,-0.315056710223785,-0.392486693676728,-0.656441771036325,0.293149140654609,-0.134205373374409,-0.731389608646425,-1.37819830905423,-2.10392976019005,1.06250599104142,-0.190016537607415,-1.13115227137942,0.887482880363285,-0.941913667611472,1.47652183080544,2.44342385766866,1.06366294731451,-1.86399904291375,-1.46199719019826,-0.0922091240311059,0.907560627258117,0.386172774185147,0.0664518014418107,-2.14017575772144,0.21166177256598,-0.233715665609838,-0.432801773654692,3.52483980966835
"6429",2.35024226551875,0.0886047166232199,0.567902194016858,-1.32947120050092,1.22544578560305,-0.0441496266207845,-0.409345323784673,0.172048035986255,0.395277067250069,-0.0297136906718642,-0.749527328972639,0.84958807295617,-0.565302020596931,0.324843844994784,-0.343881295550461,0.0512952070860038,0.0965312578727208,0.0265638791189681,0.542789732269128,0.475807338802663,-0.700797630688437,-0.206865492642426,0.0548826306563161,0.360086471345777,0.340800700736814,-0.478051498368575,0.0606395732536594,0.0471548998619431,0.280398281958553,0.273456741126315,-0.461100727915026,-0.33911140247555,-0.0430526940728122,-0.357637433978273,0.376632392589019,-0.424320077942859
"6430",1.87948152817174,-0.777056354085146,1.14081355459454,-1.32742713803334,0.55076915027183,-0.152287474825397,-1.25637363400312,0.0736356600696722,1.792883727213,1.10657037642926,-1.20483141430909,1.06594796863644,-0.545907101156911,0.647413266439494,-0.729276828322573,0.837988299118006,-0.0202570557295492,-0.723244217209116,-0.00811783198064948,-0.490958581890555,-0.201946804964449,1.01734564838499,-1.04528160485729,0.188950267094139,-0.446721259943028,0.384654006003695,-0.416665735681584,-0.574162020275793,-0.343674935376621,-0.108217101123728,-0.787268410186856,-0.249443605332782,0.411875030833505,0.0179872164031951,-0.13114429796064,0.0417948623871452
"6431",-3.73785330514679,-1.38686357302657,2.73846627755821,-4.30697501186214,2.15034278912444,-0.683558019644358,-0.197592741023768,1.06222135737176,-0.189544811217086,0.0126594587987736,-1.06356862037391,-0.957422992616544,0.502437773268015,1.1542727122954,-1.87456313612673,-2.92835276657952,-2.63095585642098,1.24064403155454,-0.799990609145992,-3.15367772034923,-1.00090720288608,-1.57045086261726,2.02696977977557,2.2288876480718,0.797166866439651,-3.63975580762977,-0.595565731096656,1.96743727244462,0.379584609838957,-0.798993751674824,1.26073930523833,0.623489021095656,1.71109139985962,-1.68824416365934,0.0791197047385126,6.20709347838682
"6432",1.99906986967384,-0.0380386977205307,0.542042716949539,-1.2932147764624,1.70318674626477,0.0315191327542519,-0.641751850255114,0.00146421562566658,0.419254960683451,-0.319510321535571,-0.938850468888997,1.03464080365661,-0.39402692692867,0.026404993561622,-0.733899912432142,-0.274172446835997,-0.135994558322846,0.154903071702223,0.113898354976161,0.328729651924938,-0.865952865726035,-0.588329172227355,-0.247026800420867,0.395596534360501,-0.178362317937312,-0.0211088535786814,-0.0329531862160524,-0.736284465096102,-0.111731960329835,0.231558109431563,-0.40974995479224,-0.462924524975479,0.0250974879249015,-0.115361592697769,0.377571130356749,-0.887996833308382
"6433",-0.19885818912302,-2.65533846964791,-1.51900465457162,1.43104809364742,-0.738956733094885,-0.08957354096915,0.21066924188691,-1.55608614087801,-0.920995456444669,0.456038418697868,-0.434296493981136,1.59411235330308,-1.32106862168213,-0.53234759443865,-0.597771276840751,-0.133527911433972,0.487340876090937,-0.86340781468284,-0.809040112350585,-0.245356506687434,-0.313830240378113,0.99835603299423,-0.691314155780304,1.24964963973439,-0.0156793086735036,0.38488181522797,0.440227258433841,-0.849411595147627,-0.405988261275127,-1.67835306063292,0.819697006846144,-0.0216662627677731,0.805929691177519,-0.154548363946449,-2.07290197129353,0.362514688352399
"6434",0.278785221478159,0.584601823520591,0.768134990994526,3.78766551264472,1.6457063138668,-0.811165944959825,-0.464821270693337,0.567787594983724,-0.370675138202136,-1.33675038616548,0.634662197459568,-0.526692913507842,-0.973558909902004,-1.48015560073487,0.702617974563165,0.63152374738884,-0.0406520872046295,0.442720316044073,0.369638246896048,0.601993022398128,0.0796348171724442,0.732258102194074,0.347774225578727,0.265478517107231,1.55661251003653,-0.711192176986055,-1.12777370781745,-0.878796218559517,0.620215592405305,0.0380762761375043,-0.305773903416994,0.364109499095075,1.42412999756822,-0.197206820997998,1.10864574713627,1.1991365206336
"6435",-1.38934811693321,-1.26724759139156,-0.170959089808764,1.29606892666004,-1.54833756982303,0.636577927971328,1.32708215858078,0.902869224260117,-1.0749368927326,-0.312569777595002,-0.950943199621194,0.395399874431875,-0.320689686827051,-1.28624234649246,0.100690248249773,-0.433954001403237,-0.399064141633141,0.079920237365023,0.760776175652906,-0.532091298584264,0.236875316740794,0.0258161172236888,-0.517477400912445,1.28570066188276,-0.127035491577534,0.230919784879403,0.394869815455461,-0.457019305587136,-0.285138094747274,-0.978596717908422,0.0602661834693333,1.48933932123045,0.908615184428769,-0.415720598423847,0.559425779959057,-2.01326806906874
"6436",2.41186954485746,1.93595866852712,2.31190556490883,-0.271471356097592,-2.58640917343221,0.660052221780065,0.614632360915887,-0.522582387907633,-0.616106676642615,-0.421267854018867,0.432196292175885,-0.16835498107398,0.642202057981696,-1.05331649389802,0.527651078348963,-0.235955032391735,0.172946726999594,-0.0146393336063183,0.260702312119282,-0.62656349417016,0.431094358705118,-1.07976372733732,-0.0921784275643257,0.960572496114328,-1.25925053285779,-0.287874359075934,-0.52127113797818,-0.518321433804206,0.411673293859138,-0.324925018452692,0.207186338243308,-0.896516281169464,-0.275331968616318,0.682735826845001,0.143988551448544,0.765131347438058
"6437",-1.03965312285255,-0.121256951875852,0.182965381510276,1.15000848602767,-0.79711563371417,-0.777191708299614,-1.32985540264904,-0.573558620601054,0.102991171086959,0.423461018239197,-0.326676583650214,1.52024023897819,-0.538861091932301,0.839090798481292,-1.0169349416849,-0.321026451336573,-1.26487264949897,-0.591855755561521,-0.668699884499396,-0.626339795164488,0.841609766151765,1.48467221149547,-0.405255157520433,-1.19375166683795,-0.714330646006319,0.909053615741359,0.42882251255466,1.21627335780476,0.168818126193703,0.143722848021023,0.110505560519399,-0.0298930306273391,-0.310588090638296,-0.14513530260812,-0.0757499603586967,0.754871789820905
"6438",-0.770605704964385,1.80640106467605,2.07116600477115,1.43857673414443,-0.311484275189242,-1.0812911215123,-0.304298782444784,-1.26409526589637,0.453981712114419,0.749024231152215,1.24604979991282,-1.22421605476612,0.117311145492252,-0.546471566821967,-0.6936615858259,1.3008836707,-0.246466911359492,-0.495544437544426,0.502543812651804,0.303130251298831,-1.46207197653915,0.308530131419299,-0.318403294152576,-0.314706178449303,-0.776290107942872,-0.817497527976371,0.285328947181874,-0.473500216317766,-0.435342554863472,-0.689524716270329,-0.234644344400695,0.115256211904688,0.398190754211183,1.05899822672147,1.85558699336437,-0.499243419258366
"6439",-0.479905211045193,-1.1498740544697,-0.671083273489771,-2.51400173802431,0.365412450034055,-0.349405525978605,-0.518744955133837,0.341288097610894,-0.493229994828826,-0.202443157551546,0.104582737609943,0.311029593424596,0.470580876647862,0.848274571792214,0.433996771415948,-0.251810768714867,0.0738200479232871,-0.308141352599198,0.575836434543182,0.977446430840951,0.417050103402275,0.145754802744714,-0.485706992711672,-0.0690543469499968,-0.229693827808481,0.431014820817285,-0.310070801635035,-0.284800596130154,-0.803838754472699,-0.60403253075028,0.578374800113168,-0.110364264959523,-0.314201775096658,0.186541424828447,-0.0496647050152528,-0.601208994291392
"6440",-1.49724672833003,0.325897254361773,-0.196127927542675,-1.16290225521016,0.538291062885437,0.0822579513416091,-0.773841755394146,0.131356275173357,-0.906964756793738,0.11414611072825,0.731230102692307,0.0203639104861167,-0.176004581646735,0.101957188754314,0.0115338189962376,0.0334339733390643,0.189062934445857,-0.415729562480366,0.0298250331854505,-0.213079684515627,-1.22564765276028,0.272115155336307,-0.431129852040065,-0.312448422107335,0.387443053501568,0.618457794497672,0.781670540730248,-1.42083206442426,-0.323168832737224,-0.244040468940514,0.671180270879371,-0.894618032961492,-1.22194161453828,-0.369633446538842,0.543218229298651,0.751588262022082
"6441",0.57904483798371,-0.20071124852683,0.832888261543234,2.43058813524518,-1.1206785371081,0.302088790598478,-0.184248454175764,1.61309357898269,-0.168100206433863,0.244973210852074,0.365789729074912,-0.54744049345518,-1.36194171848571,1.27763935356538,0.923720193378217,-0.944656423056373,-0.291928424768623,1.55074986346015,-0.676489620591318,-0.498076312347762,-0.142035124464132,-0.00758882811663771,-0.167419237117072,-0.415008032708229,0.541237060085127,0.625036251948467,0.312069824603374,0.164210351946526,-0.258434255163581,0.176446371391558,-0.263940374211303,-0.837952732338808,0.0355394741553686,0.324562153342682,0.0676636221088696,-0.447256731849731
"6442",-2.25001251144096,-0.932924554516079,-1.4375048398074,-0.0376915358684303,-0.582635860480549,2.00345258545598,0.843480591576932,-0.423826323460011,1.46182439447626,-0.840138267254249,-1.33378320101969,-0.460561524626589,-1.96785545138153,0.466139257329552,-2.07990441828985,0.510483611090059,0.219011818397944,1.3193028136039,0.852286804258946,-0.899331620961821,-0.71886870661142,0.600684924719065,-0.542278490367982,-0.415867882709402,-0.546814448651608,1.57662310797839,-0.981305541308484,0.148891391727712,-0.982164274121418,-0.373800496787004,-0.082668859207358,-0.603184629922148,-0.783146911068482,-0.553397679542693,-0.978139377488651,1.40380300203227
"6443",-2.26518733611139,-1.56422826834502,1.44825921351905,2.86772914251238,0.985857026474679,0.711745112762381,-0.762132574540164,-0.239900933236671,-0.938219865370152,-0.552458745269083,-1.04228813163236,1.75667861851721,0.334609033276107,0.879333567630273,-0.00951779139101667,0.788762875343218,0.28618756020195,-0.807817913395096,-0.840347330656022,-1.21307243108226,-0.22011618965426,0.900866861838637,-0.677582024648436,0.212986070591683,-0.995577654558525,0.500193299814638,0.900895361664169,0.827842371557453,0.00640192416421166,-0.670498180172178,-0.0901201769391079,0.0952494644613263,-0.678410609953701,-0.86327814233252,-0.907648652361975,-0.702137710910572
"6444",0.927615651609382,-0.759256196163965,-2.44843922596493,-0.197774535417731,0.459534537245622,0.0458236767656984,-1.16917010377971,-0.470160855448929,-1.26278250517022,0.627563169166855,-0.522758993573534,-1.08484291393463,1.03300431725816,-0.643158746033752,-0.513555485552807,1.11961932314999,0.206159008515648,-0.102381767113401,0.944474587723501,-0.0232015591381482,0.342404157840229,-1.07041624944035,1.14420249663613,-0.181342571686726,0.290816143843411,0.326847260454628,-0.0947404606082946,-0.205171970220536,0.0231582846435711,0.298137859422505,-0.316214910218015,-0.701112647432684,0.664984729908674,1.47752767201352,-1.48634054358794,-0.137944519301147
"6445",2.53651844164392,0.175108961947178,0.473299842745436,-1.1093032263363,1.1380816084092,0.0930482580881146,-0.267476769104206,0.21795319603415,0.357581132281792,0.011490535392916,-0.701302821097998,0.712893937765738,-0.696098544596231,0.277641102594129,-0.251080349890395,0.113503778093583,0.181971175502394,-0.0139867638518412,0.630488292245638,0.574486796333574,-0.627753481075208,0.11945955174001,0.247341177569678,0.516435585935972,0.573919896665086,-0.376807468941267,0.218524106848056,0.327645556753569,0.445876361825628,0.394577711744998,-0.215577794008755,-0.156198832014203,0.0782552899684854,-0.22765191074493,0.307244332339816,-0.326300314374009
"6446",-0.299441114552647,1.28491145062308,-0.914251987557913,-0.986620184541781,-0.127756126179101,-1.35275492657239,-1.76111742636164,0.633254874962522,-0.469101696371316,1.59711200090734,0.397006270323894,-1.16615831367236,0.322842946595467,-0.229353407757196,-0.434227366194223,0.71387067376784,0.803781964216463,-0.199726388399518,0.908617566942796,-0.430936002750501,-1.03682290172926,0.153482667785964,0.414617849262504,0.850735479723501,1.19561093458475,0.922522543531606,0.668883543655309,-0.714629200546572,-0.696821202297668,-0.101018825904337,1.14713567564867,0.363432112986595,-1.54475810105779,-1.54724945375134,-0.566391312958369,0.237603752201568
"6447",-0.703417525325411,-1.411214292809,0.36360450239995,-1.05088855233865,-1.88677093265593,-0.210108989231564,0.146889608147384,-1.0281394788259,-1.61770408523471,-1.1941591604646,-1.51533939592969,-0.326743481926933,-0.00173413616014437,-0.843717197045563,0.578395994879231,0.278916911677541,0.639538443928793,-0.00619587243964256,0.46370538194396,-0.595202149734714,0.16436811704968,-0.671560632130183,-0.0838741343055746,0.867911401485243,-0.865249224138816,-0.998749310821101,-0.487097617443746,-0.840529196923522,0.351647658264363,-0.0404825322563037,0.318712476183817,1.04440637457225,0.412779812334656,-0.691688771443333,0.172764202813437,-1.98396344893043
"6448",-1.2119960465099,0.184761162484071,0.571194521905875,1.19084021176478,1.35662111849662,0.795646596371135,0.138762527813311,0.929488821394477,0.608006765728161,0.65458166888905,0.853525641323354,-0.594844094006987,-0.90170964233015,-1.30045457360494,-1.4599476156832,-0.590987247467254,-0.746117207765254,-0.495909396190224,-0.560929898055303,0.951460735821824,-1.57417428797299,0.780328744322806,0.277023931420098,-0.714511335848936,-0.950358883813055,-0.381204636378615,0.675369977129956,-1.78523276184609,-0.639721293980693,-0.123180620912988,0.0671580885731793,-0.455091438525529,-0.592943379658382,0.479604507471897,0.344232459543571,-0.445383455391571
"6449",1.69554325531707,-0.130930456964507,0.631743832144576,-0.714403762062558,1.52226820866179,0.831828420877388,0.150183829325625,0.906244168887123,1.0692311567251,0.408940273905775,-0.251166657260495,0.91243597214814,-0.205952578104126,0.411093867022464,-0.272755321440989,-0.0262187295384335,0.332122991624674,0.423209388574882,0.918839607266018,1.04234159092316,0.126500063959094,1.06978936273418,1.26006983559307,1.11334759524431,0.620804802458981,0.303896077152719,0.932423530260563,0.727481739244785,0.43724521230974,0.64438039014124,0.248071202579765,0.544801126432624,0.682174489275951,0.351857727716296,-0.026187002699506,-0.446894900978794
"6450",-0.313582983211496,0.871840892229774,-0.317780122308732,-0.238809401114558,-1.8092595880304,-3.5081329759621,1.54310540166688,4.86471177099218,0.377647487533971,-3.05909465383161,-0.174198821255398,2.74615691384269,0.412664768389603,-2.27134188681521,0.25173748971173,3.31287912571492,-1.05955462077715,-0.0439853540792109,-1.82316508771885,1.29679361458636,-0.568489432424388,0.117747520687966,0.304523954670611,0.146659438629504,-0.179159875147777,-0.394014396373294,-0.979552678069335,0.297939016474256,-0.954871993070618,0.481406724489743,-0.628115597269841,-0.480799682069811,-2.02852041418754,1.24305881226112,-1.18509331470778,1.48989901857375
"6451",0.475295116076838,0.625107701698153,0.536364803795225,0.539655285260309,-0.74167801824159,0.634817344614611,1.14268842253603,-0.216790280916296,0.957865624356701,0.838848515761244,0.434931976681069,0.933542216371885,1.09031146932372,-1.79109262127738,0.848946541498427,-0.224856363563402,1.46532011266322,-0.760479879094462,0.668299466986365,0.296664372481755,-0.755531124862235,0.351254659037745,2.06396164202108,-1.53519662255549,1.48526603378462,0.0768376198407446,-0.59598173314715,1.21675507853816,0.946162579316139,-0.0521954205234605,0.571164613550468,0.243728210427349,0.769848330238802,-0.10227493789952,-0.434858707376143,0.162981083885421
"6452",-0.852008265043972,-2.42400891595634,-0.622588514675235,1.28325885921381,-0.468108454342502,-0.0394007811120108,-0.220691006434201,-1.64732745063292,-1.00534801427939,0.265301782606223,-0.373135503310932,1.60678118500609,-0.428226709478033,0.392971447317018,0.237830055685929,1.04985061937307,1.5171264112005,-0.0368502962520331,-0.665041046853332,-0.605718869840819,-0.199282254461537,1.23150955972271,-0.18729547676155,0.704430262660834,-1.01488470738563,-0.4404135821757,0.439830521342372,0.47188778854743,0.357212137412426,-1.05668381974128,0.525246264812887,-0.562573359206588,-0.267053922758147,-0.601924241450876,-1.85758080232409,0.320075288960912
"6453",0.168462779388732,-0.536761593684072,0.41052753250623,0.738736546323171,0.3885300868979,0.197738433109174,-1.31687558981484,-0.407618027472636,-0.46599028961559,-0.828864089068883,0.396598785815065,-0.167331123328435,-0.190752242619636,1.10726038437884,1.45186316856953,-1.03204496542031,0.326276218202164,1.41886277198707,-0.368694496507151,0.0713986275894391,-0.94470058603828,-0.123312503605398,0.258718772074301,-1.0227132031492,-8.36564380042645e-05,0.732300023792303,0.157054064959118,-0.356499219023367,-0.63195506849762,0.468177182785811,0.222038577301016,-0.860069516765059,0.299056309661419,1.25621513432608,-1.81750563769475,-0.894579753605038
"6454",2.50215481745925,0.704092034161503,1.27698104715214,-0.683428412992501,-1.87065628875767,1.14427293251597,0.208705806575835,0.175250388147751,-0.35257230655519,-0.69404119432893,0.804905808152665,0.192119914410553,-0.106652976170053,-0.608004920650251,-0.406672413677851,-0.436914716962822,0.0554173059731992,0.0129600120833534,-0.735774600443918,-0.315203931345698,0.398552139326035,-1.10512724781262,-0.144596505861282,1.16306064182198,-1.19622918668642,0.773714042794418,0.978489717597758,0.146928887063364,0.12348822064206,-0.975169224801882,0.328254844736065,-1.12049666670369,-0.631843882611385,0.271633738990965,-0.116979609741545,0.489990250810687
"6455",-1.72942469543281,-0.813056447758087,2.01645400977354,0.879730362108845,0.25516111886866,-0.560526550503091,-0.946112528150397,-1.17837322917012,-1.72928861127759,-1.50323174111584,0.237962778985298,0.723982584113836,-0.00861833936817291,1.32683058974362,-0.0565165589850633,0.917815907923521,-1.45695735969587,-1.76564859521786,-0.00482333341075089,-1.55296815749785,-1.11075532837966,-1.51031941609112,-0.528386773276402,1.16243822656915,1.13545463454405,-0.483248876343876,1.4114592517648,2.48156105387068,0.411054567943639,-1.63481749279279,-0.609753106988569,0.548585679271076,0.483891889888825,-0.828475561038271,0.593032206606213,-1.18990297431661
"6456",-1.31654092926522,2.45988656939713,-2.31490774492437,-1.28893969711642,0.168780049819513,1.1060367074515,0.250859281567806,0.0457341048535637,1.29141373595301,0.370479498538438,-0.652343075686683,-0.0330737292365369,-0.810554085919311,-0.0362717270989341,1.22231628978253,-0.0437989932627945,-0.540491429155178,0.194519213465153,-1.92956447999546,-0.494166335499575,0.737172447020065,0.17784814920514,-0.0148670963006005,0.615028966399289,-0.0864040759429432,-0.986001592417292,0.2343668743401,0.720779586410557,-0.210472315027497,-1.02011400906732,-0.953329622866789,0.286594086413615,0.860665576153443,0.293384958278392,-0.637838695782771,-0.417356490071678
"6457",1.7953221214935,-1.04277078389236,0.163196914210465,0.384942895289303,-0.293191318064593,0.000264852220346265,0.234138873101849,-2.3868016488451,-1.41848668410908,-0.350505022656842,1.26070587777351,0.100284964730407,-0.723105107456855,-0.814734618093944,-0.362257926338732,0.585072973380974,-0.172553297513566,0.63214075654915,-0.288456460974081,0.379924607467242,-0.0432797345115168,0.680030986447582,-0.0457860490594624,-0.143426881454054,1.79836488101813,-1.9762297206866,0.385698199691417,-0.445958082822447,-0.922099178341469,0.649911766259432,-0.555155599184979,2.35145847209282,-1.1612841526121,1.23606461096899,-0.525195714021894,1.2033261419113
"6458",1.85040363935152,2.2403119061115,1.27752450994718,-0.753866015069792,-2.38101353374597,1.17533763149532,0.88824293655829,0.659319826888193,0.0694444947934098,-0.632354029002682,0.691206633462105,-0.387495585285741,0.450386224772296,0.103125640542628,0.421329690975312,-0.0119604903896606,0.639959465204526,-0.56057909558525,-0.824399254540844,-0.138602072750855,1.08260038600769,-1.10174700334977,-0.40652670297626,1.01305493397933,-1.66901343645553,-0.61570752811425,0.583057151677224,-0.536285814920331,0.825889210401062,-0.534752580170612,-0.75103571657223,-0.0124663306751332,1.09375086860383,0.200091510660758,-1.88829946890682,0.682276827611846
"6459",-0.302187391413288,-2.05067040788618,0.530260054835569,-0.631782557348409,0.484041905788976,-0.741325574080132,-0.401812570389671,0.062436816215554,1.54042368399804,0.553310066014783,-1.49284037557531,-2.09272083554918,2.1310950208038,2.97621453597264,-0.324059380709323,-0.700951178132457,-2.09509861533073,2.15591512795098,-2.53837554854238,1.1040986615408,-1.85032569341679,-0.811837877219723,-0.000429387053355509,-0.640215725703232,0.391505540056165,2.42731860472793,-2.58921420754793,-1.84702862540758,10.1968313806923,-5.6232553354572,-1.08370087224985,4.36419412874435,-3.40870610504219,3.06948496810852,-0.266505877156082,-0.409947843611232
"6460",2.60323144339419,0.345439530292946,0.732968147913104,-0.891290206204866,1.0303139827121,0.0536247182038408,-0.337100636029389,-0.079434317482893,0.146353561133173,-0.0666919932202251,-0.57884704891785,0.734233913514059,-0.752436408932793,0.310638967579262,-0.0532193155105675,0.397501403049178,0.403686789849685,-0.0806049084180641,0.605988216780051,0.626360236264371,-0.512750891416539,-0.108098636845579,0.166779667890255,0.302861891864791,0.969122057224489,-0.588113216799959,0.0841556790079501,0.325296943058435,0.736432959484504,0.645340194167931,-0.111165636676809,-0.263039953671633,0.0394907213771296,-0.213720542979844,0.28833899449911,-0.12951282245095
"6461",-0.529652663321584,-0.263591487778906,-0.668659706835778,1.67502072974135,-1.61311012269139,-1.05368832754551,-0.453126044692268,-0.561246096350586,0.14411368405913,1.34402857659971,0.5277986402189,2.06971661467653,-0.901976120829802,0.864676442176527,-0.941578529805128,-0.369684096907042,-1.05213480964239,-0.334991912584931,-0.236218879479345,-0.0727505309717327,1.31810830083675,2.11363598285888,-0.0578797846129054,-1.03471800892071,0.00280639469120022,0.218513557546484,0.108692029454212,0.981843576656502,0.0222481703255704,-0.758326765310638,-0.365080720507307,-0.834125830576031,-0.508464067403024,-0.42523064613143,-0.353954750230915,1.44401533118197
"6462",0.331638362614871,-1.27716926457396,0.0465444694471594,0.269110978905494,0.20124930417373,-0.605965044153323,1.3043872214121,-0.67531220153093,1.39962130992335,0.23943573568226,1.65090014684196,-0.482590182977646,-0.282124614137019,1.23915571901022,0.067910604877139,0.0321790301700973,-1.11517853189066,-1.96426608795632,0.0974823988123349,-0.137455235377947,0.819086850144903,-0.402224919176984,-0.021949084709156,-0.448682464632583,0.251010874079074,-0.0996690575888977,1.45623585789999,1.33377921557562,-0.111261676267932,-1.13100667696827,0.143600097090526,-0.266379828257748,0.0896631083516604,0.246305673006428,-0.107401768866679,-0.126926934832732
"6463",-0.607372742715141,0.675887780949406,1.97493083095696,1.3067968695156,1.04339071580327,0.334009743656389,-0.327829919982751,-0.345625594569528,0.289995619187871,0.946965904283077,0.471445221253564,0.126955495743248,-0.651632596834076,-0.4821208702268,-1.27685062909277,1.63988293141207,0.134881993396258,-0.0699241386116909,-1.22752350354389,-0.517644418629801,-0.872109274825458,1.61725495723068,-0.795220633969753,-1.98226889319242,-1.22826824378113,-0.141429648837197,0.678141776373355,-1.29070284536667,-0.196105660477309,-0.15684986226083,0.642974151794852,-0.0806491387027351,-0.644977957120562,-0.444731712683905,-0.20168352950285,0.766765701410706
"6464",-0.123766425128647,1.15946237060347,-0.101616529981483,-0.173390804625944,0.275267551027702,-0.169712421319881,-0.287511870693693,-0.148995690629763,-1.28536007387738,0.461583387277556,1.13618375913565,0.343005697335945,-0.50229742152724,0.263312168973477,0.115772913834235,0.336090320525609,0.779952993205136,-0.493353074277896,0.282490570543764,0.635933738579583,-0.554834553192635,0.548288606655371,-0.500144541653702,-0.0608179506605541,1.73697252147569,0.431048457809313,0.769379110933509,-0.9842066965662,0.422979734888167,0.114476790463872,1.16489385566865,-1.15916077990801,-1.43016909657956,-0.519573442334752,0.634177493638803,1.02230394933101
"6465",0.75805845865722,-0.776721213004793,-2.35613154260295,0.775193749113861,1.23437698482047,0.345990785439162,-1.60982675013074,0.0636458915238183,-0.748026095182049,0.334700786206583,-0.735176588588432,-0.679364354534132,2.33013166562232,0.235336847697964,-1.09383143806464,-0.138956426030213,-0.221452543770484,-0.659125338496721,0.443718558809821,-0.0706853705828977,0.0435772858917795,-0.181650779086022,1.65145766912303,0.295502858701605,-1.00441994851495,-0.169927207991473,-0.706467088483114,-0.728185634446871,-0.815795780754979,0.267689070065114,-0.1598084110205,-0.430040375359558,0.178652922858179,1.26426036916904,-1.15908766649888,-0.168297932260249
"6466",1.14171574277294,-2.29372333844251,-2.32205443781412,-2.06667400321856,-2.01590614979929,0.521208456184378,0.210194817009651,1.01873415282019,0.285818094273143,-0.122599852841298,-0.122036740818848,-1.82316813457314,-1.81189316102429,-1.83395793605199,-0.652137329194011,0.311708784702976,-0.739806967355934,1.13558133691401,0.0419983600132671,0.365296888724897,-0.300778965903857,1.17243378373423,-0.78748537754839,-0.77796102489088,-1.73786647340745,-1.46345726016541,-0.103952321252007,0.343562626117993,-1.11562547399181,-2.07764458748225,0.270114555416412,1.48499788755239,0.797753776738921,-0.851890296214943,0.421978662386621,0.728289681863926
"6467",1.12983572062738,1.20596296408934,1.33656252137776,-0.217275044543831,-0.547340957355608,0.373072665792385,0.635928903367217,-0.818415325671149,0.282741703444144,0.236836750453023,-0.132366882769367,0.497906597269822,0.521832702789652,-2.13921751060183,0.854803322312775,-0.189019634128167,0.39337674485638,-1.68570837076529,0.683115525928036,0.0282501771933564,-0.821907859651279,-0.0622459056675928,1.82739847280767,-1.61425707130567,1.89070499879605,0.123361909338435,-1.13609785816025,0.455929540897678,1.09359307126114,0.162358048879787,0.0477300853663081,-0.20016911112122,0.431589350586348,-0.447929422554881,-0.458437737021472,-0.342079279200404
"6468",1.76333711831649,-0.316066724802257,0.450380454914123,-1.33713892977902,1.45260835292249,-0.0663957239191197,-0.556435569728008,0.345693786979299,0.720941122086529,0.0409041410470657,-0.793323399383149,1.08637314966652,-0.304594916737922,0.439341064857664,-0.48024357920951,-0.307324023917878,0.0184458299573899,0.0421268898697912,0.378006686145847,0.565751470226717,-0.860391868766689,-0.606159693006316,-0.00829226647297109,0.229431601328512,-0.384115559471362,-0.258049174114568,0.117456572691361,-0.496304359216838,-0.192243457249788,0.168879251734977,-0.637023852598975,-0.145801004489551,0.0787740794177232,-0.296284149405506,0.434491128615041,-0.49634201783201
"6469",-2.16371865124008,1.07944870877273,-2.42482617347281,-1.0545826275962,-1.37998810297206,0.796060148614948,2.58646210805257,-0.0605640485008487,1.49767964041433,-0.996726703925007,1.1337832348473,0.236607917037435,0.362505096377217,3.38652714593712,-0.96207964525411,1.43492489599791,0.726607920088056,0.577090347907846,0.864611210675558,-1.10270207067988,-1.92691113641824,-1.98543479541003,-1.52939307484543,-1.22000396713863,-1.86909941616756,-0.717712098921196,-0.636664658726544,1.07561925144541,-0.495494598911223,-0.727697036173493,-0.163332791464063,2.24046481784191,1.97934632478043,-0.230293155292784,-0.894773295560176,-0.393996166265885
"6470",0.915165079261386,-0.173037362808468,0.323949155364998,-0.351241177671636,-2.38590003041868,-0.489562334150551,-0.660869041851952,0.202562411801685,-0.114812405482973,-0.441179303379773,-0.712381495219271,-1.47579300064488,0.251542985875432,0.838695686130446,1.78815149027077,-0.508884722151319,1.12513114918524,2.43855696471501,0.383751871792186,-0.778762352089221,-0.423842977254063,0.267815301459773,-0.238026149563327,-1.00886606692706,-1.17561336027265,-0.0707886413666031,-0.571700532843819,-0.195121103777181,-0.823901536373947,0.318464615277406,0.269628688296011,0.695597694678598,0.79172087649701,0.558402393253169,-0.0991117261370837,-0.917262833055481
"6471",1.92219222328744,0.120001668727236,-1.49585643882056,1.72594263819919,-0.561677566934753,0.346664431024451,-0.586559258242073,1.43987275365369,-1.33382155708444,0.928234438575569,-0.365038191078049,-0.585629471880922,1.23233344666078,0.606942099319064,-0.771888690675366,1.11295915261847,-0.713354770505847,-0.642850259948758,0.639051506969198,-0.642235739097913,1.12732188954489,-0.72182979148768,0.548258316438596,-0.462415070488354,0.421920114999641,-0.413072519113882,-0.358180478604114,-0.0586020574392822,0.0246265967981412,0.187847725932521,-0.359435614352364,0.470168987015167,0.0612728677512802,-0.492266366060026,0.53475685475066,0.503817951217165
"6472",-0.707070260254914,2.11577282057208,-1.03348659466312,-0.461257104692611,-0.366118794162166,-0.173861517207784,0.479129077059386,1.56881598431895,0.0268830692276268,0.410993950184359,0.198129645564655,-0.707551114454907,0.342695870893344,1.09233423739197,-0.101800974295798,-0.537494409711016,1.24629749858069,-1.44499044476703,0.147784060923632,1.09411342745884,-0.120919626396906,1.30345241302985,-0.823211806038571,0.382659428262795,0.80337501062146,-0.092138211478096,1.01304759466501,-1.38187548517192,-0.243346862575331,-0.385848516432643,-0.0077049052344294,0.907015260622073,0.605790659062564,-0.406410020755386,-0.702928433345285,0.256828199013332
"6473",0.962447230485466,-0.799856701595768,0.535278056341471,0.0165996543107944,0.669053136935159,0.0941277656525311,-0.793618050203934,-0.861199258905824,-0.0743649249375738,-0.270753593805033,-1.04696117151345,-0.653772898357868,-1.10955694193821,-1.00639198301637,-0.963869111312096,0.933404345568329,-0.659906494628117,0.184622608078917,-0.703488560714409,0.241793392037887,0.129350233609202,1.93691755724799,-0.865789988576884,-1.15905871088289,-1.6671570138008,-0.12123428772383,-0.152031876333757,-0.0671483984883055,-0.91551420874424,-1.1762262457732,0.579947886031267,0.862021078905606,0.420599956928036,-0.465059207172796,-0.994937074774642,1.03193856131993
"6474",-0.580559914900099,0.771153936572466,1.19259802648145,0.961345500600749,0.231395411533253,0.453221471953335,-1.40557166821328,-1.15890906737902,0.332364188449449,0.00821724568485382,2.20937037233438,-1.12131478924737,-0.781901958088762,-0.826066111612352,-0.641301497079288,1.97494217481298,-0.880585652546178,-0.874777965118406,-0.118718360624409,0.194961828417304,-1.48052988323158,0.711732628640745,-0.659512601353671,-0.280039313108497,0.255854112079115,0.185932101346107,1.5018630399937,0.406839751815361,0.197055268421642,-0.44544177336577,0.731465264115301,0.517988512897832,0.653848910423537,1.04006815218544,1.01282198753692,0.0213328799932144
"6475",-1.40630196663945,2.42286356892643,0.556790226881874,-2.7661330107779,-0.0416406294894409,-0.634061802816817,0.115064509803889,0.943508052744412,-0.660973158910336,-0.0979502446686852,-0.51261875666244,-1.50926517864485,-0.259668339932418,0.628168756686539,0.0605041291072791,0.477461065928757,0.56662806248081,-0.83903011818527,0.270584592456323,-0.172846796626788,-0.107521324883271,0.343798006481181,-0.689792415917679,0.0836631497127189,0.900280434277239,-0.409378243251234,0.89594974735649,-0.997808149470974,0.486720916834466,-0.352407264826568,-1.21816343417213,-0.355965053327012,0.0573226764318643,-0.984800366033629,-0.8201929597748,-0.226518496122659
"6476",-1.53731215281594,0.349965708885622,0.0153748095485079,1.64372235519645,-0.902943124343767,0.215618590288285,0.831233702752235,-0.634776880506533,-1.1448921323517,0.672102955793196,0.535831588692176,0.661962949828844,-0.149463997494019,-1.27329296356555,0.434721882036881,-0.0125709944545173,1.10392361008177,-0.790604462059577,1.09498013254554,-0.273629566435177,-1.72851701352676,0.409355892870346,-0.052541820946802,1.06540728241715,1.27678673070224,-0.944518965816179,0.517571055426495,-0.890856870401812,1.02356374969587,0.140768983687917,0.315466966883751,-0.649938438311182,-0.434464004364846,0.129999699281147,-0.21150328599645,-0.983495538307401
"6477",-0.250842288548672,-0.453195404911683,-1.17527426102907,0.717187421683294,-2.33540563755693,-0.346323950541791,0.0418840321161757,0.645277929999193,-0.101124844242865,0.37350628679808,0.537219799677893,0.701358629619503,-1.36550301691971,0.137737938213951,-1.25639002487646,-1.5104935602605,-1.78048896514524,-0.491204055689283,-0.641480925409468,0.15384156862117,1.16062155993005,0.627159596508678,0.46656827649378,-0.086149616070854,-0.0658262162104566,0.0444511063560671,-0.0045546934110887,0.2119831479278,0.451773920748056,0.465248498394539,0.503830633419906,0.0694215500107469,-0.0378048696849626,0.0876738637460136,1.24031658281784,-0.311797755559804
"6478",1.92254613786302,-1.05535578616607,-0.0369473664025689,-0.955942664085164,-0.862416498040611,0.885330835946311,-0.57124151268189,0.497592396903577,0.823556310275061,-0.043223204431266,-0.345373995400734,0.179910450746657,-0.712795917587026,0.307569551731413,0.155092591565435,0.738343475562366,0.678010450723456,0.45332146219809,0.274115557322149,0.426621531622364,0.536499825636763,0.839669940371602,0.828768751579133,0.383605660631944,-0.343419148653957,-0.5513702990942,0.0201667265412128,-0.769059696536573,0.0438202775799625,0.346808435018866,-0.107450675906473,0.677562543202201,0.315455442353019,-0.556436095461914,0.83933159846797,0.307301968668401
"6479",-0.423145368450904,-2.59435560457424,-1.08340716426336,2.1215440895439,-1.24751577432619,-0.545645910582032,-0.0193755207801951,-1.36786371810983,-0.54742257746803,0.777506281561064,-0.28582504757758,1.63921328955576,-0.634610588255508,0.571267713483282,-0.300722723535202,0.33493168209957,2.0010153530632,-0.378885592882422,-0.584749838121209,0.219257094398959,0.163115907826852,1.28868215951356,-0.381793389774756,1.09298372092352,0.079975268323752,-0.985720491025299,0.147028132285819,0.41522363159032,-0.0265038363516674,-1.67655865935547,0.182240271963876,-0.994956455105947,-0.355046165041361,-0.666064002305003,-1.52228798631592,0.873811149115302
"6480",-1.36101174186011,2.53208222096098,0.536430284979742,-2.31609704383541,0.162767588794301,-0.414537309240648,-0.873625708423653,0.395289884908306,-0.938920269484177,-0.779349367588551,-1.09285855332851,-2.09723266141075,-0.497595328656641,0.0645144906506816,-0.0950867984057744,0.00489231941847333,0.0349551798452796,-0.891575481885774,0.165943787673629,-0.320883139148571,-0.23269104654501,0.87450689067156,-0.454938707345629,0.767703522473478,0.85397580714653,-0.722557169635374,0.475478273347461,-1.24081898582521,0.35895420263739,-0.540849000935277,-1.56480646783853,-0.966252598584527,-0.417782698118414,-1.4107383115682,-0.828627274312746,0.794946573296429
"6481",-1.55702615702627,2.33196968431816,-1.52529388738333,-1.03758290955202,-1.00886970503896,-0.534656176384066,-0.746375883047878,-0.0468131858944478,0.353503367781088,-0.107528797175795,0.400566851454954,0.24099209484915,0.105644658837602,0.0310418739458445,-1.24814585361532,-1.14057569098924,-0.167703308507091,-0.328397217183611,-0.42047350765332,0.0714374973428523,-0.247293816964812,1.04840099889268,-0.174034211667582,-0.380044627981294,-0.669665349045211,-0.480873338871534,1.24723099871902,-0.669861352450836,0.888401399623163,0.620983787877779,-0.662554800000377,0.0592603455682821,0.384967893685785,-0.394748774817744,-1.05333808285654,-0.448617511525426
"6482",-0.600737739314746,2.67445790872209,-1.12058520396023,0.924386695504468,-0.281464912895238,0.904003462785925,1.62415507371219,-1.10748301176833,0.882521187565208,-1.8193510829932,0.0962486556488975,-0.446535888151767,-0.52240774436951,2.46828784895266,-1.81390618493676,0.511156655673797,-0.00795383007966211,-0.113756676021683,0.891510801598069,0.601641393584492,-0.261575126124544,-0.661985131389391,-0.580307745034908,1.07562272243437,-0.249676005266115,0.267613069019028,-1.02909147825964,0.105865739121002,-0.0368792004659998,-0.0119842604016945,-0.505685966207807,0.459407536471848,0.828901063484987,-0.320252686429552,-0.814545083915506,-0.716295173925201
"6483",1.05150930896921,0.138444301523222,1.36762422296637,1.17812878252112,0.328909782790444,-0.713143462581845,-0.272344336369693,-1.93735824507996,-0.645196866388998,-0.759901372037725,1.30823263291213,-0.594060423922054,-0.316587603878511,0.729182377610921,-0.567425633606069,1.06094075115093,-1.05254701513519,-1.11206666750868,-0.377737194516389,1.24581145962248,0.166476140284019,0.79806903408667,0.922354890055338,-0.264270700171532,-0.41542445146202,-1.19037843618579,-0.203856500945647,0.375346423463436,-0.668517302730585,-1.26277307260887,0.473791761474872,0.586319460526671,0.746449453734925,0.677286050863045,0.262986961406463,-0.45281493387045
"6484",0.598047534563124,-0.22893013604909,0.987083337015453,1.70493184962884,-1.00313197709433,0.67632798083009,-0.298424745872553,1.89292750563258,-0.237729448232115,-0.160033225580324,0.502284956041684,-0.330117067660544,-0.667678215639891,1.73800561872596,1.16441239570342,-1.01955974902136,-1.13730136843148,0.836815329509101,-0.53712846542567,-1.09380027177297,-0.444450300138434,0.456984333770198,-0.0447281863681921,-0.992577102240686,0.104057994534976,0.366817293143981,0.0461963090665454,-0.113949345276806,-0.709222619808712,0.0515032034691027,-0.162457154822622,0.144757138379067,0.19164732235356,-0.0224781734406127,-0.127409988591941,-0.749875960146401
"6485",2.47795561308088,0.449145172762963,1.08647039977447,-1.14031319284863,-2.78711628174728,0.73260777761952,0.58020643298773,0.246938557482614,-0.248033315396067,-0.130209890483129,1.31797809212598,0.295006190245883,-0.296169528998214,-0.381023792266265,-0.00578494204918917,0.218943750633423,0.664707886787557,-0.000929716551735377,-0.543095526110046,-0.450934995244016,0.258693615571844,-1.79113773688259,-0.74482789399473,0.43353226309811,-0.615066464969233,0.0674509068314802,0.742459378465625,0.571126546476913,0.464728355984557,-1.08007798664277,0.117945246372488,-1.35954847110587,-0.546964464423631,0.381565409939832,-0.0332256818762075,0.592155825931129
"6486",1.71135029626884,1.12895485019486,1.57215540133221,-0.184304941687073,-1.54300131239553,-0.0933259225170092,-0.980118832036246,0.437763385848022,0.501184035558562,0.977800837031238,1.30898421158639,0.366126328544284,1.75667224045679,-0.264389935166108,-0.88925541168401,0.0172434081751266,0.444017124618847,0.348473834544051,-0.804917802203149,-1.17952471252709,0.304022253779261,-2.69790822757164,0.62615710857209,1.50237299781857,-1.76872295096232,0.343366771506718,-0.156033740900573,-0.983700635716662,-0.513097654834839,-0.207956020400424,0.903579536029373,-0.145539626172343,-0.77700605045457,-0.438425896074299,-1.37494100624619,-0.0184689615919944
"6487",-1.85716815190269,2.27702175663594,0.164597707130299,-1.01665770163153,0.70651599679887,-0.189550206956059,0.78180317981084,1.3407327036679,-0.165465569195093,0.491880069417465,0.387365164868948,-0.2683224998785,0.867310021167999,1.3068332444187,-0.319038112508548,-0.233372656551382,1.09675022827177,-0.471272946911346,-0.736133149089521,-0.420604545483826,-0.744916538050636,0.0357911861417363,-0.795849100929218,0.192368643121336,0.00294294734384895,-0.80701878423669,0.731630409381525,-1.19341472347411,0.594641088819353,0.396353829749317,0.650219076546468,0.60907085880501,0.874271817387246,-0.228620096301321,-0.717078580001742,0.5763524286086
"6488",2.63424653756761,-0.112372863178333,1.29404355822464,-0.387081898867217,0.442659290045657,-0.355984773358209,-0.385251953486366,-0.510735440563618,0.83596690075978,0.907787424381803,-1.22233057122434,0.922073550150703,-1.13508816559684,0.704822036019216,-0.648173328142597,1.13696723398085,0.508521339343002,-0.847477364677576,-0.439008702290736,-0.516893319092754,-0.257205100522268,0.870473022959354,-0.608508245546729,-0.0775275780475664,0.2906680979708,0.452928812076646,-0.118540698119147,-0.45741428557655,0.15462442091841,0.306075444590633,0.152314830152499,0.0950476661270484,0.700995669920283,0.256175599519867,-0.289790356041449,0.22524133628733
"6489",1.45910753483886,0.389565575710508,1.33855412307751,2.21529798173787,-1.27746367100816,0.30086878774344,-0.180089909195484,1.15518174508237,-0.806804631458387,-0.146184262808148,0.725797547416545,-0.12140883843367,-1.28849775491996,1.40922444822222,1.16904588332527,-0.683636477149733,-0.817038399824926,0.755300427130878,-0.460696873714723,-0.476864557637092,0.161235123800298,-0.222810676435963,-0.556916368863005,-1.09390122530927,1.74941063151473,0.328917007701863,-0.0611889528070138,-0.379022542987952,-0.126495294034719,0.293838746333676,0.0632026974965377,-0.222971604604889,0.275904164217745,-0.151622482789272,-0.141402573141688,-0.333222919167904
"6490",0.206779523171619,0.268328145946467,0.918297194160022,0.344244536258207,1.68104401785146,0.582634891802579,0.976482788002881,0.0311463419698366,1.02418742783521,-0.49027418916619,-0.657037081574608,-0.886856750722172,0.829092778135773,-0.884105351037913,0.945017322046486,-0.799253918788051,-0.51740449166286,-0.586685059462552,1.05895852649797,0.0620219599036291,0.8518846705874,-0.0992433971062405,-0.746769079285034,-0.797204735660275,-0.807683339962817,-0.298925199657547,0.0311657091980253,0.501024837938878,0.92468842369315,1.5783896931401,0.918913800023311,0.0194939040662628,-0.741426127965446,0.0776825558471592,-0.3003446619041,-0.349593808925957
"6491",-1.71663926446983,-2.44438364761828,-0.80060468968535,1.97138976338231,-1.72883096320309,0.345140833238427,0.303743685169887,0.820541212883682,-0.784329180479405,2.74489098850266,-0.229327965564937,0.0388569691012482,-3.54467118401043,-0.419273289807039,4.80108445689054,-0.395491241368844,-2.91631258854321,-3.87909369979291,2.66820885681044,2.04305810506913,-1.74559404648405,-2.56009944818349,1.2550041053847,0.572215428838881,-4.63530941454484,0.731535084964024,0.750180626091541,-2.79154380789564,1.35092800769769,2.54047843527707,-1.43536376958088,3.62092411586521,1.74204945804804,-0.876474714515547,-0.0146250882190724,2.43856900427233
"6492",-2.30987347287917,-0.438348491971086,1.12785163106688,1.86287341940814,0.246845342335134,-0.0819286508596879,0.444272457563125,0.321657707485954,-1.27365410270027,-0.470505696923009,-1.35231664619128,0.487642737777127,0.383751015036116,-0.458833787136288,0.739072296341439,-0.258600566901857,0.421383659285053,-0.0736826979703007,1.08910357739195,-0.419272373024682,-1.01134707460903,-0.937742139181601,-0.541009956252831,0.838523437676525,-0.146068177611366,-0.879945008304722,0.234333819772309,1.48938482213122,0.670679228409708,-0.159246311580567,-0.676010122747694,-0.0118198617184944,-0.287647296546904,-0.230217096844712,0.333708018070191,-1.49976099011134
"6493",-1.39405265648797,-2.75226762736286,0.0258059309817499,0.783932257843929,-0.922498373287747,-0.466592230823751,0.604884851363658,-0.278485657944144,1.12156249060972,0.610851469784286,-0.724195818423704,-1.38193253560991,1.74198329570434,1.03846315734606,-0.967698498332576,-0.225295371139753,0.611901823830971,0.519154818751269,-3.3137537888036,2.06522207975292,-1.06988759619063,-1.30172216391869,-0.95138772969048,0.812362464602907,1.03747074382092,0.899972301895393,1.14774369840634,1.44370000592518,-0.464492093746728,1.23192908088507,-0.32871461402247,-1.02264133460092,0.425007770331539,-0.54298964272283,1.14694108439431,0.412342002453489
"6494",2.11546354019541,0.337291960330294,-1.55477333476102,1.8180353557381,0.249556749082746,0.243451200533535,-0.246899482622159,1.47978417925969,-1.32975832727454,1.05507842862229,-0.437065452848738,-0.00698370292483166,1.37278285206341,0.457170536519756,-1.40420266587782,0.649226786916986,-1.00592551397215,-0.107153149544225,0.354126087662588,-0.502249705616465,1.2534241776129,-0.797785691760069,0.527374733959182,0.0069775927279103,-0.170184684184424,0.215307885268631,-0.184091154069645,-0.624274676736253,-0.229568988219437,0.0297161393584886,-0.236059776379853,0.197512811826582,-0.0131188227864342,-0.551074903944019,0.56131616196252,-0.0887450883915016
"6495",0.662331678477914,-0.353216498961893,-1.46215857670494,-0.534928936371597,0.504771476288514,0.706441648402306,0.662921231423347,-0.406309814460774,-1.51530017809412,-0.626183321164444,-1.44066337870367,-0.513393839252123,1.52764323635573,-0.392688987064564,-0.0491687113995096,-0.134696262476195,-0.00734342989119702,0.233333639137253,1.5257426487492,0.35494147511223,0.322209988979489,0.042711145739003,0.382075336106572,-0.844165817225156,-0.66167483222515,-0.180134431271838,0.00762851905310921,0.171840317483798,-0.0059198167188276,-0.16390241854098,-0.658283520412474,-0.354586663639538,1.48457342258982,2.18962583317763,0.463052614131137,0.338067566823587
"6496",0.112421040960625,-0.967837405043074,-0.160723307596297,1.70121949888155,1.1650595282271,-1.52079777198633,-0.715484484878971,-1.05987527782018,1.66439666554232,-1.56289165180815,1.73813517273359,-0.809713874062361,0.990017663374971,1.22631875236303,1.86579263981035,1.14054601408938,0.321332462001072,-1.17124442144984,0.360755676179947,-1.22752494325812,0.644082063300925,0.983863109748176,1.08929516693544,0.76078007865689,-0.666552957514188,0.238619295380466,0.245858703017505,0.173549842223326,0.525105744460471,-0.102348693032752,-0.297622154865213,-0.189698966111564,0.580007378519237,0.00191935587650403,0.884785462564273,0.0828240221426956
"6497",0.777446641599932,-0.97492018550436,-1.28173555365462,1.04735276607735,1.56916198486067,-0.953767491208481,0.486758157726475,0.234436648410604,1.11602717259776,-1.41569649190178,0.299699468692727,-1.12603297210908,-0.464961888994914,-0.969036695282087,1.33480381973666,-0.146018466768619,0.756164304144258,-0.146724081570646,0.203006147948346,-1.10400420151119,0.263025970922737,0.329541999857526,0.115003135289888,0.351326292058235,0.504530357299903,0.124750705850435,-0.013030857323368,-0.325447392168673,1.23013089592196,0.694316932866777,0.37684566619468,-0.677512123998606,0.343944672606923,-0.304834989657863,0.142494266770579,0.490172287924669
"6498",0.0153355778870651,-1.55788050908104,-0.19444401839011,-0.421924335652808,-1.70424887554116,1.52971484337264,-0.370335298537493,0.0845481286598949,1.15047703293684,-0.322583840202516,0.310475928086651,0.289880307570994,-0.0684492273047815,-1.67573716917758,0.116032662721796,0.0676947723745075,1.00354764452356,-1.05545273818113,-0.972679721769386,0.200560116051822,0.204838507864225,0.200808626497011,2.21333857958417,-1.72793531865824,0.516403107676022,1.21150592883477,0.165161435226228,-0.408113973225518,-0.0270502736482534,-0.678181641426366,-0.0181753211775576,0.203573480895604,0.174986421094241,-1.05294059202967,-0.053891927513218,-0.309503718719643
"6499",-0.295353527142747,-0.815383002397426,-0.263621557280942,-2.13993494804718,0.36450936458995,-0.642945816578011,-0.178403210300272,0.462311331961987,-0.752076159216863,-0.323014609793698,-0.584436027079836,-0.520960294967964,0.02977492057162,1.12425976321473,0.233035456630405,-0.40221198772654,0.497959631287541,-0.330201365968211,0.317628935071733,0.804925511902499,0.190978348547453,0.210912532357176,0.224177802243079,0.305938005383642,-0.00165528800790053,0.277841876120175,0.186755132113793,0.798081936133684,-0.381000159898379,-0.282454217003582,0.941975246440201,0.161300234387016,-0.273668585637735,0.17872671215211,0.215415454708181,-0.150797075856489
"6500",0.698306629674727,-0.00823223485025573,1.38120679124755,1.21801031154547,-1.18259757316545,0.582761107717043,-0.437933634863861,1.28696740375888,-0.778125946420877,-0.394249860315004,0.710602835716073,-0.20424944009074,-0.909220393610187,1.55663752352341,1.67163449908519,-0.253804223314036,-1.12988688528829,0.912150032704604,-0.25411486085315,-1.08263571304784,-0.129903853613209,-0.0473812405600279,-0.285892176953819,-1.65579032637657,0.685345221942237,0.332939479556576,0.0368799776363961,-0.326976196792055,-0.384466645027625,0.132335402052376,-0.379863741280909,0.0495130654003655,0.157899872046581,-0.354364571757852,-0.362901141583432,-0.651143554601517
"6501",0.046868942339774,-1.36240172896033,0.426014421429585,-0.465261142692657,-0.0453197401596617,-0.112503517313852,1.81128155162086,-1.36175615542953,0.638239254010551,-0.0913929217891639,-0.0843395259307933,-0.761041806154817,0.648542511293121,-0.793875393389685,0.204407126896246,-1.08090438228076,-0.364854924083226,0.387372593460776,0.979679324691324,-1.29311130411581,1.12826836120475,0.443742842601542,0.197550395016159,0.246212097899932,1.41092101560883,-0.681255161533714,1.51248590432431,-0.0780306971450424,-1.20067676431517,0.81798367717784,-1.50284088396957,1.98936414149844,-1.76254029119998,0.992857292604787,-0.530608679484444,0.666523740596083
"6502",1.37864420013357,-0.514974119155595,0.0675208041087669,0.505491311918759,0.790244917743258,-0.138083857597165,1.78398012750649,-1.67039506661025,0.196488121371898,-0.133755222849337,0.415381257915646,0.666683028672815,1.61173050951734,-0.094946029562049,0.519728953022353,-0.705730149346102,0.212512505590974,0.71870379589875,0.672753255433187,-0.954061843718943,0.81126581785199,0.247604249315785,-0.750131802565113,-0.27624216947674,0.144529072573425,-0.596886691271873,1.37524377628505,-0.183626509035293,-0.825675014023003,1.56052736669617,-0.420073396967865,2.32081836638812,-2.37312389081938,0.54513951587661,-0.178879720721732,0.264628573726467
"6503",-0.751896295284027,0.736564650250397,-0.647350678082576,1.40864635002493,-0.807392161629506,1.29612191771303,1.11513152567144,-1.84364903326216,0.50169228193643,-1.16136659234342,1.54887816449438,0.241565573469802,-1.238945370571,2.25685438791739,-1.09544940642666,0.935521483378297,-0.606789671351153,-0.370447813347729,1.76390930457276,0.732200155063279,-0.37532388469647,-0.297013327832027,0.823689612229353,0.502246180708278,1.15842565430943,0.359968968187045,-1.28437232142718,0.508062383511269,-0.11747758624656,0.00531119384626377,0.11897199797805,-0.66359862997483,-0.669354030072543,-0.10946881872218,0.215940769929869,0.553123119166244
"6504",-1.93958235843313,-0.0323167433827003,-1.13002707415773,-0.145786004135575,-0.459079693683232,1.20948404448856,1.00186014136424,-1.40253907178659,0.836161883195644,-1.47511700909856,1.08312753178445,0.332564904577763,-0.70943104781678,2.07637008668242,-1.43992225607608,1.18192829423329,-0.147162600543273,1.17587000808418,1.60427358589651,-0.0315963786001631,-0.894547868485267,-1.15214528755477,0.130945370507045,-0.109538326955509,-0.201980417256007,1.12112197244919,-0.198577527798457,1.18157549245768,-0.761379897796026,-0.730805502571127,0.0186085463384029,0.0444996666287888,-0.303863494539167,-0.372669446605827,0.399947556734787,0.065910602174875
"6505",-0.313340151274803,1.1469348618531,1.5676077386327,1.21643354313457,1.01301690612393,-0.147475484603137,-0.817072115723752,-0.667626758627247,0.318824832475035,0.00843484532155136,1.6350297016952,-0.668726052128844,-0.192093452046439,0.23132317209672,-1.26091878128947,1.35478962066112,-0.550075468963699,-0.463672185218498,-0.234964029973431,0.769160508166445,-1.1153954813288,0.978020242981341,0.248129852624639,-0.150579244951556,-0.817241721896395,0.549246669123044,2.21728753128038,0.523313781612712,-0.463348338757452,-0.863848085396035,0.431325694045879,0.765161150425825,0.0201858117494133,0.185583636762263,1.4064778235339,-0.653844935600559
"6506",-0.133556177375732,-0.4954964983295,-0.101084373667132,-0.565764815887368,1.17712099329738,0.755237751022309,1.05971103270887,0.585764499081786,1.58724469039624,-0.055272147468506,-0.247931369713181,-0.676685599269924,1.03436900083575,-1.02675810544579,1.08387943388344,-0.790242520528925,-0.815669183752161,-0.362970132735782,1.48024245126159,-0.205225442454457,0.591553678429879,0.356024315248953,-1.04973668952511,-0.96298790885003,-1.40186312680866,-0.405634046351318,-0.0766762741381084,0.491105416575377,0.328633165295615,0.705819427208846,0.343999452061763,-0.0176063485074548,-0.688764058793063,0.0283984200790903,-0.464054719486724,-0.563970813639141
"6507",0.810290221755557,0.802645423372457,1.00623855236736,-1.0569886304358,-0.317258942714443,-0.140699273581284,0.20904679294457,-0.627161413077057,0.46486851858371,-0.0452548993712445,-0.685768029162472,0.715874694628748,1.0193585168895,-1.92793494799261,0.257734256912325,-0.797910734405485,0.0725579490078049,-1.48734326655497,0.284552818046982,-0.578955016911243,-1.5871539403144,-0.766980598324781,1.11564608349908,-1.97551016609489,0.572067552261665,-0.200084465600381,-1.44959846961441,-0.0398315650704071,0.137762782660942,-0.689804681711796,-0.652060447049693,-0.428732641269867,-0.00348016076090014,-1.10410927452285,-0.0273728293059285,-0.607592118468176
"6508",1.88255546873127,0.682899542087965,0.452722232990123,1.60860876228423,1.32025955351539,-1.15573608419776,-1.98185937437868,-1.16075791736858,1.40585793865083,0.188806281328454,0.369599990487763,-2.04973469346045,0.69253322047575,0.425605043066658,-0.105050541974958,0.674530560171548,-1.04723746939827,-2.39280664336941,0.39240429001933,-0.173658494582159,0.747233419790981,-0.58835195966027,0.251716578058308,1.40862670510116,-0.0499511549800323,1.17215572515488,0.94077591187603,1.51666678674372,0.316253936581631,1.14779361105102,1.5196997091438,1.02166804907596,-0.888793726454729,-0.637853771564721,-0.872971601045938,-0.931561577027348
"6509",2.37961723335046,-0.441799043812748,-1.47106425813214,-0.0022675585616112,-2.80212767785957,-1.54345081084121,-1.81131761700265,0.929129334162125,0.379066208051517,1.59940924786518,0.0400635907665534,-2.37021137799071,-0.60039751481814,1.01277984103779,0.962472336133499,-0.159820816540545,0.564332442381338,1.3343664384367,-0.136249699326181,-1.5032023467147,-1.18825778453889,0.331821144781655,0.99511701547995,0.582378015612615,-0.81568706939778,-0.521561624034896,-1.35791352667436,-0.118405582064226,-0.938628872379256,0.240071609389599,0.231299230591724,-0.258199345719469,-0.611767947369382,-0.432393658923101,-1.76480351649524,-1.32497416389374
"6510",2.77755565517749,0.385556855038417,0.382060114259786,-0.860957418253756,1.4399019902227,0.366237627791158,-0.497455441502509,-0.192472078511563,-0.016605233731479,-0.387011256259195,-0.525295014598781,1.11916564216583,-0.425046731401809,0.17186085782951,-0.0935610789660896,0.19429585737748,-0.0543757181422906,0.0241974266123829,0.59189891086228,0.572500088927351,-0.575838218065071,0.316341251076335,0.160306538441715,0.294814964440986,0.371841982850585,-0.257697088675684,0.0881211684172921,-0.214983261942343,0.306004004409902,0.393705393099422,0.021380316065378,0.0240105808358274,-0.00484254418151052,-0.481278164874304,0.102756117764897,-0.234745453242567
"6511",0.242916391868174,2.6249867485058,-1.28699952829073,0.36901914806907,-0.240535669380309,0.786035954511409,0.498806442655755,-0.780005030931455,0.66181244766729,1.1126032011847,-0.404726786978332,0.420340079014079,-0.705378553599527,-0.544477928730836,1.87182847370243,-0.260417493981464,-0.667231602931419,-0.0736012101028558,-0.372061092727158,0.124225451320244,0.540528334087357,0.77112127021325,0.802918926351043,0.694910993166144,1.08769469523448,-0.466859333076073,-0.402716999708737,1.2841577994439,-0.0596392796871576,0.0333520596828883,0.947598442598849,0.66255858918918,-0.0419254668728571,0.885436949451717,1.37807025114269,0.204974308026292
"6512",-0.812878714255377,1.63610807498982,0.17369312612796,-0.692951772838604,-0.421604101472831,-0.545097447177439,0.26803930109952,0.167725504082995,-0.859259964749456,0.725956233558104,0.183704900551008,-0.469321841970229,0.458504884517968,-0.181828411551192,0.627013092154579,0.0641670900444592,0.811614638752236,-0.369545043171886,1.21960666653151,-0.067223604787553,-1.1486882498183,0.802751341361909,-0.5060168456039,-0.182158561192263,0.488976139809256,0.214964541876619,0.0357508837414052,-1.13933005871713,-0.133805511221864,0.222210952482853,0.984322204733117,-0.0352628794866387,-0.646208362013005,0.235731048538893,1.08227712847869,0.346037307766393
"6513",0.755730200961099,-0.712290995339801,-0.207775330906276,1.64700865415605,1.56029452767824,-2.22699178406179,0.418523442069801,-0.883607019517118,1.59482186510097,-1.09655877196091,1.54983650349527,-0.366688597536029,0.508631518591411,1.08113616623748,0.684581181505422,0.198859469133219,-0.268615960207894,-1.55279893782339,-0.332450862844924,-1.21041406104287,0.44786959321015,0.147379575046013,0.749545534383602,1.09963276055507,-0.576421177178612,0.858610725388928,0.0910415118742082,-1.07503278295103,0.0581605777596817,-0.393113145595873,-0.146900918633477,-0.533967133326526,0.928136050337596,0.468414471176576,1.02405925157598,-1.24872184222259
"6514",-0.876392372009934,-3.05419264639504,-1.18443072136126,0.438552334677674,-1.81048205435962,0.647903319296339,-0.514460022992624,-0.423069070676163,-1.00240913281286,-0.941656889715136,-0.403805308451458,0.139318553351872,-0.727619949879772,-0.0251535332625504,0.32429709650414,-0.308725262008119,0.814942126183066,-0.756309952599851,-0.401196997607029,0.470045471352633,0.171628560912415,-0.0721698284563292,0.559791708740029,1.23987175740398,-0.648720468601077,-0.914664771439993,0.366581819767956,-0.612493825238299,0.0976568657438169,-0.379461305966741,0.528145735780247,0.835209620629419,0.0790092985846117,-0.858407948426468,-0.268024958235917,-0.442212981198153
"6515",1.57043210379196,-0.00288204353211954,0.650867454940748,3.25608803962888,-0.805406510009466,0.443886683095264,0.336872645154736,2.31858821932741,0.212286451851583,0.622455146006175,1.1112954015109,0.85004989959053,-0.307092591377381,2.31546164364598,0.281424539424675,-2.68345715778518,-1.76439512324731,-0.107872424154395,-0.714300159680041,-0.0379284764840788,-0.0583976119245533,0.77120322700145,0.087731649216094,-0.269563775093413,0.665464034824707,-0.0476843187546933,-0.628429950511735,-1.50035845310811,-1.40544706800455,-0.286025694015535,0.184567496014597,0.356458358680397,0.41973594052903,-0.236165138297869,0.00310572524556316,-0.155290419955344
"6516",-0.431574056974614,-0.787390133865295,1.04883211978947,0.722406793795221,0.649994239330868,-0.390682880757731,1.00868268965162,-0.358580215586223,1.85235756060287,0.516893952229387,-1.69423835565129,-0.91217489921958,0.247744262722522,-0.549888233381047,-0.206453178123619,-0.588265923013107,-0.0362187627651885,-0.585947772451547,-0.0322888973676799,-1.07126396043066,1.15891314895206,0.64158143060502,-1.2261630174423,-1.13366998473853,-1.45543395384526,0.279913137950696,0.0728184204800602,-0.248972451790547,-0.464598215095032,-0.0707658202608442,0.280751738028796,-0.0911926424604305,-0.238884814534077,-0.11274041546737,-0.754272995730931,0.968705244592823
"6517",2.24340231083134,0.445256354226402,1.448172998125,-0.278796298751239,-1.99932494522703,0.808616433364353,-0.51146115019622,-0.342497166605842,-0.453697636196576,-1.37242844429936,0.814196548692794,1.00292887027342,0.31275011685597,-0.531062485857977,-0.800723424717237,-1.06979080966681,0.226448920255521,-0.309172579011248,-0.81695204452389,0.597266305300296,0.936362517180173,-2.71050898593951,-1.16052616498502,0.114554104408972,-0.0473394645639383,0.952875374828519,1.18699873160532,-1.293817418451,-0.925503600860551,-1.52883034317138,0.400937579718509,0.190529415606197,0.128142127102037,-0.532997929669597,0.00648195285384698,1.64378825767646
"6518",-1.12040897331032,0.100167206845695,0.832913179551523,3.53054530831269,2.60241200581492,-0.59583750822775,-0.283859950298144,0.879269068612158,0.09850694955218,-1.29785693566665,0.463682147960475,-0.278648053838285,-0.307875340361894,-1.49799811390863,0.219658715651996,0.495532650330351,0.101369681029321,1.52858225738833,-0.243560455415642,0.0470294307757963,-0.124541732840325,0.758168681756003,0.768251758435693,0.524094582547491,-0.322327228837371,-0.0776007150464104,-0.937687828568203,-1.21609960213855,0.169226920307004,-0.0532146303408215,-0.525547670488855,-0.316106547503418,1.14948902391448,0.427308244257603,1.07929144474902,-0.136128372703169
"6519",-3.16349402953355,-3.82990690236626,1.16416206131615,4.9504896650245,-1.28485491294536,-1.37517417035634,-1.8414445003962,0.685004524410882,2.63710059654091,2.09780765906035,-2.79823023041495,-2.01480363889053,-1.44597943790029,2.06670211267147,-1.30395106610077,-2.57583244449759,2.76217021036722,-4.50249866990824,-2.68200701146941,0.664774511555525,-2.03242552015916,-1.00763435281629,0.284184112461257,3.62059128868735,-1.3306925739606,-2.08915157177912,-1.34469987026039,1.25526447065435,1.06015873474148,2.26392794058893,-0.0721356037723071,-1.97405661493865,-0.302041241187852,3.14335532909935,0.859156437116987,0.911400240319286
"6520",0.246114456866983,0.783108958095899,0.19161024312835,2.16172567487271,1.53778737531639,-0.375379439978933,-0.990074452199294,1.16451151045949,-0.0138164022766968,0.950127613194296,-0.221370852427204,-1.24422652668921,-0.543389068155713,-2.12743131859051,-1.25930568646023,0.340293935907851,-1.43453794938817,0.575318541540336,0.374798165322542,0.452926339176783,-0.4556473573759,-0.488298383730779,-0.0869669167677072,0.185870826567754,-0.0369299108729321,-0.0953662156881398,-0.409609592039896,0.17946166851359,-0.856033284603432,-0.374751176340392,0.388349095745795,1.04775343543905,-0.212768920702717,-0.857937989203105,-1.06086476578611,-0.572004447497223
"6521",-1.48966658153346,1.24594868390393,-2.39225182668928,-0.323102689127813,0.375849662891143,0.0481141681873646,-1.39550724400326,-0.927282138640217,1.32034711240308,2.07126831707568,0.0116096191998431,-0.125042044036626,-1.11278363283058,-1.79948696250413,0.329801521318064,0.694111137441182,-0.40354385169248,1.15411741143836,-1.75299828812701,-1.01057838166247,0.389482023859794,-1.55237525925111,1.10487960646607,1.39212259355548,1.05184646380464,1.11700393093466,-0.0748725414356144,-0.030537828711004,-0.964329039373395,-0.349566159107141,0.744003962212178,-0.462391925133756,-0.48141361404013,0.835753164608252,-0.66943136064456,-1.3475358715566
"6522",-0.706396068081864,-0.744638590028136,-1.06805166178587,2.35782035095437,1.40024405136077,-0.669059416159107,-0.78021038087387,0.834343695848752,-0.00730413338325748,-1.07736195713209,0.264139635695275,-1.04838237706453,-1.77419464619387,-2.53380285339739,1.25019680740294,0.974282549914314,-0.165195138598531,1.37964208847742,0.636180622867588,0.184282686269287,-1.08537336886332,0.162586305141667,-0.265597492634242,-0.0307036511864771,-0.649460167556679,0.602586417149852,-0.107006069858941,-0.775651997008276,0.0722948492220927,-0.576675071240744,-0.907870889726915,0.731367332475393,1.8727779750257,0.0642690664013556,0.921351055850207,1.12665288963939
"6523",1.02287411591904,-1.85134702418238,-0.763947294910867,0.439154572475564,-0.431373240909388,0.307685593046739,0.423883266132975,-1.83643650810184,-0.787282082036727,-0.0804997940701766,1.16656742032442,-0.246094026874484,-0.780477879997716,-1.19788369646786,-0.761743407278092,-0.0321937209619708,-0.289229776660338,0.880067596510304,-0.535486679179637,0.0336146372711858,-0.531833175929885,1.18613843038499,0.202662910015446,0.403215807316267,1.0703178561324,-1.72090498956077,0.494530498453307,-0.46976620532909,-1.52467673264054,0.129803904290332,-0.594069365848822,2.32129370703279,-0.805205999470165,1.9077612339103,-0.618044580375261,1.14079520726077
"6524",1.4966372787869,0.0355209791454648,-1.3315951364594,1.59456510070573,-0.02706000610844,0.494845175254253,-0.438921902775531,1.63394328176025,-1.14130811511967,1.01731370741606,-0.442908946412613,-0.51207473927807,1.4317342188348,0.612670864461847,-0.986763736772166,0.904930701866856,-1.05033522988198,-0.500930741060448,0.428781652155438,-0.856446818250032,1.07251934658209,-0.477011115343351,0.960428898641961,-0.13932936663415,-0.411205704502741,-0.0988752429168414,-0.416953511235668,-0.404408284269445,-0.139857936300729,0.257482790348067,-0.513105249421451,0.119839973996418,-0.093592147847644,-0.18595949531867,0.453081594797523,-0.242226336113242
"6525",1.32186636782222,-0.024053483845782,0.678017888899955,1.05258403888264,0.436388715731024,-0.840762587023127,-0.403249426842297,-1.69907132665077,-0.249035150286304,-0.270457823971733,1.41257878143032,-0.252974861815192,-0.387897351288969,0.479297489225183,-0.674983805759437,0.957699978461957,-0.956029005085388,-0.665132227579957,-0.280639155020047,1.51077302371266,-0.07557013515485,0.431641216631298,0.101465094136833,0.0286813278957413,-0.934677290574456,-0.883754703377322,-0.0695203392279435,0.540206211283527,-0.579330256468158,-1.28343395993595,0.509918676665814,0.428117836767112,0.743770665547558,0.658977598462479,0.518328402912443,-0.40017990361626
"6526",-0.289957374843853,-1.36340558500516,0.848917608639042,0.442033742491179,0.0592221196291245,-0.474742144022005,1.60206959730193,-1.90647424206395,0.553679342401806,-0.477608400776504,-0.116769402863272,-0.314711543739863,0.824315681923592,-0.88232443864854,-0.477042027703135,-1.4667748427487,0.330551577697784,0.147886902799932,-0.0412914651793727,-1.16061550802497,0.964349241348415,-1.63097998242839,-1.12879163611444,-0.408102944784428,2.36914644742684,-0.57064963428503,1.32798497191508,-1.05472620698839,-1.3119626082659,1.31351059379284,-0.530571864213113,2.50519336820266,-0.930789858472344,1.60622409681632,-0.175134911960271,0.881126825831101
"6527",0.298849444998652,-0.828510336603336,-0.122423815735525,0.617710323048444,-0.60891194220785,-0.0898246823048056,1.20407467804556,-0.96844501352208,0.134962109538494,0.463002511958872,-0.605114259173011,-0.45940031634834,3.15978992147597,0.421853336048895,0.34683939598256,-0.0532706828713445,-0.878607788351843,0.833953374819911,-1.51392036719958,1.81258138207049,-0.925087607953504,0.818697748644178,-0.642692422303234,0.728363633804014,-0.470729686166985,0.834069549455953,0.0430196303426975,0.19991250682853,-0.827632711247478,1.14517284542473,-0.0253541864973975,0.307341248963215,0.477430196765848,-1.51791454133931,0.739015120090429,0.229615083502822
"6529",-1.26940483060568,-0.217638919147015,0.210716053985788,1.13565450757524,1.32756029627957,0.167948482566833,-0.543643582559148,0.822262882674813,-1.05277708623453,-0.795768592719753,-0.0604719296602839,0.965093506534909,0.512390447795279,0.788252243053721,0.047367323200202,-0.773144096347563,-0.214169327105058,-0.409906196665264,-0.000966925046835765,1.08174127011513,0.467229289379259,-0.534791015149639,-1.16227195895376,-0.485173882855796,0.71000104476219,1.15277352644472,0.261608184428483,-0.477462824236836,-1.13908650157441,-0.629842076580353,0.745953256095492,0.366596311049316,-0.351953240456169,-0.131121818156777,0.71624503597772,0.327992482219284
"6530",1.06329735273377,0.305249786513424,0.75419778834398,-0.324894752171141,0.187288354640101,-0.716407941501876,1.11049009617668,-0.492224359927863,0.474222036614445,-0.304673673944228,-0.984765829015364,-1.50190094117513,-0.385635181366731,-0.997256911366286,0.865427665692091,-0.745792979268987,-0.584182096727526,-1.34197084721063,1.26250037101806,-0.0178210895729521,0.674268406675201,-0.864929646678676,-1.261437907998,-1.29122869863387,0.524354782349322,-1.6446142578665,-0.899999517749666,0.151778182163585,0.745288465025677,0.469588974007663,-0.622658959154663,-1.47782425696365,-1.45979311362418,-0.66677973925291,-0.0581672362118321,0.0780760963879549
"6531",-0.0992240858787978,2.64227275999916,-1.29755546721523,0.0763152412111595,0.885785776571869,0.935285839304723,0.150742512489241,-0.859968753713996,0.62585148777226,0.546854077913637,-0.923020624064922,0.761571078572158,-0.270450604561183,-0.877411594289671,1.34563077046706,-0.522687652320687,-0.844419695121893,0.71271381581596,-0.78496296853925,0.00989921017013926,0.416720883489028,0.390592356614704,0.452832874839556,0.803742157013503,-0.156233136142286,0.722546142319829,0.168849840870644,0.806072238794201,-0.536317352572118,0.0107615193327047,1.17778126479794,0.938437711745607,-0.0272375278684814,0.823921410535214,1.46885318866201,-0.631306946926689
"6532",0.548325142695942,-2.33258896485178,-0.444298311154672,-0.748050639668868,0.0845915440124393,0.320570876538173,1.1044307550033,-1.53562482255829,0.393954887230427,-0.274637678028875,0.797425707662914,-0.54099540476322,-0.703343460732552,-0.742220182293211,0.0342045352436178,-0.398063371274706,-0.525941227347938,-0.413399430698306,-0.26266588510877,-1.46880473518146,0.550374667471665,-0.430422120279343,-0.815632191016154,-0.129906934224781,2.06904162814676,-0.380178149069059,1.79506712482652,0.0668862976421271,-0.491259165085854,1.07915613043627,-1.23404866963411,0.798001710314609,-2.27483655934178,1.28816584311938,-0.893449486057636,0.341890992601473
"6533",0.377882925122787,0.627963192813925,0.608916647176109,-0.291463427772166,-0.176006948149526,0.410934714961536,0.449741848467073,-0.366607794302404,0.803661470053988,0.0970775020084593,-0.342761146362012,0.909050865566447,1.35411612243062,-1.99831795891023,0.425833857120848,-0.403807412316511,1.20636881347652,-0.396102813949855,0.448764710518197,-0.00247218650928971,-1.05407279045601,-0.25183865893718,1.39141145929013,-1.76046968475303,0.639785699320147,0.60674274999181,-0.370028493419166,0.943482225661899,0.393676320531336,-0.411527220237344,0.218314066275002,0.312139366263992,0.475308735308811,-0.654165109088746,-0.143335788893732,-0.395130968699274
"6534",-0.751970509237214,-0.491448692215813,0.641689255973893,-0.612067759267714,-1.19104621926034,0.752124446343995,-0.314223253927011,1.17489532670715,-1.38790468875261,-0.428907749929363,0.0749549177817364,-1.0258308037268,-0.745746078518109,0.744429799500688,1.19514481513031,0.914755472080814,-0.767377902143729,-0.0797837564837672,0.320909476802244,-0.895687725230398,0.933984972677372,0.96379080629117,0.201972495247958,0.053779992371355,0.813979625048368,-0.852822310442774,-0.349391271638067,1.10942156878118,0.592608164613603,-0.15260409323852,0.726178679327582,0.486686310264294,-0.451796548150795,-1.20353902489636,1.13854248737702,2.19035417623617
"6535",-0.877091263898886,2.76772401177754,0.12936787618667,-0.510453353266971,-0.0276791835258597,0.063936348833582,0.234264767226229,0.588670092472355,-0.78770448144607,-0.0468273732648963,0.376400448940494,-0.879723043437907,0.188808379566484,0.824204006706006,0.485076926279918,0.56278677038364,1.29647095115848,-1.15469646842139,-0.0293751544235761,0.452532815963077,0.0658072530923684,1.04072343671031,-0.622771600585255,0.133909914904754,1.28390271491808,-0.505169442033305,0.591935417909941,-1.24259642139359,0.917976197224825,0.543317255370055,0.236056296426958,0.114626804021208,0.296731237206384,-0.24751505161074,-1.01171700832887,0.330817661049055
"6536",-0.227336171246015,-0.279885427119419,-0.13209874202288,0.582496429596097,1.14281656988293,0.254492973170017,2.49829864415905,-0.0265442008643889,0.84785005729477,0.192114501716783,0.0861316333563894,-0.26123492913122,0.585461169058271,-0.958684695618376,0.79452696005545,-0.534609519420264,0.340152327008191,0.213579086454695,0.390304728778715,-0.499307378819566,0.243569467673043,-0.971371056202675,-1.03830084752591,-1.60888134406966,-1.0261943440036,-0.374378794528874,0.228345814554515,0.148842684962786,0.705132656066039,1.04566663891045,1.55986330632026,0.0742195891869068,0.0113016884172022,0.827870891909635,-0.571439299453569,-0.475766628979845
"6537",1.04806668707198,-0.546936813781346,-0.572228176596292,1.71351457847453,0.0585427576038906,1.99084051884608,1.50624784615846,1.28823630689171,-1.72663561712895,-0.230916355866123,-0.136374143722764,0.00498801210801522,-0.197329929713242,0.291658949736206,-0.833029607091492,0.355591315094676,-1.24640607101124,-0.729630708482944,-0.0437442904661481,0.101351097807753,1.79419619263763,-0.0150765196955621,0.452464174386943,-0.6480355886019,1.28647539356916,0.57715766450619,0.812906779783652,-0.126493780406375,0.828176052725373,0.253233814573454,-0.128965832204325,-0.337222464321122,1.360453042008,1.60967310958319,1.32524072008269,0.373792316264204
"6538",-1.72630763787161,-2.5476413070347,-0.201924665505193,-0.205910133934589,-2.15476517465636,1.56957504149518,-1.01429532255041,0.444819355883638,1.98403198780993,-0.457505516733252,0.20157673728819,-0.0515868852749115,0.831844439112937,-1.19300680264621,-0.059999546751838,-0.128990056446084,1.9027047803837,-0.761343843639138,-1.46674403340379,-0.408705044830923,-0.241314672077371,0.000220301403250217,2.16133471419832,-2.04478327360354,-0.111209882703607,0.0997702072167439,-0.368084457503932,-0.0359750327395318,-0.550226614014397,-1.01067565241758,-0.499070408226274,-0.273992505656924,-0.113892791683885,-0.674475582121399,0.305100363111884,0.0647718676334676
"6539",-1.01549325585166,1.3442156202492,0.00070706311031354,-1.11031823360597,-0.591273274731235,-0.591526728016454,0.358236438434659,0.517118507716517,-0.559273072317925,0.762382326956514,-0.0103446824180578,-0.624262478796156,0.391138189068385,-0.301271707992639,0.333642601973425,-0.216749896874963,0.691830784271481,-0.217630141415258,1.57638434233654,0.281223137174818,-0.690282593512529,1.23049744078182,-0.188424484492925,0.0541036891441396,0.706822576881892,0.612115723038918,0.416686923180424,-1.14541986590244,-0.708236377904691,-0.48213392680684,0.399108552799933,-0.011412780014054,-0.622925196796868,0.0457076936277042,1.01890198400093,0.0637947138089542
"6540",-1.8234179606519,1.99853079795505,-0.500757350953182,-0.666688163355816,0.305986673749013,0.158500773802578,0.143580112793855,1.31787895918194,-0.0219067840024614,0.117201085690906,0.027777235796502,-0.932016244204588,0.644010859646221,0.901538644584991,-0.0595970975126999,-0.226758832552084,1.2732023691676,-0.609687137073462,-0.325647792215178,0.149967736758277,-0.48379731203194,1.15678455640576,-0.486351076284062,0.54220074054792,-0.143839728722438,-0.294459466620054,0.912880537969995,-1.09974261647439,0.156133118707344,0.033046032989142,0.083228223418258,0.352206384427703,0.42445687737959,-0.138727997535328,-0.794060133157298,0.376359632493044
"6541",1.24495579815475,1.14810455026531,1.00157871559808,-0.252995282021886,-0.59517479077346,0.415198930615801,0.704832262889522,-0.607473415007004,0.362978940299314,0.23963471323917,-0.190657534659902,0.452148801288062,0.645010331206478,-2.09765326058021,0.73734893513758,-0.305904655332744,0.462603705938155,-1.49261405420986,0.66250855548191,-0.168087871932382,-1.04097634816726,0.217602494436398,1.78429657554042,-1.49783258235167,1.70869345854478,0.0072675124159341,-1.03867012931111,0.868479088200629,1.0067926532552,-0.0460450934107582,0.208103623877449,-0.0261136219671073,0.443248654871457,-0.55044417890602,-0.377297044356885,-0.184890625996611
"6542",-3.1573278190677,-0.198781059790638,0.469850287274713,0.71108135700535,-0.163612339098308,0.594653669368235,0.301989327723696,-0.532643493719137,-0.844916009008565,0.0809634706635322,0.149563221553443,0.612314349448018,0.540770634251905,-1.45119819763506,0.271938716100297,0.157461214382652,1.08817492224915,0.210727341638363,0.983833135284052,-0.738165198926038,-1.55835158135789,0.282489644432631,0.235615434222879,0.876850809069556,0.152365109810888,-0.227587260574827,1.0669840831622,-0.991024776266605,0.477692450927697,-0.112054771052646,-0.138784731188605,-0.575610851138997,-0.452128826198316,0.144111455104355,-0.353136455450236,-1.6849475956332
"6543",1.68400107096178,-0.995132572936852,0.531164716841858,0.213562391700399,-0.50900642510383,0.234669927045927,0.0443394106744275,-2.42563308238813,-1.49793177087291,-0.59443174072294,0.901394963034156,-0.865305495881893,-1.26638968884866,-1.17050220419898,-0.199894730159945,0.75822723121212,-0.382823794878148,0.00379463449858616,-0.394623499118044,-0.0477379068401578,-0.341618844880076,0.693069275451729,0.0626802708011857,0.0671408266439684,2.32507687037006,-1.87709623711752,0.339059312848751,-0.0196102714610161,-0.41802171852713,1.27361108335749,-0.275008258305801,2.50290666990649,-0.813405661844783,1.91867975585453,-0.573724317298998,1.08023352003905
"6544",-0.577152684011351,0.891059488464113,-1.17345395510843,0.230928366153959,0.607234679185005,2.00204121015475,1.894905692213,-0.502474570465633,-0.0664455852539736,-1.37860357246929,0.00377810656857025,0.517685989549357,-1.63086691972613,0.660314167629925,-1.44862495546677,-0.0613546809370996,-0.238583295004774,1.38460165219931,1.64936114102338,0.631913947730532,-0.640355300285916,-0.787068441078068,0.156154357214182,-0.204115861117493,0.735555686665771,0.328322751531816,-1.3870820024123,0.0581893583282056,0.434223669774129,0.894803975706155,0.464571145077508,-1.1896679047733,-1.64138220763994,-1.14329407829655,-0.449631789907621,0.421304016547043
"6545",0.0190329668969936,-0.358588995857096,-0.65723524885433,2.94164190733524,0.488221525635049,0.755321426484678,-0.630146394127373,1.46972022972754,-0.643402072040537,1.05158738217995,0.177792013923752,0.465454280539261,2.59318038573193,1.25820458930236,-1.08367322473683,0.619259297354219,-0.426266722127265,-0.302887664212532,-0.00359483664134563,-0.18969210290157,1.85049321163029,-0.706868498038264,1.54147997033027,-0.457960063071876,-0.840841876236673,-0.249054921781573,-0.814044804790371,-1.75835032032527,-0.701298247441115,0.470357856652071,-0.659325232942031,-0.232159424352483,-0.268730931867184,0.219192789563649,0.327259697843547,-0.358971520738614
"6546",-1.92906719648682,1.16245926660531,2.35177708600422,-0.718905773897755,1.23774099316109,-1.45596356400733,1.34568480640826,1.24274569212364,-1.5160634340905,-0.544387074022548,-2.39483222175144,-0.983091193656904,0.445417172736793,0.742133613598875,-0.414290325043768,-1.17482356330887,-0.336212605202109,0.547570571708286,0.418335063324268,-0.936656914754407,-0.400169400617292,-1.29942204579235,0.17093633550954,-0.0691551359897987,0.0678120280478177,0.343075799538987,0.459785896752267,1.15998013319027,-0.736741159498724,-0.505858350194048,0.539678599962641,1.31225488882087,0.549929703212211,-0.232154975151786,1.51813023221626,0.207949307349982
"6547",1.81226018314834,-0.0553701575597214,0.395959397094774,-1.3471978924492,-2.41743059965875,-1.7661247177018,-1.96923593486002,0.543748839220012,-0.0285256814387028,1.00595869975939,-0.211099203927269,-2.4053390505828,-0.6179321505121,0.983982617443811,0.903418510583249,0.44539455788833,0.296986973571387,1.32355822074855,0.0142533620650781,-1.64196761745114,-0.377607132481447,-1.05305455714214,0.837541995769436,-0.150262151488819,0.552980206922124,-0.0968660399431177,-0.901880540449545,-0.268416636611423,-0.567244184901268,0.662387021523692,0.123193479180479,0.311425265399223,-0.0484869736846832,-0.72554065765626,-1.88867777028241,-1.76966997801629
"6548",-0.122240624188018,-0.471370597053465,-0.13831409999471,-1.84429038293044,0.959727376967921,-0.370776110896687,-0.651154886645187,-0.315851459275226,-1.36460710224568,-1.06614400150566,-0.586577329651405,-0.0931281479801003,0.273621913781911,0.786283758699744,0.313602125694702,-0.230293861889925,0.257421632555907,-0.239419932527995,0.0098556646607332,0.733672639749776,0.199606808070434,-0.0236895024545014,-0.142822006057628,-0.048617720650311,-0.307868854052934,0.716042412462404,0.0222681281649423,-0.151541334378015,-0.497371297133395,-0.0624844476803149,1.28836112949761,0.217126362865595,-0.381375239874063,0.0612586546733051,0.0177559993656296,-0.372940167140914
"6549",1.93089045645431,-0.0558043480374792,-1.74192121774076,1.66793686981953,0.0192805374386176,0.543030666248898,0.175760259724069,2.40579478966582,-0.816732053974109,1.27105128593834,-0.797012497238867,-0.894764771331351,1.05217073162821,0.538570600370577,-1.70547466731928,-0.240488124251388,-1.78340809316918,-1.29001309084623,0.182621611521667,-0.997391205494303,0.54097625977264,-0.294938460976629,1.12354566250549,0.553901676219888,-0.165036250190939,0.337759527282019,-0.0606561465491794,-0.301225704215322,-0.46610763223437,0.223289452342058,0.262325438883916,1.3357107576559,0.915857274083289,0.235168665783696,0.543493877611822,-0.130158998121801
"6550",-0.071125230207953,-0.184981981824075,-0.898701166710065,0.843123189177431,0.230970165620338,1.81270718577977,0.416912387623348,0.652425561818628,-1.03030211975482,0.250943186179805,0.890267085011473,0.750633859709956,1.52225476766358,1.03188663508571,-1.20789093251592,0.819969898774213,0.734680193511169,0.571518265156659,-0.522839844151005,-0.468673629228393,0.492586755625704,0.513780239503949,0.812588012274543,-1.17187482398564,-0.840439180502519,-0.462584240176046,1.29966712498335,-1.37458576363574,0.676144194855964,0.356351343152817,-0.186422896672119,-1.55118190674639,-0.577345866104506,0.409754893033353,1.82671736238606,1.04805412058218
"6551",-0.314015160907826,0.0213576666049709,0.701937154390455,1.67191034040473,0.720911937324642,-0.670347448811042,0.484931631780187,0.0406260847031576,-0.89243068104676,1.2073733512921,0.0344395271535693,1.71964155252341,-0.447999511918217,1.11828997478418,-0.332803129653209,0.638057398149147,0.0471924890568526,0.14563246733167,-0.596300039048793,-0.0603140493852179,1.24118099737577,1.05248149022697,-1.30225961812557,-0.222812025101344,0.419370314351277,1.28247425070326,-0.124312165707187,-0.490749728975493,-0.64320065342389,-1.29069207068815,0.656977111996234,-0.973105478772745,-0.483110256964088,-0.423996945680224,-0.108568712338973,1.48745550934432
"6552",-0.25062385131529,-0.435490289953035,0.365330125750664,0.438591773224035,-1.05765544920828,0.576403132792121,-0.35686499629168,1.15433919198218,-1.27576791896351,-0.626512912025764,-0.133403770387045,-0.630731761838027,-0.722270317513898,0.879375077871508,0.947285790138577,0.437875460364665,-0.346097634506187,-0.979528988597081,0.118438200675105,0.554250132809997,1.33799535666924,0.473497236215285,-0.283938207139077,-0.277586149198407,0.760753730748106,0.645799763427898,0.0452820991931162,-0.238077103428158,-0.190269333948675,0.119455720999964,0.969909271177216,1.18456006209033,-0.260857614121996,-0.635948016845173,1.34913106813664,0.783202837636306
"6553",-0.310446380399661,-0.555549574136136,0.00765820216600082,-1.54276367502365,0.201391813955828,-0.239566925173156,-0.604525682413492,-0.618660336029055,-1.44479848871119,-0.759037048705105,-0.0117509670881979,-0.31960659631478,-0.0861092963515541,0.739724423623039,1.01933563325554,0.430476669878257,0.609552066424193,-0.453151076491568,0.338139989946743,0.835374072407183,0.492724091153385,0.118844230227163,0.127511665356882,-0.268916050157274,0.643692223350632,0.0231776384624925,-0.338294545245953,0.0956284136006481,0.113037799074406,0.20576844576241,1.14512757843057,-0.207560138913029,-0.361426353855972,0.330675434080677,-0.260320182387104,0.319198429224187
"6554",-2.10410282414672,-2.36577195060908,0.217895063256924,2.28699668505322,1.23732518438511,0.0107921728145111,0.398730465472305,0.284964938528495,2.38874154015588,-0.317670432953723,0.00117373992065025,-0.0527573270314707,0.0260068338806527,-0.402275843568983,-1.14070597423658,-1.92340884898164,1.99739465674611,-0.243115209425079,-0.904776287044493,2.3066205206868,2.01632574288105,-3.34175649688756,-1.78666661879101,-1.36890369520097,1.72503267388625,0.623328256659582,1.64906503348334,-0.496175987954401,-0.374319086918386,0.494591574922366,0.748801004933125,-0.567331145660967,0.03659953915008,0.810048992618098,-0.0285453497268717,0.735074337310814
"6555",3.20401511377796,1.25102588320425,1.97406644920788,-0.790572154159046,-2.14760457368799,1.03480908900844,0.527310885668656,0.0698136750418055,-0.723510693032232,-0.447033291780491,1.18484226196073,0.207743685855037,-0.339661691393557,-0.201989609229157,-0.00797868356657001,-0.234887007664491,-0.476614828702264,-0.848602323756364,-0.455031659983197,-0.471873482902931,0.495749626186371,-1.04466153134559,0.159232970142995,1.02511246085164,-0.187054812513759,-0.136641242435194,0.465179357694639,0.311576122305789,0.805052921875379,-0.540275041920694,0.482397623939694,-0.963172167892545,-0.546954943576128,-0.0481221765507499,-0.247456515375964,1.10511523419454
"6556",1.3960798589351,-0.928771179280168,-1.83925306544367,0.081783637802995,0.768194289688387,1.05006296803364,0.39843304512614,-0.226557374060093,-1.7163613631987,-0.656930671512365,-0.282246607412885,0.239910223850331,1.05733826411931,0.886488006330975,-0.303530241155702,0.214971159435283,0.264504282051694,-0.354498593070506,0.558068894652588,0.69203315813221,0.507527160076051,0.310397183898159,0.658203218328363,-1.04249653392249,0.199150473372572,-0.843404334876616,0.353603073401124,0.9243018142074,0.543419471348052,-0.243648963188446,-0.442230166144278,-1.3469684244929,0.413420549956332,1.50630056412917,0.187403949539137,0.847335997126028
"6557",-1.33402838778168,-1.10846119762742,0.277840201708463,-2.74281111711525,0.500838917165174,-0.814509838244909,0.121932118670123,-0.0446907517279759,-1.03372979884359,-0.41144707486974,-0.204314739150914,0.00954680812740923,0.202564648668978,1.02350533821871,0.12358383093227,-0.15115204453128,0.268637993284237,-0.0318072659983079,-0.151069736945264,0.0918780229512531,0.152485623525403,-0.901430727454787,0.101803966293495,-0.537452224040996,-0.04747780211561,-0.0240548288840743,-0.266919528525539,-0.41856810364745,-0.649695999818332,-0.552822819403021,0.637285645448908,-0.3037898857854,-0.0365769026004306,0.333120950978145,-0.136632910306637,-0.452397773697289
"6558",0.733095512322444,-1.55716720153479,-0.0634656089473764,-0.304609322198933,-0.722655436392786,0.3039869479659,1.21353235792324,-0.844370052525992,-0.284786884626522,0.530280210204337,0.213870934999124,-0.918463817621031,1.29613791339444,0.73156305708828,0.302944964996255,0.72281216555965,-1.60362813073763,-0.402306061961638,-2.38515136088001,1.24642284082672,-1.18998449934647,0.470878426664479,-0.361477829680277,0.644567408489473,1.17735304401262,0.637046133258547,0.479918329622079,1.07531873858569,0.382565357925903,1.49579392199977,0.0642628443466171,-0.682779304769487,0.270212683833959,-1.34204064152292,0.0799371207777044,0.259629302443152
"6559",-1.47373288577993,0.216824958011251,0.816604084982238,-0.0261396516877522,0.965970939155202,1.01288066209201,-0.172250439198135,0.714051991419714,0.361382348541055,0.412524253140996,1.04904410986365,-0.901707919466671,-0.819603549243534,-1.53640294364768,-0.82628685944239,0.641426426211234,-0.480818455031778,0.445614387913792,0.0486935169874492,0.260384418014702,-1.33316532152014,1.17575556857003,0.205535198412644,-1.0578880526445,-0.480204312913359,-0.974270581929006,0.770584062654932,-0.467512114506272,0.00586109970772695,-0.361625348684662,-0.323247747209287,-0.878494421055312,-0.934554015205316,-0.0499300635117519,0.138496379828531,-0.0852929482628983
"6560",-2.33615308729665,1.6272498100484,-0.852935802663964,2.20061564911105,-0.795875240540255,0.713448487343954,1.68943263389331,-0.764182001188635,2.0144426468791,-0.926929775870532,0.869970976772043,0.138031381356453,0.0970252707708835,3.257229551089,-2.00470863642081,-0.309977086910941,0.519356921899954,-0.613015300406238,0.629793068521263,1.36605005759261,0.25127899419447,-1.13627083645519,0.0296220072163214,0.936157012809681,-0.129876385752072,-0.792458127787723,-1.93115028167416,-1.25149074128211,-0.796042939560188,-0.269303351975786,-1.36095729020686,-0.295787043437846,0.839339484723505,0.267838114663032,-0.790149975534195,-0.0875821369280934
"6561",0.101784176095225,1.43896955006515,-1.12019898678143,0.30532981788775,-0.662999399593984,-1.45878082053871,0.49272015277172,-0.205548367963732,-0.618700441031938,0.321714739866165,-0.786062593435404,0.945317902644758,-0.909339430012286,-1.67717748230867,-1.4546480533134,-2.21058117627312,-1.86957906019109,0.845265004545408,0.914432740712132,0.439516064034965,0.171488083981413,-0.300258296268136,-0.98189674130808,0.265575509362938,0.356433759318713,1.22260136145763,0.42696102663467,0.931409599219925,0.28163356281491,0.0458185259205697,0.479851385080521,0.288246856874232,0.799945992273705,0.533267996909043,0.95876298831792,-0.650144306997601
"6562",1.37580997094314,0.207615372154051,-0.107458319599901,1.82153525160214,0.310698217015646,-1.82125101148008,-1.81934146293848,-1.40126791230243,1.4304671467094,0.653604882468941,0.773985822189566,-1.86341072517216,0.808697871074072,0.942498272585016,0.466627810344523,1.62442941583664,0.653361992540937,-1.45501690428288,0.423717161109331,-0.135859717550569,0.63002716512408,-1.07755266181404,-0.0238084259794283,0.462069845560227,-0.471451367894699,0.0590506651676473,0.705744673289292,2.12991107573521,0.403323288221097,0.60007979447198,0.68806166115665,-0.212462286513713,-1.78999133336643,-0.870854785150575,-0.620490928114339,-0.60354400474397
"6563",1.24494093149621,-0.148790980981334,0.476563542642575,0.292954045627569,1.702901059665,1.30981433376949,-1.07875278054227,-0.108800120253314,0.503202560605783,-0.668072554840189,-0.165117744434974,1.15489054784637,0.650391681382906,0.579955470579469,0.555411879020278,0.63967193133298,1.01058151086454,0.586966788953402,0.496403468715881,0.782868875023329,-0.279386151536449,1.1638687644693,0.991385850938336,0.148525833871909,-0.618169640722713,-0.161245482383944,0.323776358785359,0.158176550725835,0.291797333618896,1.0033688481911,0.359895080321841,0.281479260504362,-0.165847240267386,0.189270789421035,-0.0779260324699013,-0.110534479217889
"6565",0.00924268337538451,-0.88049302525632,-0.73445648297628,-2.30006271191183,0.132182116799217,-0.534177519450902,-0.0730306447160871,0.320696213931414,-0.988858075290741,-0.338387195364319,-0.227946944101483,-0.205593511183858,0.0571050196209059,1.08618158348746,0.514214443862414,-0.309057804469005,0.143168990836537,-0.572107956694945,0.43355196915673,0.620365805181956,-0.0395100211763932,0.347465183147587,0.037408175919316,-0.115954389578976,-0.111198571340281,0.0887187259895506,-0.0631313172226182,0.354480288267487,-0.603618803116298,-0.568476470642156,0.980488953560144,0.415404099027568,-0.178404144956823,-0.0235824182193786,-0.0211219146387569,0.00497915683467066
"6566",-1.11202670168984,2.93720899038542,-1.77478255059445,-0.437399540529619,0.556231951512041,1.03147817765865,0.449324385304313,-0.350304539076491,0.990844888470793,0.533386684292999,-0.367431935721246,0.413444990813819,-0.852585358155042,0.191426030406442,1.447437674912,0.201748447665963,-0.134103198548342,0.330394694259613,-2.01365197497345,0.075024178301151,1.16264400715943,-0.245773737320208,0.204655590692001,0.56914867569662,0.17741087055135,-0.854269068981562,0.408746951717827,0.56326449419843,0.370361302450403,-0.294873703647197,-0.477665612217185,0.335958100763268,0.894791308824901,0.297807763831301,-0.669160942099256,-0.0727990513486519
"6567",2.27753895967405,-0.144433409702224,-0.374676024796026,1.80278405817789,0.071692005331502,-0.0822654445983464,-1.08053176474678,0.653200759103124,0.00859508824803783,-0.356174666518046,0.0217922095977489,-0.335895135752281,-0.367953077874529,1.75982034583606,0.514671466978221,-3.32997917778964,-1.0847935542248,-0.829590530143581,-0.303190849163078,0.661041400810642,-1.51985504539765,1.07881176552611,0.412007647340713,0.284671688554919,0.583369053220114,-0.042262489290091,-0.564764128045807,-0.562932764336696,-1.34748474448118,0.0769618964624879,0.610071816707964,0.140708657945645,0.488506600252062,0.710949999293654,-1.27484692105964,0.0928019225161154
"6568",1.9179863407406,-0.236211944478665,0.394394445505577,-1.650525239769,1.39433417000757,-0.0416773472091283,-0.278525985921694,0.563362715437656,0.739217635052075,0.106961458405727,-0.828774607760511,0.94046904084728,-0.329883134514302,0.394330131488606,-0.635023812044518,-0.253913680393397,0.00360010206630162,0.320334788191982,0.478838369340869,0.317725382623088,-0.823459970537916,-0.199195238721159,0.136130687819881,0.471243613705392,-0.174563853836656,-0.333032177665324,0.262607501607077,0.0791661522198634,-0.0873805708930575,-0.0435259138511419,-0.576121474829166,-0.184997455794774,0.0870853102543086,-0.358090272251385,0.421713676126142,-0.583051828828446
"6569",1.39023586596393,0.0176895456784998,1.20526296098395,1.99444686038554,-1.86167928727772,-0.301528618648557,-0.917488242069922,1.18619347925069,-0.538454976192429,0.465883485643052,0.314530383391731,-0.830396870340822,-2.40848164596469,1.45070006222039,2.18469778629552,-0.24471815131738,-0.284364112295477,0.278705230030715,0.0963306303152987,0.396896429681864,-0.316646513199613,-1.85220421495107,-1.1651830263989,-1.44444575391157,1.41133802352747,0.577614177657745,0.605202722735265,0.334580542518871,0.647501993857182,1.20811694668827,-0.381733732509497,0.301670534096954,0.494157160634407,-0.319050231035847,0.333821798446732,0.912220644528576
"6571",-1.90638729523881,-1.75377813631728,1.67425460095216,1.48005151813355,-1.48199377220984,1.04954044557104,-1.58075283640738,-0.951595360267136,1.18078184159054,-1.455938571113,-0.301029249345092,0.361289070528798,0.437516782032802,-1.42465273492498,-0.67357851161682,-0.492696743533191,2.78909658348026,-0.489422410341388,-1.60653597493731,1.70533124244247,1.82396317602938,-1.94399192047624,2.32010173368726,-2.2697683973871,2.62815632459701,1.23190104254404,0.800575740164858,-1.25412181236807,-0.548703254445818,-0.529162459020108,-0.0663448935449445,0.619317661779545,0.656619411067324,-1.40541849130509,0.33764817562509,1.59979461108948
"6572",0.189964624430691,-1.50955210923231,-1.10288447502812,1.70242145055167,-1.79950117649146,-0.587425485138165,0.688610819546873,-1.99522486631738,-1.06907502140889,0.87327525316942,-0.953645844388813,0.958785118140484,-0.963668748042728,-1.19429161442006,0.415321703045887,0.0513787747057547,0.644562660213169,-0.935723394966785,0.619890620644622,-0.104997358173216,-0.162867465781649,1.51380987544367,-0.646468852455097,1.28624603328038,0.0349371920930322,-0.184229625940276,-0.626141266679842,-1.1549552561083,-0.269923898604697,-1.34046300092802,0.512000601689,0.400187603394558,1.17475316413503,0.181137932947768,-1.80163769734834,0.494918234797611
"6573",0.346711866554969,2.43007850463341,-2.72964173923857,0.200823008594462,-0.300304465682118,0.186737099684827,1.03059464901866,-2.03638485387683,-0.0709233838171517,1.09574515710474,-0.627365692833467,0.447280802583703,-2.32861935653336,-2.86199171689512,0.942574658441481,0.278632092833177,0.281271200920794,1.88662686627052,-1.58787063384866,-0.52470311716935,-0.307885350984306,-1.7239061794663,-1.59813904936325,0.626241142896222,1.52543682998932,0.998867485200262,0.11556614366607,0.679447609016017,0.327053769307904,-0.281320796541055,1.83884678542061,-0.54019698028094,0.837422837930689,2.13478388785709,1.38175980910994,-0.316041708854945
"6574",1.54317431441473,-0.680296222915732,1.44856634595205,-0.522534720262342,0.911339774083034,-0.456956624169933,-0.844831274389947,-0.244011910523551,1.43552145901071,0.841745387904682,-1.50053878284878,1.21065082077097,-0.623787233444068,0.802317965447307,-1.13278306646095,0.559130485091617,0.607777276332523,-0.391576557256866,-0.614820376199474,-0.235277925799274,-0.117448259587105,0.148532974798816,-0.760621419952409,-0.0867621584896794,-0.376187943800619,0.847873731117927,0.215874762473438,-0.940293065357838,-0.546125073467578,0.0181594751997088,-0.225273980970607,0.319846053364614,0.85910169038983,0.109092053660504,-0.0728132219344759,0.309883018899321
"6575",-0.794421955643032,-0.743468036523087,1.2213072146205,0.071237378971721,-0.108523012388216,-0.0829026735329147,1.02059662392786,-1.26434385885157,-0.0154487511206953,0.248655111788632,-0.624955462113135,-0.529996763752461,3.47435131920263,0.639037459813163,0.504578390503564,0.49214103932736,-0.823366444397557,1.18941644723529,-1.89599385081843,0.966583313334767,-1.01644092011796,-0.112660654591329,-0.469488812502637,0.333652916441741,-0.599715706782936,0.334130627019879,-0.150757655716104,0.39182538412844,-0.170332699653453,1.86493754518138,0.040607038394426,0.052484474218818,0.524377021766092,-1.37672028962829,0.713603757295524,0.304661765806608
"6576",0.30306311842986,-2.11691594793136,-0.0322015737821964,0.187988626669906,0.866106689111343,0.389599438456421,1.82026579001332,-1.34943304098346,0.493746830992491,0.0519254226868955,1.1121488808857,0.167057706406209,-0.127595213544285,-0.121752861878567,-0.303456525363401,-0.846975080581828,-0.459070336910503,-0.299395398436247,-0.752370417459115,-1.30828028947985,0.744431021500608,-0.230048265829894,-0.000972605814425201,0.118088341749416,1.39962945438153,-0.309291550047499,1.75096173964392,-0.485534433562718,-0.581899701288636,1.43216642983736,-0.761355974811179,0.794072176576297,-2.29545815256609,1.59304728407403,-0.957145275019647,-0.0713084789221136
"6577",1.37800313913457,-0.0633127232183504,-1.72707379264847,-0.309907025316586,-0.642017638317353,1.70743035265367,0.482586148887703,1.0291543440744,-1.1537993550659,0.223175492926218,-0.255410933919809,-1.37650761611602,-0.539581206223435,-0.367277552997986,-1.53625972698099,0.498258568870717,-0.411115400280498,-1.05024179805333,-0.658397664999332,-1.41501171879234,-0.993657554147225,0.438515124075892,-0.225694684066315,-0.226886113799943,0.0998112583824016,0.262024184654713,1.24567922443528,-0.487017579598606,1.30691911461858,0.799549827880005,0.323541675376959,-1.27748741477258,0.2760954632826,1.66136703870473,2.06727388894608,0.226457711369617
"6578",1.43312294222311,-0.714456224191293,-2.16095108572265,-0.522440853803749,0.797866298222596,-0.954938706029653,0.869259803661461,0.934961263941628,1.49595130177103,1.69918129127668,0.0451788758419867,-1.39787024049356,-0.67315160691405,-1.73231941871127,-0.843675199228913,-0.641160877590234,-0.69545991020036,-0.0481118756175217,0.693151996102691,-0.538215865151178,0.399976129129849,-1.04287472976967,-0.34428971071062,0.422689414436165,0.510847451510844,0.554643440597917,0.825784870197142,0.560778021112209,-0.22124363834474,-0.330432716861237,0.949168481065212,-0.00338518008981925,-0.79914070719749,-1.25821752283674,-2.20581095457682,-0.598815841746605
"6580",-2.55785537474803,-1.0439689716705,-0.18170134162898,1.83992025071793,-0.106820027778782,0.300520738724947,0.822143650798812,0.324029518337917,-1.22817088528104,-0.320021209549933,-0.787204597606375,0.92863459140911,0.393574231629977,-1.00240217193879,0.763933142040164,-0.301716735382508,0.388534282199467,0.707032276802722,1.30087454591974,-0.479154374711901,-0.992607128648373,-0.333092399063092,-0.52198614116218,0.734687097634863,-0.288119121893999,-0.649301399828158,0.519981453005162,1.15923680004856,0.000870774783817432,-1.20725880342273,-0.632180636326365,0.23916412190079,0.13728418243498,-0.312458310712157,-0.168293066057331,-0.976052917561072
"6581",-1.13366020999179,2.63952451151666,0.303782048198775,-0.945840313485419,0.187376871939794,-0.0641723430444918,0.46133644427908,0.842711451921013,-0.662545769650619,0.108063418324977,0.191740970729983,-0.964127783457139,0.0989350492376874,0.905193996696542,0.291546991623667,0.285458489310303,0.87240686608164,-1.35815238368258,-0.174671153375012,0.19153192804924,-0.191181956561145,0.779029760882279,-0.44101779094297,0.194073844920111,0.833993521983467,-0.362548599540514,0.614840572383735,-1.48359749605747,0.765336113697948,0.554400665989207,0.0845179925341316,0.191336424757292,0.447497509219844,-0.121283665932121,-0.999649665870238,-0.0378038917130214
"6582",-0.627343204108829,3.10387759175142,-1.93916543931705,-0.498859051479631,0.590600082795352,1.1991273529127,-0.167189107256522,-0.235531575407507,0.95184118515016,-0.156685103634499,-1.01934313384723,-0.170780001641326,-0.652763452041139,0.156913525098007,1.26721326974669,-0.0451387552894294,-0.356050072446475,-0.266045258226956,-2.19644255653315,-0.255728616525876,0.679415362430361,0.311430906178345,-0.12194771979501,0.731582632342886,-0.166258990552753,-0.76285205558364,0.171465066672986,0.820560354475068,0.116434402347753,-0.245256561854675,-0.375602147953437,0.491234972183908,0.544321227907881,0.362498787748549,-0.379196595775925,-0.708229872972448
"6583",2.20541583593786,0.0339639367067634,0.687846612328132,-1.69416025443158,1.11887422753491,-0.146222794465458,-0.412416120442161,0.219859397036874,0.433535299214493,0.0333258754325306,-0.889949774482343,0.564618299961059,-0.735271973369743,0.269862545379063,-0.308342177854902,0.205831124406067,0.0801971413421764,0.0881347451738805,0.609289027846232,0.302617458265172,-0.731264569514699,-0.175937134235087,0.161983043375952,0.433436779077325,0.279050933971326,-0.571962405979512,0.00809872508510287,0.263535365645867,0.38563437702871,0.219891819676794,-0.815004651705468,-0.745314934892323,-0.242711472411322,-0.316796067271515,0.400313467630457,-0.64765207069253
"6584",0.937150212209908,0.0814194088939027,-0.857229799903999,1.08110315497787,-0.0746365472700474,0.491201724112915,-0.769892391193054,0.875649536552746,-1.57410907537579,0.508731531178046,-0.584803241508235,-0.857800146228514,0.985056652467397,-0.284045991580207,-1.02179864700965,1.72767388723244,-0.492267455124909,0.415300221544105,0.141668892441899,-1.40827338512576,1.11983411069451,-1.7713618108677,0.0805845585281321,-0.496442256919659,0.688937172429141,0.140990171299173,-0.074946485010276,0.0369637319299794,0.570668967747658,0.578979908636346,-0.0448287561533582,-0.00232270353644165,0.477595758436283,0.13318287902407,0.383078669996802,0.14741449031352
"6585",-2.15096686672403,-0.351405375069225,1.85373784440348,0.324423316434501,0.713780865950948,0.800302271422585,-0.7216081995481,-0.070352122762376,1.09749904536799,1.29208373640643,0.236885261137013,-0.950307895020349,-1.57700546566015,-1.70976395702588,-1.18737667941105,1.68368083388395,-0.435803851087836,0.277621576193796,-0.533066244569316,-0.230173002104987,-0.194234120244379,2.24950955734611,0.0182701442231478,-1.02215475631511,-1.07720379861976,0.831320635182425,1.03925828834987,-1.49508633530481,-0.454026346528324,-0.641282588575558,-0.821926535969421,-1.12701871319279,-0.479286415216971,0.328415531969753,-0.727619765828218,0.344611943885895
"6586",-0.288178833754367,-0.0739313017971593,1.20154427487906,3.68604215275696,-0.265886708173957,-0.595991088045395,-1.8535130073447,2.41146230240581,0.969401258863238,0.132608008357946,-1.04780736647962,-1.6659045198299,-0.43920999835495,2.70048879065914,1.1542404191442,-1.72431305461676,1.72944762413729,0.765392483817631,-0.0990702209387559,0.519809871520203,-1.72759474867952,-0.372177001506521,-0.529327616128363,-0.239396945492939,0.549940239844904,-0.440861440471337,0.847488918276842,3.96562172570874,0.0836369161011085,0.769720892468839,-1.04751379224501,-1.28195137565447,-1.15588008339846,0.670583369488688,0.893300637798322,0.493190236913572
"6587",1.4403397532846,-0.0417088200584142,-1.94116493536034,0.333000920729111,1.28058896589279,-0.110044440778168,-1.02560084960245,-0.559885967318158,-1.47790869914851,0.571702766811994,-0.310707801177446,-0.103671863338857,1.96178672911497,0.0712233090377052,-0.770143182017389,1.14642051015252,0.612426558812044,0.649638092265852,0.786516083270852,0.158894476267474,0.734392623199096,-0.940555294135759,1.18648223300918,-0.144251627125011,-0.056952932915036,-0.0329055598131844,-0.106271619895569,0.0683450302716339,0.246064795156396,0.446506168252733,0.0814087028715606,-0.850289258507995,0.0545584555628729,0.715217236255276,-1.22731569564499,-0.0863025029914737
"6588",2.4463570395112,0.159065748910976,0.557922985947878,-0.961348449385847,1.1675504500551,0.251009419301746,-0.336649899934823,0.160981539931724,0.380201356790369,-0.014802096166764,-0.503998818659193,0.86948207483367,-0.529610942693325,0.328152460119274,-0.156262853920563,0.10357470033366,0.0569405234366817,-0.201503443347114,0.630972640880837,0.603043529128776,-0.545561579471646,0.214273485287984,0.299927162388933,0.438445905335785,0.617634449146694,-0.460176314131075,0.0171339007158541,0.0310401301779567,0.40327604646671,0.482343041531044,-0.172681316135553,-0.120613955933944,0.108841102316928,-0.149002687957093,0.202567171689751,-0.324392472755481
"6589",-1.58650766089917,1.80102521963419,-1.15157035568536,0.199696514609223,-0.569400163792252,1.10679334758631,-1.30432370555579,-1.58220432049428,0.834003946706627,0.135705129601701,-1.11424744681292,-0.75779259881577,-0.916528749299785,-1.59356591403383,2.20512258843075,0.422883645204225,0.172628816478107,0.802426398578294,-0.457786898731659,-0.0797792355421517,0.620733207655054,0.28115824835731,0.420205888679164,0.588160024160669,0.979293460681259,-0.317547323477462,-0.399511963433259,1.47479907692569,-0.0926341702957351,-0.0261473315205604,-0.0366055721824673,-0.495037495127219,-0.502368119146932,1.26605323375443,1.40937029892862,0.664215042307945
"6590",2.84224652813947,0.299575297042106,0.62428795738287,-1.54406431388722,0.866337079034638,-0.385365757174903,-0.870251412979907,-0.439866852977361,-0.0801428786787336,-0.356162971419366,-0.973709917465772,0.567945517403598,-1.04322726579409,-0.00498123352393941,-0.252378887235909,0.215909465999691,-0.139813873750276,-0.470975184198676,0.404910637848214,0.195270181569039,-1.05827687595955,-0.831783003286696,-0.665753923743418,0.0523065150302464,0.781555604857341,-0.941652661327881,-0.589814295033458,-0.360051590201026,0.441737747054477,0.269625892205836,-0.767222935111156,-0.929522191354418,-0.332143805062901,-0.535626752478077,0.491161458698399,-0.257937101238689
"6591",1.9448270652406,-0.149521988995007,-0.410707357820965,0.994953423470972,-0.214920497692874,-0.215986699694516,-0.665883845977395,0.236463045792185,-0.401001980647554,-0.170297054359011,0.562901649818629,0.0100618912454689,-0.401369405120885,1.62668842224526,1.16375203709128,-1.83825223798397,-0.15225424673274,0.68873196438366,0.0709416938609912,0.372854948659664,-1.151578513069,0.815689017661467,0.281516851406051,-0.47305341778034,0.628657741804043,-0.1725390490007,-0.132025726526677,0.242061522605246,-0.757364243914893,-0.191550342226975,0.324853791918415,-0.504474329144054,0.180877134498177,0.404769901244168,-1.54634443266963,-0.0126434193235917
"6592",-1.15650681425637,-0.983915375371383,0.0826105762768225,2.11287525338277,-0.148753141771302,-0.867224061199262,-0.95264656009467,-0.497008999434462,-0.950308301303822,1.56586527496138,-0.799313966248214,0.558016963970561,-0.819869698557849,-1.21781316833421,-0.782897071937971,1.41816155345273,-0.47599574004897,-0.589267371689893,-0.298581241279811,-2.39540661947516,-0.552340732275202,-0.320541341523574,-0.543455712421049,1.58668634058558,0.823984335049614,0.844240653469132,-0.00968391535090073,-0.122064044522815,-0.180175957256044,-1.07159198447405,0.18685969299958,0.13387917470371,-0.0296040938317159,-1.20045516111162,-2.78585992914929,-1.0089454371348
"6593",-1.23837600926795,2.91972960567688,-1.4277162367727,-0.808971512267921,0.457006706415217,1.28300125619563,-0.47364825897228,-0.344249651021826,1.01338097022035,-0.262068812575532,-0.735915602884783,0.0402240961955344,-0.286713170700893,0.427091253329824,1.63613430696564,0.272080954071303,-0.321258426758415,-0.225938807138339,-1.85732367915925,-0.144693219279701,1.13820504860686,0.170661245545405,0.0823279394897497,0.228073258995957,0.129238825073302,-1.1343627762552,0.106617608412287,0.686896696450571,0.0413855500906197,-0.344505107732348,-0.804902470182678,0.615191185655878,0.516271649699357,-0.0265795128909417,-0.540915032966926,-0.295318733470753
"6594",-1.84402176445456,1.08752190697585,0.390138877904531,-1.79462474134081,-0.29044915283602,-0.681433658609723,0.638768471979809,0.892862749990436,-0.241314362730157,0.961980950673796,-0.198747841808925,-0.75416269251262,0.494825494311587,-0.25798364205096,0.0131095417617466,-0.237747608860332,0.731485746646759,0.465756463614514,1.51350150314921,-0.0834484883779452,-0.615991739793171,1.03497092035849,0.191425661505723,0.26621362827373,0.379515798728919,0.734268748887852,0.807684636031829,-0.704707382752311,-0.710293041878671,-0.637506284308025,0.148777840676596,-0.16086054804882,-0.503876547510149,0.107760575739784,1.04168314886759,-0.180469359249691
"6595",0.453880951410004,-0.54692733513152,0.229557901729558,-0.269770775627283,0.964408078843756,0.0851256166378288,1.11314454069683,0.130243780454425,-0.405047927630531,0.0724681442667627,0.594224516060561,-0.12457894197989,-0.595635464692185,-0.538327667283662,-0.441590233137988,0.405814027565724,-0.208424367622997,0.684997146094533,-0.206904936688862,1.1044058249458,-0.282096902581305,0.284759099645919,0.258360513106284,-1.32560053779722,-1.06558978089785,-1.59284596798942,-0.330683539037167,0.325996747797686,-0.0600854848117282,-0.444683206828932,0.691214663466314,0.167130222317895,0.18862980245474,0.315502359920779,-0.52178794481025,-0.633945676129201
"6596",0.684932566634773,-1.4234305536675,-1.76358793166024,2.01289736812594,1.14297366729202,-1.43508895486801,0.705965687541959,1.02870844998379,2.05615096188414,-0.639338481577575,0.354976401668195,-0.86158711815484,-0.171781600460944,-0.267595191754571,0.785299681310003,-1.10069077487725,1.5112787737361,-0.204767748952075,0.272887108737935,-0.0812206648495965,0.547555527537306,0.370994988434837,0.218972446751883,0.787177937969396,0.632575160048036,-0.278953606081262,0.0904001069526846,-0.0937720564151578,0.657015006626026,0.192218946778191,0.0664602534521975,-0.663550681305228,0.263016927378061,-0.441392357312033,0.66695509161433,1.10347437815057
"6597",1.3508237441751,2.02198527520734,1.70702916184533,0.358115741599407,-0.130358775092928,1.1362540793447,0.0735110240107396,-0.625849764073814,-0.30558967003767,-0.783484009974678,0.459961423051226,0.825095501363902,1.73095696188633,-1.50819691780343,0.36846835455371,-1.05360180618499,0.0766122387763168,0.459877194071935,0.588084039349322,-0.147068770013619,-0.636285363864748,-1.01200402202025,-0.529032030629305,1.06821617674917,-1.84806781993772,0.957727018218602,0.28595465481985,0.0244308862259618,-0.195405081187156,-0.522941801114813,0.477148221195969,-0.827633132119653,-0.0426278103847511,1.56984455236588,-0.799204581239692,0.400945379562577
"6598",-0.305793393749735,-1.18554548797546,-1.3377227098225,-2.23705165064066,-2.66074790099672,-0.808505581728896,-0.786712479181059,-1.27817522228439,-0.479158761044306,-0.593324848807723,0.1048291901093,0.0702351653117933,-1.22047713085005,-0.424348366736832,-1.18320441750562,-0.718326364029172,-0.805322729343789,0.508425244474549,-0.802234731539717,0.0841147818136812,1.60600131835025,0.339221699432694,0.976534148920322,-0.306964060943878,-0.694143874358637,-0.0183280844348676,-0.250624102890031,-0.639035877921376,0.384268829214673,0.423073620984397,0.488727678043637,-0.587316115450424,-0.0851999824105217,0.231699735623779,0.319708135755656,-1.0662960055135
"6599",-0.199306561587956,-0.578303194579994,0.674032669005039,0.295805986730068,1.44978160992845,0.275118925533448,0.570584912630147,-0.248637295188398,-0.308367907596139,-0.24410232688044,0.376801338398614,-0.179786980023147,-0.554764275834445,-0.931199856389055,-0.660518459951095,0.302588419914563,0.0214545953847124,1.09962893599688,-0.38762854228984,1.5568300374359,0.258069690749091,0.100523197792432,0.412426149002058,-0.940951676355328,-0.983399953830485,-1.04892254301212,-0.192269001034593,-0.129506328311701,-0.0821160870690971,-0.192989071381893,0.571278761192358,-0.29709889972256,0.093709238816016,0.578042807860654,-0.553186179583117,-0.642376137297522
"6600",-0.293983398236332,2.9883420620298,-0.277496608195468,-0.606436316608592,0.372633911811882,0.0153667913130386,0.0192992773913558,0.726563638760128,-0.939787670564875,-0.414229799075794,-0.147233944342453,-0.873873008037,0.30573839971426,0.837410614495373,0.316718785649171,0.381155249605398,1.38223333518416,-0.768040070131121,0.0411335689348245,0.626241356810777,-0.130598818936535,1.16994535392685,-0.868762331157108,0.243229878417512,0.669411000749882,0.112173782225762,1.31496989402191,-0.713792891128049,0.709309608401686,0.398360895038629,0.552396043742417,0.868178151119455,0.24309290688817,-0.835339942615236,-0.753566094872323,0.402798891149329
"6601",1.32091511469991,-0.679291562850016,-2.92620040565937,0.212872413579925,0.609765975777675,0.194383574807965,-1.73627176312376,-0.194411725770299,-1.03538252433391,0.21272788359841,-1.06309678481317,-1.39270914075618,1.36833750350358,-0.66377943912755,-0.847272707461279,0.780445272893727,0.62443039584825,0.142750830566559,0.833806705908011,0.0686280504085257,0.0743690718864033,-0.601772880703884,0.723797356135842,0.278120000229127,-0.00985302919435991,0.53244102914367,0.220610129238775,0.677584388204148,-0.0998795362764043,0.28711446344533,0.128587439791581,-0.304589348366729,0.488488858703229,1.34275181961194,-1.03553232895728,0.0279614750022469
"6602",-0.425576312650985,-0.967572825462497,0.442893218740911,-0.58397513307931,0.861862076763719,0.115489160911496,0.222535238606028,-0.354094963883515,-0.394461765428624,-0.538184487081071,-0.142636028668057,-0.986922254705666,-1.22859707933532,-1.53697122328278,-0.80867430900797,0.0720254087457135,-0.572126762529932,1.04191769196838,-0.00151158010451954,1.33886053828975,0.317948572550774,0.382522896361522,0.661143986665982,-0.742393197406685,-0.46237581339966,-1.22615720690807,-0.210381293182747,-0.195974388655053,-0.606316298868168,-1.21799910438147,-0.507639699810814,-0.718148478157859,-0.000982906104284823,0.0713643571961097,-0.719389128823206,-0.11625635645471
"6603",0.281908394285709,2.61130952413368,0.948011003906157,2.47830630210965,2.02698143536825,0.553332554540291,1.27105226025143,1.10697594362133,-0.574812035563502,-0.533822306278778,-0.218717958115858,-0.141895902192578,-0.334142039333588,-0.670458104321391,-0.406952310419042,0.408100532667446,-0.424669793633316,0.775048184969959,-0.291792477833045,1.77666193159729,0.94378215672952,0.334116848470806,-1.26622369967119,-0.711594102777608,-0.642597937563597,-1.41097233004619,0.0946022501522541,0.0737801945365481,0.65411626620027,-0.265879064923159,-0.749395020220388,0.685065243064682,1.00838251018128,-0.70611785870249,-1.2750805343549,-0.375192225797067
"6604",-0.23407030746237,-0.448848789887398,-1.16381466351132,2.49749258364867,-0.375611416700648,4.9915835367305,-10.119454069294,-1.73132480398258,1.97233333065607,-2.78051734656561,1.48611906512914,-1.21773979345498,0.808210180831641,-5.26763773272599,1.51333586245324,2.4608528150382,0.0746384945100196,1.05317373817979,1.74485261808407,3.40693876675007,1.37185991462645,3.1635096396689,-5.68328910105642,0.690624130587081,-0.0297175911108988,-0.0728091770316802,-1.62395774680533,-1.75643616509537,1.03122817832602,1.87334573997652,-0.216026665213654,-1.77650704396583,-3.06659285440339,-1.3609300309474,1.64231973189821,3.52235023870232
"6605",1.65382566663294,-0.957425416100712,-2.36043561469746,1.13038997986414,1.66198047869254,-1.0323817736934,1.06148819324749,0.732671717601746,1.24634249250265,-0.862638769262718,0.85937941031225,-0.00661846225412148,0.106859934949286,-0.430503969176946,1.26825400033891,-0.608056364624089,0.472808525876262,0.302066941666676,0.71075988745741,-0.649762519021863,0.398559655043173,1.34777580738143,0.336948835113785,0.446268165748839,-0.314593204647285,-0.103452077156785,0.118113500755323,-0.415630481582129,0.536668663467608,-0.338158199124901,0.194498658406816,-0.365208525739875,-0.0148394230369185,-1.41813958758344,0.0841582958351022,0.892132124916012
"6606",-0.884690577191427,-1.02123625747194,0.804911738153606,0.00841243931025782,1.6792250340957,-1.97000519291732,0.338063340684725,-1.65669706554629,0.75629186299822,-1.90205650411882,1.31425411747362,-0.991667594944604,0.161205004998147,0.456172688659912,0.962300470305795,0.803152888561238,-1.14823609629169,-0.454784850930625,-0.0593012640725291,-2.56095932702548,0.81042936413753,0.272939217246158,2.22347107169431,0.723100428562805,-0.239656509886469,0.310554553463958,0.362057794579784,-1.12961322982633,-0.0566876942374285,-1.33470285891079,-1.16345307072428,-0.872858704046075,1.07613991153792,-0.471251952053548,0.113945352629591,0.000225283534046319
"6607",-0.48307299793075,-0.902511596492602,-0.451643193449348,-2.05451581281192,0.620266306363347,-0.478354063496513,-0.299525302104379,0.0879093448166366,-0.988664995887099,-0.461508470193501,-0.381168111994377,-0.15629677616033,0.0903881038896648,0.952913143491766,0.523723759217227,-0.202822459479905,0.365638464188027,-0.255820755706836,0.177931437118166,0.768401586559999,0.0226926731808966,-0.0943342933196405,0.0633064415405604,-0.0925099583779019,-0.648634095380096,0.607672644193577,0.131845034027315,0.0426702809408767,-0.505273984984986,-0.147111345042216,1.02375149815917,0.220023843850121,-0.233679236890387,0.271832175970785,-0.00417628211419188,-0.299964411457861
"6608",-2.03474660103228,-0.01718817899348,1.18166658489899,1.30028367771676,-0.639797679688332,-0.498559325419448,-0.165881699015885,0.248702295044759,-0.209386640422091,0.873903441979286,-1.60450995167093,-0.861614486664517,0.117438031591606,0.333137967864158,0.934282131591906,0.835515509539014,0.406190189597536,-0.279988738039195,0.573412295841366,-0.937054656863642,0.521605154972559,2.25677121422205,-0.533742884015103,-0.0423140981252148,-0.965579489173279,0.880497142562003,-1.05819383006804,0.128570754969818,-0.966349358289641,-0.756044481078686,-0.313479047022461,-0.495718360278061,-0.24622948303175,1.01975494866503,0.300451070716377,0.897098008140805
"6609",-0.237937572581225,-0.85288948681198,-0.478216200018283,-1.98954587696115,0.448381616327112,-0.520113806118944,0.0145554938082398,0.381019975186955,-0.878269307474567,-0.376033353208775,-0.31936145224086,-0.12099677172091,0.221969225342966,1.17218758349671,0.248678343826767,-0.502289393106353,0.307414128432701,-0.510829543577413,0.159389091361721,0.728041412946904,0.0553419566319072,0.149822880555987,0.126848788772284,-0.00829242147121846,-0.193945700989225,0.374613940865839,0.07498572979255,0.203569569632508,-0.65229181339505,-0.341744265500422,1.22893513846764,0.521060964937034,-0.0433248757134382,0.26172824065481,0.0507694976509384,-0.285124381145114
"6610",0.752268911641559,-1.065683346073,-1.05569660711706,1.37328360790818,1.60820757329968,0.793038819543422,1.43679141431832,0.283473960615017,1.03852751942647,-0.0400291677466894,0.61949055757627,0.137873700050481,-0.321760471710896,-0.458448668940483,0.00712865348168045,-1.29486187008281,-0.28893396107753,-0.384165011910492,0.12764234006191,1.03291261726671,1.27772111964591,0.489670157941701,-0.214865919028468,-0.465922815344599,-0.010127063868367,-0.128454834940557,0.926818685487935,0.262815462422735,0.295433887434196,-0.0204867471741063,0.685089589821734,-1.25813195203563,-1.38420396547889,-0.543215828035817,-0.943591229089543,0.499112644010463
"6611",-0.158772341425441,-1.57162752697866,-0.715372062377124,1.569697601731,-1.51330070923572,0.435582797484753,1.72005054358239,0.710620726087679,-1.76557896073788,0.119165731530571,0.575894553466761,1.58662579603048,-1.32692786513486,-0.157850190581335,0.0378519195102721,0.625200157722884,0.429797333505401,0.339315663673772,-0.121581544348503,-0.228164076243439,0.406833756199086,-0.733546111374204,-0.841360334987594,0.623489705838833,1.24774227820712,-0.551942130935958,1.12816879993899,0.763824945153361,0.937013610430322,-1.08681659443289,0.556650243175463,0.388932664885763,0.0614733760964783,-1.45302577366518,0.28444015327011,-0.96888574383095
"6612",-3.1644326966353,-0.30330716674853,1.74715846825807,1.73750999652852,1.80699503323539,-0.113810633220995,-0.789484593176585,1.61669741103958,0.757842678405165,1.45151321420639,0.730367007346469,-0.676437678021884,1.25724935811363,-0.569682139471937,-0.87804545460602,0.599883019861356,-1.0587895762691,1.53008794201123,-0.203374328573167,-1.35895451950588,-0.831727671697781,-1.05833630547784,1.40020613322406,-0.721958030971134,-1.30633616027076,-2.74095287917848,-1.27516230689621,0.587008555079049,-0.719287367080689,-0.264973938884976,-0.0226626998222305,0.733521246986989,-0.186003741270604,-0.944374076819973,-1.28675327838301,1.02819671730428
"6613",-1.79645236316898,0.224339835044691,1.61385149267624,2.58513050675725,0.630133258981667,0.405467165834198,0.247941673674118,-0.754700378718569,-2.11891285811926,-0.997557447804331,-0.862381436011528,0.944075781483464,0.253680749539794,-0.962115618352035,1.07686307063549,0.0424589267215419,-0.20133400568427,-0.471102185913033,1.05557582599863,-0.19849924923549,-0.425631178500635,-0.662270015578812,-0.36753173747086,0.752349880472191,0.653439620605463,-0.690680312214553,-0.319698674606381,0.164032125873853,0.96139970027871,0.291923188140201,-0.307101605828634,-0.290059361415677,-0.302727535787476,-0.174816927343766,-0.266810416643656,-1.43326417530775
"6614",-3.03318881420167,-0.0315840495575383,1.39736509678665,0.0264817426061635,0.301573585421897,-0.209667928821847,0.329168615488423,1.59289930344697,0.076728293443724,0.124471392943204,-1.22937158171158,-0.840705345340954,0.618292494966865,-0.340505855367769,-0.0723297947309708,-1.34314857674977,-0.386038593882006,0.91038738241354,2.03613353363072,1.09003581963462,1.85784093008241,1.13397648612862,0.840202114238448,1.29156972285501,1.55446453301907,0.808983226958076,0.168983121695914,0.473523075076905,-1.5046906735628,-1.60545666419085,-1.07060652012038,-0.0412655821137175,0.292833415248218,0.227541129298542,0.764437807692452,0.666427885580855
"6615",-0.656868243358732,1.9137834442495,-1.65785249411403,0.0962911683139207,0.238409640461185,-0.0396106304665319,-1.66759154719453,-0.960822434170969,1.02364715719049,2.0230364376063,0.278111580864568,0.100092268046015,-0.573588765736977,-0.631595599130699,1.06732457930433,0.953890104111203,-0.448052922513728,0.224299614675833,-1.33966557226496,-0.781772990603473,0.532531989399979,-1.03950352782647,1.54092090123846,0.983131706214736,1.24248919143434,-0.132856602549596,-0.651543566776014,0.429222338907224,-0.47397142427841,0.193475918786716,0.717203404953602,-0.157557547271373,-1.15699209272846,-0.0625487080127266,-0.488985126551257,-0.615424301745594
"6616",0.28644185893279,0.322397182230555,-0.0483870648680543,-1.20264938877389,1.79672429657856,0.159868593395997,0.136762485422131,-0.124416810749996,-2.1789238423015,0.114597810313904,1.48423782075791,-0.206469129997087,-0.638311564672894,-1.06853710543861,-0.59931625841858,-0.798093873335615,1.86363064899371,-0.791125967395784,-0.937039549433487,0.0721012203761894,0.513987661592371,0.548075952343891,-0.587595243162916,0.29956001770901,-0.457010309601205,1.2166723785239,-1.90403958936231,1.12040236885453,-0.0356887714952927,0.543994191679501,-0.797592998065535,1.0595768260337,-0.250776128478928,-0.457901727419224,0.252554468262522,0.407337204316313
"6617",-0.852386550899928,1.08041551795812,-0.872139087814633,2.44145731982377,-1.04306447802621,0.0457407707723507,-0.761511778906142,-1.401208480811,1.58931044530726,0.185575415336845,1.07701707808741,-0.937920938515272,-0.290318378619328,2.01397313495276,-1.98883916538923,0.41318764182657,-0.698756032323411,-1.34137543565963,1.74085760819804,0.329359222397632,-0.740500869220003,-1.2329018539589,1.56584943370513,1.84675659786436,1.23344907813674,0.238648540939367,-2.60455158158519,-0.626871778922998,-1.11877967124523,0.656385410704974,0.395742151178876,0.245251953386733,-0.842191267874771,-0.460501113231116,-0.744670526450739,0.19055785321707
"6618",-1.24352817417917,-0.649889628937001,2.41119199469328,-1.39264591339996,1.97883401010673,0.485487012981545,-0.248988488476826,0.133421234351119,0.475061993887989,-0.083623803851021,-0.123032633163844,-1.07219282678323,-1.03149012187042,-1.76393461277417,-1.25234064901779,-0.0880235574875443,-1.45102035148688,1.11642563562054,0.18516943061762,1.30303796661061,1.10951541288198,-0.131747775107399,0.72164157691239,0.520100271342033,0.430471484616272,-0.995095763039398,-0.290144586647947,0.293270803242594,0.573173765033301,0.104577971862683,-0.361514075662866,-1.0283296291632,0.474809138897523,0.569053221271948,-0.605924058412696,-0.274025023735116
"6620",-1.22710131886499,3.02929209534677,-1.57923769209921,-0.767779289366895,0.827344636567736,1.55447312129043,-0.498773930004059,-0.856779261620838,0.620971084395031,-0.53325341309817,-0.745117069504993,0.0474690968786132,-0.610277147258852,-0.279603369885355,1.60017550517435,0.380764008743291,-0.724855993547732,-0.0396078774094735,-2.1372534588541,-0.427336290420341,0.998849834670388,0.145686162679483,-0.0130100973799286,0.375354943730779,-0.106911622531728,-0.579498796759721,0.00851493250806422,-0.00323989916885662,0.0973804744261995,-0.220116664727235,-0.593737479078962,0.263943247167682,0.611157085404429,0.354514576328192,-0.857213685112076,-0.671945373199271
"6621",-0.618829553504147,-0.432703574699889,1.653952673651,-0.905936235237408,1.8880596084881,0.243870639677489,1.29068025400128,0.407228445360775,-0.225255236926761,-0.0347082411382097,0.0621951746646464,-0.622611096410077,-0.668185571624055,-0.638947301578219,-0.879429433031002,0.311386558746233,-0.503939825112914,1.21620035711619,-0.329462983963859,0.8125931841814,0.18652274410496,-0.00816010777567922,1.21175329665254,-0.687639913256833,-0.893493035468324,-0.921785121145102,0.470217153005728,0.87407442360842,0.379803282030322,0.131609551140597,0.84216380449986,0.462436173184135,0.715356782724119,0.591377256620432,-0.611600013512173,-0.859874502840949
"6622",0.35576015502905,-1.08040792400843,0.338050600101931,0.085959670349176,0.251702722630641,-0.571969053160227,1.27079358030229,-0.792069401968473,1.23351190054149,0.143280692066496,1.48776472963562,-0.822792890877685,-0.516106840351551,1.08449754187923,0.197945099486432,0.380232357489505,-1.00900308509763,-1.76013433825134,0.171460110242226,-0.266886060328906,0.900934779976315,-0.341892660987127,0.121909760414146,-0.307779374836928,0.448946586300961,-0.0155026437369696,1.63606362766111,1.83819705568772,0.322477202280682,-0.872459950786897,0.184783975600048,-0.429123082659716,0.0204527427096635,0.296474834809697,-0.124852465195668,-0.161391117724317
"6624",-0.270488518844208,-1.14531548882668,-0.817129559653264,-2.58961428615577,0.274949890617909,-0.56706021218105,-0.0677482234719199,0.390122906806735,-0.758179955702801,-0.0855709767732209,0.210415460010869,0.556962592602959,0.354107115719785,1.17666186284695,0.625625713455794,-0.248639909546965,0.113743276484297,-0.504454589554682,0.517217648856657,0.917981814017117,0.0434866314236844,-0.521056304341257,-0.586712586602304,-0.685230328747617,-0.309536990606842,0.454742972175388,0.0992118652970837,-0.272244700078378,-0.813084035791983,-0.51172526483317,1.0904265026506,0.990152773384966,0.275513355395023,-0.0516191769284365,-0.0628253770866256,-0.0898985143199139
"6625",1.39680450506049,-0.508512801087648,-1.99765991713746,1.33603285037731,-1.07992343108725,0.231042823212075,-0.59649528411064,1.80906578954745,-0.907021676408282,1.08327462192964,-0.839323442966381,-1.46268376056104,0.624698637753886,0.13283136874058,-1.07596492430881,0.800073710429383,-0.65548886535965,-0.687806469285937,0.52226137142965,-0.933896655279837,0.655725596285973,-0.916071484672366,0.424426687018026,-0.126610816617117,0.469878415354862,-0.241046072923776,-0.154451065399563,0.323268187873747,-0.19349768698254,-0.135689579287001,-0.627563598026412,0.379097751124407,0.430733882578311,0.0575325946301168,0.661071340826191,0.530633851254497
"6626",-1.79323871589223,-1.51207826891353,1.02143616003642,1.84669176477135,-0.180247706663507,1.1740079895687,0.67544616517734,0.640909911862273,-1.50632108412286,-0.894187043034362,-0.20632695174511,0.928532756473809,-0.455727394019224,0.0128941162969995,-0.193213102460409,0.369658545597222,0.0823836869887243,0.175882917343751,-0.728643329917564,-0.6924395092915,0.648658649364575,-0.311689635920385,0.297696138442932,1.1751827736581,0.278181589028377,-0.169622392309982,0.941716971308923,0.463241255502523,0.935976099271079,-0.057563515133978,0.475892632375928,0.102005776976801,-0.33025827078353,-0.796463021146898,0.279790855602578,-1.87149576684838
"6627",2.1145835569644,-0.335015423776517,1.29997364005135,-0.727546092148074,0.600489580441305,-0.38342017185854,-0.844119034244236,-0.596153429423061,0.905568831316653,0.677314291674969,-1.365518537105,0.99855692824942,-0.75191473130837,0.772737402303298,-0.576939312296347,1.30814832527533,0.677987357231635,-0.309024961770531,-0.439045696193778,-0.725659256893758,-0.331642861461304,0.781147040151239,-0.701495983414247,-0.295216184614614,-0.443560368921253,0.282449471332821,-0.156700675255594,-0.407940552060023,-0.0701134356442281,0.0312571944131122,-0.332477244835859,-0.268501037085231,0.248414994225909,-0.107630631450952,-0.200465374734415,0.243677547050084
"6628",-0.977635602752176,-1.21221220675892,-0.33913010256578,-2.17536724489987,-0.221797843367672,-0.526607769053765,-0.146092318733442,0.0853327198285474,-0.822071339024142,-0.194083697256655,-0.0785770862085974,-0.551035695561547,-0.12239977333306,0.918431200900062,0.715021375527056,0.159592498504261,0.731693496225184,-0.169418328317982,0.441348470268396,0.633427289964968,0.369148949226873,0.231780339211647,0.432495247176107,-0.123564253900258,0.304635066965529,-0.215201547700703,-0.216719003046001,0.460141576900866,-0.337850498554526,-0.523642927683245,0.442446419741101,-0.542601865372747,-0.37095849785805,0.429937241381249,-0.163885776046497,0.0796066511573064
"6629",2.24229749214861,-0.0883975049433907,0.243236504954691,-1.6068111947858,1.32216804347594,-0.0490039449040382,-0.310741875246718,0.206746368851907,0.421390201885677,-0.042780526458763,-0.750417582726323,1.0207589490594,-0.512196080056445,0.139040991560224,-0.550548464165418,-0.0848236948346697,-0.0861511748161826,0.260077251894491,0.431389560346808,0.271644912333877,-0.867709711365308,-0.273955172328098,-0.129646378908798,0.318448215950925,-0.0172516551221195,-0.291103815292408,0.0722457298634152,-0.260768551559466,-0.0505584975802839,-0.0805677712600636,-0.537812493668799,-0.39213717887356,0.0173267529668961,-0.358061337474424,0.317179167412613,-0.677993339400326
"6630",-0.964640066882708,-0.800813183054955,0.385590715721528,-2.30302588416796,0.500015049308059,-0.616189998438032,-0.184845127258817,-0.132821470970804,-1.08986191396812,-0.517132803696766,-0.213375246132032,-0.191608812942947,0.217181776757782,1.03145290785391,0.350107702176224,0.057057444821332,0.514355066283326,-0.0757986217139042,-0.0494230103400249,0.221391449361126,0.214537736004605,-0.565271103824236,0.0607818198361782,-0.278225014301201,0.259513812326227,-0.179402713995867,-0.284935468209174,0.211891789279543,-0.126623523585752,-0.0739838935693651,1.00841834730923,-0.262476782517923,-0.169982875662792,0.34612403139735,-0.0283275461519323,-0.0698933894717904
"6631",2.3030542785557,-0.06829030519851,0.3052498912355,-1.37188556157122,1.18724911140842,0.0632979336799161,-0.512588460710487,0.219148551992344,0.430559701993892,-0.0210423344399652,-0.659221732192959,0.947462847487567,-0.489445329544732,0.368603701095609,-0.132863415772518,0.0470248560087871,-0.00329874286034976,-0.0370996144059981,0.656952406258274,0.507036648330841,-0.838294586115855,-0.153498788867346,0.0371206585991193,0.194025803011292,0.0116710457563022,-0.442750467146374,0.123946475075034,-0.044978719072013,0.135222835618681,0.214883971635447,-0.465137464768843,-0.0209648304776745,0.0328253233691647,-0.4805497038335,0.3138127958917,-0.209276170683449
"6632",0.286797572223333,-1.42944637850552,-0.624074701409039,-1.7496848018584,-2.29467935443355,-0.0240813522993101,-0.0636008545720906,0.101178732639023,-1.0863826362201,-0.387229959791411,0.26728076868998,-0.974596503981236,-0.547345303125025,1.10959680015566,1.02748427205833,0.612661232848423,0.612377097661446,-1.01592246260848,-0.0532077410926552,0.496192490839965,1.28075428628226,0.815798339374058,0.491201057748596,-0.351054170411063,0.410522293980137,-0.578594078979431,-0.899292551109984,-0.922836799781442,-0.310131262857055,-0.0670073616152876,1.33862755447707,0.773931832042772,0.010844722595041,-0.029441142764868,0.493660684084006,0.454602898730162
"6633",0.010197391835339,-1.5625325876572,-1.11694028681592,2.62512171248409,-1.85512381076893,-1.28443928603169,0.824041140539478,-1.64530957322987,-0.427058862825746,1.30444556920823,-1.43168941051527,0.753137675380211,-0.954216599762329,-1.06153835817267,-0.682096976220828,-0.549349969202607,1.98093561650415,-0.0707891565117465,0.0578444940641699,0.312221589827434,-0.0143492556025346,1.00634053201165,-1.00137425192408,2.15507338952194,0.439243594904946,-0.48086107406549,-0.501226221902352,-0.261953487951465,-0.163081931643582,-1.50296939487951,0.501341825333587,-0.642230347832849,0.824521483415556,0.479301748116844,-1.00173971303341,0.642921716137707
"6634",2.18342138605881,-0.811530772705777,0.300053416522669,-0.589277447816843,-0.954418159019029,0.577485396272665,-0.502674998732278,0.646787670071146,0.929872936041046,0.193803318709672,-0.697782152032348,-0.375643060113413,-0.986070221621472,0.579969270755934,0.0137904805536282,0.557197809697648,0.781566492334398,-0.0477145694381065,0.0468488378215436,0.368221386348314,0.32178887663236,1.04863961930114,1.14982946539835,0.900249131522918,-0.431805007724937,-1.01873562364009,-0.453122362897341,-0.430990785850045,0.410185441119103,0.726332264016729,-0.373575564239,-0.197523691996572,-0.257993733894716,-0.228542840523351,1.16518799533636,-0.0673286865266485
"6635",-0.241118838617385,1.33568964774825,-3.39717350381922,0.436562414444006,-0.318257909915648,-0.600982377719756,0.288298215022316,0.0106890075496985,1.7542518317662,3.95858360327711,1.39091257219512,1.23674630501308,-0.709109670541042,-0.366236607251095,0.341093544905317,0.128626538930526,-0.271396405692506,0.919501077018996,-1.55471611879734,-0.880597757573994,-0.0244601251295783,-0.999436458884405,1.33781164160449,1.45977211207766,0.880048361003019,-0.87924626378466,-0.887816609204014,0.413283466398406,-0.820337686154077,-0.903295977364622,0.979555212501265,-0.616088915275887,-0.700998017920256,0.192966196221801,-0.451893762639843,-0.181944561905408
"6636",-0.936161807992554,0.496082427608824,0.0464716207483814,-0.263794434386036,-2.52414318517448,-3.07015929010807,1.18865569779298,4.94941000954832,0.620324434157792,-3.29580951892951,-0.38690611770224,1.52435817436956,-0.183490014886297,-2.67573970496343,0.5881033379419,3.46129370174596,-1.12910306459899,-1.16153214730148,-1.78659875684845,1.13579553894399,-0.669754608492608,0.0781652094349402,0.448928901347356,0.154146068645116,0.962412785632101,-0.236772601287167,-1.01279275217138,0.559284949962936,-0.637331254370989,1.14625294450591,-0.392646968550096,0.0742169124866958,-1.23449127589834,2.36262938209084,-1.34957169653394,1.50962846337177
"6637",0.409457408558576,-0.866554822852935,-0.0743178748068246,0.558269760657812,-2.14380528583909,-0.20344413839387,0.375658458457088,-1.47166281266217,-1.89338839523683,-0.896500093105344,-1.14240121295114,-0.198808619018729,-0.470416554246078,-1.12301620651419,0.50681394611571,0.132219608157412,1.03918921728162,-0.132011367020758,0.3237567899032,-0.00905725802133206,0.370588518177272,-0.220965209755779,-0.192508805598976,1.54079067867994,0.144935244079731,-1.33554062279109,-0.901194564972213,-0.82127454965293,0.932837144047251,0.273412799355625,0.972016835671067,0.436227304484038,0.278971365772039,-0.424915087486905,0.196895741319045,-1.2197130441039
"6638",1.06832324818444,-0.568767049665773,-2.41299153457261,0.232822309103735,0.653314647411573,-0.195990190343666,-1.04260681850709,-0.431219719767862,-1.23967410981957,0.684961337612304,-0.250503930368834,-0.314000354628068,1.8418748543828,0.00168489300914066,-0.758223268101511,1.0461109516579,0.785592737596184,0.492243758977319,0.773847088477972,0.0313265454761187,0.476189260539292,-1.11356794961971,0.975304349806487,-0.405018992939076,0.0904394838780209,-0.338966725927987,-0.24790252219767,0.00900386843242581,-0.0989918820663567,0.0239821081640627,-0.168914397569693,-0.82888928561359,0.252325657623275,0.887980630454379,-1.21947183427558,0.189563031506209
"6639",-0.368347567052314,-1.20969627106151,-0.457859559568713,2.72709586984306,-1.33913881372612,-1.38397400201289,1.12933423552231,-2.11693575229556,-0.742943556617072,1.52288322967434,-0.518119952149532,2.12074678299587,-0.0200677997513609,-0.457113133910369,-0.338912008599467,0.333618914156297,2.72970060506126,1.44081643440527,0.195185775797692,0.376112777126538,0.776112161690083,0.736051760351855,-0.801230402243582,1.53264241803104,0.286285700448138,-1.18362516468646,-0.510440804137036,-0.141486327369663,0.285128944786175,-1.55597859377906,0.458531632452744,-1.22802895446731,0.275211468183746,-0.378163806196018,-1.17661240376748,1.14390095915118
"6640",1.33860684165632,-0.539910615560234,-0.79487647669834,1.40241437136807,1.27791129660718,-2.00571364882321,-0.212787452295916,-1.29672076613099,1.19737365801866,-1.53199853337413,1.53314150978842,-0.482863549043112,0.299798793015616,0.505903302321237,1.14753860834673,0.87491962062468,0.155811454677364,-0.665169469529473,0.242438066951055,-1.08882883480426,0.566402612245029,0.272006588145908,0.0615601647990392,0.975190629169965,0.0522215509568156,0.961058781366538,0.746301720385365,0.064784445204509,0.497199056673584,-0.590393349965549,0.218431993048504,0.0346980245789785,1.04919381252248,-0.341648294013286,1.00183039029973,0.0939158752321944
"6641",-2.03312941892206,-0.265601414724251,-1.60220904062942,-0.0581241432727712,-2.11926139683272,-1.2765716539484,-2.18218674456002,0.686217271898054,1.72884196212703,1.00337635090866,0.123194013539559,-0.603460949390414,-0.447839220703956,0.762550905135829,-0.961718687873842,-0.70959460149788,2.12429449161437,-0.872732000824644,-0.238176917239156,1.06036556922155,-1.5010747316924,0.203131605617271,-0.443346904667752,-0.72504555092498,-1.25396689991852,0.41653656656289,1.52698073930547,1.96682555401549,0.936412674866647,1.74069895252513,-0.521592590758227,-1.90372364659209,-2.3442099949931,1.45625657351601,2.07842228274534,-1.95379375981228
"6642",-1.15846640318801,-0.366370070220739,0.916512340485464,0.229477605976205,-1.00522044143633,1.10701724143656,0.653016360849525,1.34163950792363,0.657639712852166,0.839558353341871,1.18646022617946,-1.47427070828037,-1.39222254156526,-1.09934216074645,-1.02561921219101,0.907358084618082,0.114750742244885,0.432540655519523,-0.505641164317429,0.411966878470023,-0.0108805009930899,1.23152594855704,0.876334643035944,-0.957287472292975,-0.281347206489897,-0.95070305516391,1.00605964396271,-1.16176265997844,0.0443262309175822,-0.035488492706838,0.408745346070168,0.478442575659515,-0.158607731707067,-0.246093215934927,0.968671434460874,0.20260544670873
"6643",1.41270734103785,0.969335171181575,-1.85344240427555,0.906356070022611,0.0414057896978893,1.22453876594703,0.502555644051138,0.0385295336718457,-1.41096986503669,-0.989640188394692,-0.696568039844753,-0.780993954476305,1.47441018764056,1.51246445067161,0.585087527808787,0.489028818084622,1.06146542015776,-1.26941265877275,0.786666124420864,1.62306128902123,1.7335982895057,1.26997814621006,0.705836960001988,-0.652377842874814,0.453680622941917,-2.25640907951314,-0.0884061253894657,0.524793446368694,1.27797316832362,0.202273092333272,-1.66590721852499,-0.465863847916436,1.63741163498748,1.16309195368239,-1.47995627189063,1.45867706355559
"6644",-1.72597766858546,2.85222821055556,-0.989933918285424,-0.535132894705084,0.397045662278782,1.00516355437821,-0.297308683616401,-0.810472892266271,0.92324201991263,-0.146707489362672,-0.517357840940503,0.288084792592033,-0.516980335816426,0.211786625723956,1.4493639532989,0.393732676634451,-0.00400172499009587,-0.108320008768479,-2.1672593087317,0.0775545342365392,1.51844379006091,-0.776161596539705,-0.115577002953088,-0.0342499746507681,0.775265618697598,-1.07563155457814,-0.109121787665139,-0.1489055943065,0.0885541964479556,-0.261672015177312,-0.965848804454551,-0.0129065542207643,0.667829549820786,0.389042095582625,-0.635384084971619,-0.492963194118473
"6645",0.824627865001298,-1.67098400152902,-0.428846629576911,1.21696883737189,-2.36768220803567,-0.323629763358048,-1.12130679701224,1.32631905162315,0.965035342343331,0.204825840921936,-0.220619078266705,-1.63388528951156,-0.67493967489061,2.17888624637385,0.699760821173463,-2.02455915675894,0.934629393593843,0.593988325399722,-0.98126940999439,0.0910484540370704,-0.686641431699627,0.696263664684053,0.703780553414112,0.0979650762528839,-0.81920496055728,-0.75944932500739,-0.633292828196649,-0.116943205724578,-1.11426200268228,0.129569126104616,-0.184214704425993,-0.6539343051298,-0.0860979700512637,0.809885249006759,0.0293807503063684,-0.179338175799883
"6646",2.05371005110328,0.643511720090845,1.17658036440433,2.29064081190091,-1.32651205126324,0.213951355957862,-0.0438823471297817,1.42945086806506,-0.825636515206653,0.0263218171754962,0.911466057844851,0.223892818837695,-0.875227914751756,2.05594254065158,1.44987430708534,-0.533754527355835,-0.567664351351459,0.889590818896251,-0.0799906204198016,-0.236048756894195,0.264240230487217,0.344865118524739,-0.367937781681509,-1.21619554347799,1.46859287094006,-0.0732641665308487,0.0822316891531776,0.302560702442921,-0.0515315276601384,0.169499198396138,0.0744174467806001,0.0777647712314798,-0.128334593645895,-0.856746465225165,0.0060411495600495,-0.0336367540766009
"6647",1.33708590911928,-0.628521975690774,-0.807503921834143,1.56338259095329,1.32765153957161,-2.01659704167379,0.601465030324848,-0.889560413531208,1.32714581798717,-0.938218158852199,2.29061964033024,0.38948822283187,0.910183304759978,1.38859809635463,1.17348542545678,0.379394692544977,-0.48107811477439,-1.21457102056895,0.190250326254679,-1.33099937991892,0.4147147284249,0.673412546913448,0.740129470205646,0.695471831773672,-0.452889486442896,0.0673542431428469,0.116111374590499,-0.689641609076916,0.0732318004155275,-0.890018238153962,0.202374957765308,0.287286137894015,1.0948292334085,-0.603453950243435,0.764764560297417,0.271425695778089
"6648",2.10626802565817,0.122324753283419,0.763234999267567,-1.11949436906097,1.4441225552814,0.229216044140335,-0.52239784684167,0.00544032682582897,0.298377901106211,-0.153565233266868,-0.470231998002184,1.12907770247017,-0.197362422092627,0.515874456126702,-0.00331009909308227,0.307960379467918,0.115829170669702,-0.0162407502740974,0.471338374875886,0.382347221706701,-0.707742075841958,-0.160456141022461,0.18226370661851,0.048367906753181,-0.0236893857532574,-0.543801207039242,-0.0874073610128103,-0.202623914271176,0.376513029638266,0.61645208629818,-0.253276782727107,-0.190754840017499,-0.0803484761419431,-0.263309088369348,0.226528587369593,-0.476696616464947
"6649",-0.158601636248628,1.18793293106647,-1.73371943231227,0.506194662878813,-0.917715059057253,-0.196786544838906,-0.178288430207537,-1.25394520483571,1.08339740866943,0.122598672351223,0.91821354008943,-0.686153092700524,-0.542358268244164,1.55348747400868,-1.95674936182918,1.1924013575081,-0.76543614861471,0.00634745633643696,2.07248168043115,-0.441601488845301,-1.2662822067614,-1.61430498495812,0.664803817440989,1.30093456263618,0.591393395449982,1.03299689458145,-1.49451482570565,0.415955074762679,-1.0525969710968,-0.0542365772179457,0.66485567634499,0.977535130569776,-0.538315757081035,-1.21404644914612,-0.790840969565709,-0.315997279174964
"6650",-1.57774532458197,-1.91335649467198,1.04585854026332,1.22876907062592,-1.78268539306706,0.990809035625628,-1.68630678166848,-0.712492551266166,1.20220631983883,-1.54636947004569,-0.530080865139852,0.177146047762902,0.367518907684007,-1.43926901529785,-0.727663909826276,-0.766868770965806,2.68441622672906,-0.367516780107382,-1.30085893982274,1.71119147526988,1.6411593180544,-1.53583003603485,2.30811860950274,-2.19063331981317,2.58636432353359,1.09402877825528,1.11110282039533,-0.758367424904931,-0.917171390517303,-1.18044527172139,-0.20705063865779,1.10917547777712,0.68818817728304,-2.04939126548612,0.415900035871283,2.32659762034918
"6651",-0.12895089851015,-0.590905160028609,0.211960567986107,-1.15894405097022,0.820663013375094,0.137052971774887,0.879606697805373,0.663604330224426,1.83800905460304,0.136630679323529,-0.644753486808607,-0.999225157633755,0.470872509899191,-1.2802039315926,0.67923516604484,-0.957766062139255,-0.732655283461436,-0.374731903441012,1.7495206965968,0.287455101428594,1.01727820023191,-0.479253480467725,-1.52330292281166,-0.793255005779989,-0.407361348093959,-0.270173293748924,0.117562971274163,0.585231154460319,0.295164490915566,0.380706779822525,-0.37147871185118,-0.399913067504213,-0.63371331222956,-0.20790500264903,-0.165161128323288,-0.506076868911798
"6652",-1.1973087931542,2.27977091378754,-0.30516310472084,-0.182577186115287,-0.0109647999384588,-0.0781717922792386,0.365580583390991,1.15638883441623,-0.103417801731761,0.282469520784881,0.254984571478973,-0.704565411826431,0.354007073528637,0.958945633525554,-0.0747431956134585,-0.260174476129819,1.37493593227799,-1.34637657974341,-0.166709373447364,1.02013025684746,0.118574436383073,0.930103096393886,-0.682790897646524,0.401495959885466,0.924335861193293,-0.0109210312349976,0.77464081880739,-1.76724773061383,0.14134242871228,0.187318027593907,0.0518424911484389,0.323541354377108,0.514004599615907,0.0710694972559458,-0.803056542050496,-0.100243104656836
"6653",1.20681670033149,-0.525821239262522,-2.5494989137568,0.346162684671855,0.775949538759504,0.175677427738538,-1.64998937004076,-0.419429601372136,-1.11123168420647,0.226057667047574,-0.944242509321374,-1.25413937433405,1.36798081068321,-0.682333085182149,-0.731413471618845,1.17418103346574,0.891188387466811,0.0964938758891987,0.685944783733471,0.259889175720197,0.324028651120329,-0.896851809607708,0.633793849859396,0.0862994362328014,-0.035563414247916,0.922898049247057,0.127154844198226,0.284056353760934,0.117426322354985,0.733868348142056,0.117800953047748,-0.74119378650137,0.328208688315287,1.85110744914791,-1.07702468053444,-0.94234645037731
"6654",0.209863278355667,0.383069254183708,0.106601683077055,-1.11720615237452,1.87459431201425,0.182684680734852,0.0154738937182699,-0.278500080312964,-2.26354990335161,-0.0155281739313423,1.39938920512154,-0.29419544923248,-0.685517395088716,-1.15917777065285,-0.600730869780823,-0.74870798881148,1.8935477973318,-0.74112225301205,-0.98460145670389,0.0859618006958608,0.594837607613876,0.522195450383081,-0.525814291156453,0.347693078946451,-0.395755121498179,1.26246860365224,-1.91699876817798,1.06587473311038,0.0267720898899324,0.624558919833658,-0.832373908614308,0.909430738374238,-0.32241623328507,-0.431913704610979,0.2351665082475,0.413745092520041
"6655",-2.39242486513254,-0.62207626529565,2.31337533114648,-2.88601333040285,1.94143970913856,-0.907990606296658,1.23516750306354,-0.0391551741189064,-1.46794781349197,-0.331778575158576,-0.999309389211726,-0.720929536216486,-0.660074041971864,0.999993457612281,-0.475162738559742,-0.682404192070199,-0.60841347052171,0.0942196614749702,-0.748079563629938,-0.34737393123989,0.452264504861519,-1.46144882741778,2.34235738921722,0.409747096001896,-0.0790531017430742,0.867267732465649,0.721603683101286,-0.550460440448235,0.00344778905753437,0.445890333734061,1.04325208370477,0.0601520482881298,0.82571679435374,0.826242472529666,-0.524977647644978,-0.490662871117857
"6656",0.536822187620544,-0.556481887678772,0.340775678001955,0.135215563207356,0.550651348703633,0.157951721539751,0.339764511342034,-0.0960911531046179,-0.35273992132578,-0.439169327222764,0.0593993213304477,-0.935064070001563,-1.06396329675222,-1.07302419109315,-0.645447796443161,0.130219182567838,-0.0626441642164421,0.330416737673761,-0.03936374689167,1.61558473844546,0.111520916113461,0.36082670988272,0.0894876303309798,-0.887613345861423,0.253871927800065,-1.41964453474216,-0.191771683123022,0.56181257535378,-0.0871446861525263,-0.480401630326544,0.599989147997536,0.262769186475546,0.364224786865776,0.342934101205836,-0.388206745328527,0.0594925558823761
"6657",-0.542977605162254,2.87025671999095,-0.217376012871089,0.635162846595577,0.310138157962331,0.894065717289075,0.302030723457047,-1.45349943495948,0.401695066705387,0.837292318808041,-0.361355783784167,0.452576238946949,-0.654061283163745,-0.768849494781267,1.97543495589245,0.376999450285934,-0.253302365597008,0.367737098540467,-0.793741766395707,0.0304536244777281,0.958779269418737,0.114721723969514,0.920041540468905,0.57147216651047,1.18427338560737,-0.196094398858591,-0.549593304835429,0.875579921306587,0.534632909975293,0.840982038123511,1.0084260389378,-0.188633731099637,-0.232892152282249,1.50773942720993,1.24351597051085,-0.431768211680089
"6658",1.448884641513,-0.328910281195811,0.0736254246978787,0.338796070132878,-0.885735348959708,0.920529782125378,-0.650493063589153,0.886998784485467,-0.842372717060726,0.409653995841942,1.65188406860824,-2.11310669222922,-1.70842551585069,-0.402023815543019,0.536307564461678,-1.31148900846251,1.68047602106963,0.435713271752952,-1.69601049559989,-1.7333199333413,-0.609075773908697,1.80838679264632,0.311960728381203,0.0569859366058271,-1.57294751537484,0.505689465223736,-2.29343257310729,1.46167115845629,-0.0413023908021196,1.18055723523314,-2.01958123103946,0.369394342086248,-0.081567346684589,0.185546590996412,-0.322073099889468,-0.439563220542049
"6659",0.379386069014016,-1.42797359337436,-1.82096948557679,0.246485381357424,1.49272638322555,-1.05689594572677,0.54296260305593,0.726267962049205,1.60813855102393,-1.32674941484652,0.0491816113451683,-1.21621218151758,-0.28124747400235,-1.22899190474636,0.836709220381604,-0.194154880622713,1.05280332139859,0.773935050633051,0.304843175737494,-1.27047856093442,0.302571690596738,0.535053780496383,-0.197202708129041,0.586249419303767,0.119995144505725,0.491236748382567,0.386522792215894,0.212531290015389,0.74820953328471,-0.12877436580065,-0.101920977891713,-1.04836157552934,0.189009990551099,-0.326769689926023,0.309386170994209,-0.19510127163023
"6660",-1.21588802266181,-1.12755220605297,1.24827912569682,1.38997474065701,-0.492849858655048,1.28151627391121,0.831298186082658,0.20761719022439,-2.00463581885515,-0.851306630334415,-0.00348582253774534,0.629892549389641,-1.38302677564934,-0.641084019717594,0.380678969714281,1.22844550347189,-0.00874457517471717,0.0723410012373487,-0.221839695865335,-0.451293113211248,1.04211032033015,-0.627175493828384,0.0440656102583985,1.03897794202481,1.58052423142015,0.420770299115759,1.3930403322244,0.80460693424443,1.81609070694506,0.475422336150851,0.817301831949806,0.423900671899608,0.223177953799751,-0.610691254236448,-0.0557348730389915,-1.77216267480727
"6661",1.15390232283175,0.864743300023347,0.79040258268289,-0.70047695272587,-0.731012292538986,0.203837738511976,0.737887590382732,-0.317220332432788,0.573273940761454,0.308375272582154,-0.217181820921648,0.692073356567859,0.806756029064128,-1.89197578444106,0.641699700902755,-0.49215245113566,0.441923591393641,-1.57161027530617,0.806452087661276,0.0109520911546617,-1.07362357323778,-0.200316406046325,1.46346005761788,-1.89941519837352,1.57909221360501,0.187269763635807,-0.769583990805937,0.70229849870067,0.521711559348104,-0.425213765659544,0.0248761979158076,0.561166928245812,0.686543892731455,-0.836476141032935,-0.271704580104849,-0.254372151942659
"6662",2.00301941104758,-1.20193164093272,0.708778623727149,-1.6250096270353,0.366102758112269,-0.0717139611835756,-0.523632144111475,-1.47307184407613,0.118133902599426,-0.016662504076202,0.247408946420027,1.64554751640166,0.315183633941493,0.700746668314245,-0.534815368812355,0.323815648361747,0.514490417374533,0.86472145620875,0.105871401824903,-1.00863674531662,-0.701973480637058,-0.351002962765827,-0.00586934406848349,0.935430098277528,1.93512434016398,-0.716184872583573,1.25544744939031,-0.521763378326145,-1.04825067408044,1.14912091872863,-1.62964446444528,2.37764796223702,-0.892386751268882,1.03259556272047,0.34131441149802,0.433147026611095
"6663",-2.30492809812449,2.62952766006654,1.22088765572906,-1.36793158679929,1.57486822227104,0.373884106076886,0.262105988530571,1.30587008986481,-0.275944448824582,-0.158687275830001,-0.348895549303601,-1.07491926942366,0.673635661462249,0.779179719941618,-0.565454688046406,-0.42313653984298,0.420610176340927,0.0419594911876537,-0.402786373437555,-0.450281812558127,-0.0175614416625138,0.859844960750677,0.371736752969312,1.3073345936938,0.497724685526157,-0.143163225079337,1.53233651484765,-0.445069186731101,0.944840359870619,0.655899368603778,0.673669786858945,0.93311269577519,1.068199446036,-0.591667711211494,-0.96056487332314,1.18227003158911
"6664",-1.56410850926112,2.41439612124722,-0.625935526437704,0.719970012943118,-0.568838291041157,1.17050668194575,1.25274454081855,-1.44007858821159,0.784122118809427,-2.10142201099627,0.465965910246956,-0.384247003983051,-0.173809315119155,2.66737205731894,-0.948548329109861,1.5785860957075,0.805894946730428,0.433734818251946,1.32795512392876,0.791292411209722,0.336305048029387,-0.896638919098931,-0.343667683843486,0.15702731667043,0.0638364217530589,0.193556568993914,-0.588601012949661,0.519653256931533,0.215553520669821,0.173893998338342,-0.688990096299585,0.824138210075509,0.891703484021146,-0.506001469036308,-1.08164402204683,-0.266522883711669
"6665",0.069070147564929,-1.84734401037186,0.163993534290479,-0.383059929919601,0.240601922879423,0.764780514632705,1.59128856895946,1.23772927410507,1.66599357796257,-0.0976643207146049,0.0076819308461527,-0.888470541802516,-0.544635002129195,-0.0971001915664192,-0.522004225088464,-0.823120387959649,-0.241941863772624,-0.39445922924743,-0.700656925440626,0.108478034899853,2.10489614639257,-0.736628552184385,-0.350680929556425,-0.71859145521184,-0.409167267563923,0.243750481856881,1.21574541735464,-0.178305010322789,0.412357076882786,0.713103048091494,1.09467783399001,0.263565386942867,-0.4282320017185,-0.549836847028234,0.22949582481544,-0.480229809916299
"6666",1.84254601989335,1.01797040965921,1.00179760467141,0.130158819790061,-0.0560164711368857,0.997401526237724,0.0222334465299428,0.145077339004627,-0.204248580966737,-0.610783667242128,0.959131226551522,1.12130335086732,0.87187925804893,-0.198953349632966,-0.2963849818393,-1.21260301624501,0.249681446794412,0.310871362813834,0.00490119729848988,0.37326546865815,-0.407209400352068,-0.708755684903641,0.202335937205137,1.17064374185319,-1.25780634958333,0.568498267924591,1.46718830219127,1.34323771374638,-0.268120330391218,-1.57918055502428,-0.128029240798109,-1.55424117434746,-1.06417387408741,0.180479418588495,-0.900640015667339,1.26432848799322
"6667",-1.31475813513731,2.58377080516206,0.574347392713091,-2.3999732979537,0.165337885048403,-0.47777348641297,-0.898574620763791,0.315686153186352,-1.00879359546778,-0.843056943059777,-1.14983622010599,-2.10366134966316,-0.538661214500566,0.0294890748774146,-0.0493803681768237,0.175784735658674,0.167372115128692,-0.816953221448645,0.198743624981338,-0.225666735043776,-0.14177165500438,0.791638847334533,-0.540964672126916,0.664547396985279,0.838006935807407,-0.541560557360742,0.56041248491055,-1.25193784829578,0.374074820806151,-0.526480825865617,-1.65766368132121,-1.07076571473587,-0.52610596898272,-1.40350625357776,-0.810213181397388,0.50423349641353
"6668",-0.405731679292104,0.0126017498399354,0.23143005476536,-1.67927649820569,1.80453450038071,-0.186422819379292,0.222800806594642,-0.268231776087579,-2.10753234847372,0.320953420043772,1.46461659221759,-0.17297127823098,-0.803226626401797,-1.13255153166366,-0.697069548804119,-0.749875785488055,1.73158789695443,-0.771284620587922,-1.21439978041109,-0.233673350927065,0.338987437461604,-0.257868685657499,-0.678488337347142,0.025080299365609,-0.875899355021423,1.08302896899427,-2.28532642850727,0.394649766801392,-0.180330300537325,0.439032416949985,-1.45572505813,0.246151250868491,-0.409674916467644,-0.199600198404957,0.235331301378874,-0.114127405537152
"6669",0.0529713887060407,-0.710738465589845,0.727438136370205,3.76023990289617,-1.3202363580293,-0.938585120164832,0.791106089278072,-2.40577131311849,-0.842541926570836,1.18931731704793,-0.977385977325239,0.875029902277006,-1.12096298219128,-1.04007923117531,-0.521787411037678,-0.504719736175359,1.39281351027363,-1.32210490389289,-0.269115339647557,0.645904790477796,0.782215083021264,0.703566337876822,-0.39234424908198,2.42692743012685,1.98463238415936,-0.666420800948972,-1.3794883135345,-1.44747731992972,0.809129351137366,0.0538601212052377,1.10967692502476,-0.994854865134314,1.10380196816037,1.29083625272865,-1.36381536048658,0.57524466979406
"6670",3.06048834482054,0.596793796954183,-1.30187870723489,1.99967165891681,0.818486581157988,-1.88733001801264,-0.819382497967592,-0.852758343096735,1.43719647711378,1.13219166679699,1.23713462111359,-0.391123638561206,0.989449116744903,0.841196198165222,-0.486654413273606,0.420213475041264,-0.128037362396645,-0.950825351278963,0.866623202429048,0.792811427767753,1.15247512283867,-0.53468692436665,-0.364466354603808,1.07517663749283,0.0601326982106104,0.918232546239329,1.59246224340844,1.73411257157963,-0.421136413586241,-0.536775492833931,1.55516884120393,1.31431005431416,-0.940771688823652,-2.01845417293509,-0.734017012253578,0.0958015871117761
"6671",-1.39717521037652,2.089778966044,-0.705605042525743,-1.34591643180941,0.192480668148016,-0.288399968916525,0.623385030175432,1.48288726748866,-0.206773177266376,0.358685184245926,0.216684833637816,-0.405654904740577,0.765464275874276,1.23850329668012,-0.137297234480911,-0.118940268385115,1.35320069871478,-0.196625083956599,-0.242956936388324,-0.160191529597787,-0.7749911504979,0.477394168353613,-1.02755716383634,-0.00805074022234594,-0.071437456651825,-0.689243469804829,1.19471363136875,-0.637978885539958,0.18756815902549,-0.355409349561929,0.336755034117344,0.989416541115822,0.712316228295235,-0.87934406264919,-0.643691553883729,0.914966316166851
"6672",1.1670485565308,1.11589784185131,0.981747914703241,-0.415131147402955,-0.614637124734326,0.373668365487033,0.686174007291094,-0.644929293791791,0.329369763300037,0.20827624645659,-0.187200730567445,0.490900012169638,0.681278344524134,-2.10577362142625,0.794470407938181,-0.130589789190838,0.617010670046806,-1.26320585792111,0.698288221062388,-0.209079439681382,-1.02974317940996,0.0963065819107814,1.68213713454143,-1.64431002218108,1.65028358497701,0.0312355647681979,-0.927383371620676,0.998199012205972,1.02769527331955,-0.107583237832594,0.163997949817561,-0.0315899578916716,0.412372873994768,-0.637236694256791,-0.365832512198066,-0.197659179136167
"6673",-0.20263912273229,-0.0539510252413169,-0.115157260527317,-1.65857499529262,1.3046235691718,0.0730652610858165,0.745741106184573,0.124053919763496,-2.00828204132325,0.555064707034217,1.89889861808212,-0.136730264654441,-0.687525449155611,-0.916464742830321,-0.464805147590632,-0.540217441745958,2.01505050665202,-0.629656566618924,-0.766435374321053,-0.140493483775623,0.623430990267665,0.525960886639558,-0.298574833895329,-0.0360655700905222,-0.176960877952775,0.891539904320144,-1.87208865272337,1.24793126374791,-0.107204468864004,0.165692869412499,-1.0653371959508,1.0075140634049,-0.00325630128617606,-0.311934071209837,0.0331177868667178,0.37011913843805
"6674",-0.493143079796926,0.20518041920904,0.700690074011733,-1.3638615407883,2.1288899067482,-0.0804773956557609,0.445289142201869,0.0480197404108354,-1.8725355088619,0.381985418783754,1.5145114636953,-0.00112770494855878,-0.441725369256643,-0.81518920626441,-0.914647419780731,-0.795314150511671,2.15462450993764,-0.634395678239049,-1.31987133558605,0.0107137007010084,0.642819326403379,-0.419043524824539,-0.642289885784515,0.137403989104616,-0.486513603415985,1.3939297816145,-1.81801146754919,0.912529927843628,0.095060230689123,0.951140193710015,-0.731493863420259,0.950382312906476,0.0220110191124864,0.06059173263957,0.388846723726701,-0.238057622441531
"6675",2.04364395232088,2.07893123741621,0.785855635857621,-0.965712392485793,-2.6701742811812,1.12341686657412,0.89017605909283,0.840237379959875,0.120866114422264,-0.601115557454049,0.664756091074841,-0.417833720248115,0.439102705513199,0.132756418397534,0.470077652747029,-0.0692643216403562,0.672143637885157,-0.461538560258456,-0.593003792844925,-0.116903577286342,0.96293267124203,-0.880705200097661,-0.502621712755719,0.930607923202692,-1.73179386717287,-0.712001302145274,0.764681784184074,-0.228046247654153,0.587491035927331,-0.971695095465438,-0.866748137091705,0.277256810093271,1.10837485484106,-0.154217833854645,-1.85094444125826,1.02082678207801
"6676",-0.817139259801315,0.830641246961056,1.50538050903416,0.997620121362043,0.439478503144188,0.506505708270508,-1.43808289006281,-1.27233238448289,0.338143602567963,0.00778837573867552,2.29178603669071,-1.01751776147364,-0.690083250778739,-0.852503730547182,-0.630406325779992,2.13228451555547,-0.795768854868055,-0.727682802908655,-0.22717901758264,0.163316297590679,-1.36329591401971,0.49675042255483,-0.680697278925346,-0.293159482304091,0.255957841751066,0.255531925422417,1.45686462627081,0.315023805075042,0.392453044833352,-0.17718129736961,0.807726458214594,0.33591701059606,0.652492819678775,1.22641847227353,0.987711171709415,-0.159850523500233
"6677",0.736707874540564,-1.03845228151392,-1.57977573744875,0.020194351686371,1.46139885389751,1.17966260286729,0.243343736652955,-0.340159629567383,-1.66238410736365,-0.873038471753875,-0.414455843114664,0.502784777373952,1.38302890395794,0.777570420697379,-0.505079795424225,0.15953821895332,0.226544152075845,0.105689457224866,0.226553834475653,0.587227275891662,0.52308677069967,-0.051461120734945,0.68259476623006,-1.06986697273097,-0.6053222214955,-0.281561265328718,0.526713830796201,0.403878458714393,0.333413914876946,-0.0958084426214723,-0.423437962903559,-1.43251056887052,0.410180730297078,1.69855359792279,0.143279873024135,0.309403140936202
"6678",-2.66157630609717,1.04407275448844,0.95347734721777,1.17810592691839,0.237925504380195,1.48144066031315,1.82262815111084,-1.31776990227121,1.09169374523331,-0.573137857555522,-1.29146138051067,0.661327220678577,-0.110742288256053,0.772098099190078,-1.40074360411779,1.20107402678217,1.37663155306669,2.25007956483946,1.3440427075965,-0.375587457704995,0.377441836117852,-0.309464150575064,-0.436150219354306,-1.05154386171265,-1.0417128540667,1.72434683681188,-1.74505166781339,-1.02055494422152,-0.310621594196355,1.40920800329984,0.752182028355666,-0.0748051062424138,-0.423356496990512,0.208420390868436,-0.614414656598268,0.0774223311532778
"6679",0.35225534160638,-1.10477483400968,-0.423317825501148,-0.160811893713336,-1.45279709337642,-0.399381214784806,1.79707785490285,-1.22128568946247,-0.0853673185936712,0.945378086916499,-0.268184010470625,-0.761620887531915,2.19998741713373,-0.194347563497669,0.316396653463228,0.0150805135801581,-1.64887843293999,0.316329447542419,-1.57912066098145,1.04531772257781,-1.33890867225033,0.496415539484474,-0.834932122251692,0.626982029140437,0.274390758639496,0.132215274968409,-0.86820190760142,-0.537804563867307,-0.786826367036036,0.593009560747021,-0.646961664043179,-0.761710463652925,0.656080786368165,-1.10986234169345,0.374332795743586,0.142166421696683
"6680",-0.954931966228726,-0.964605338062003,1.39303198917135,-1.26868915689981,1.33691262873366,0.396376903754466,0.209934241737451,0.000655880635941367,0.212268291940985,0.176380397002417,0.936393617321002,0.0517139913040756,-0.298757984591546,-0.880072059682329,-0.186521833600583,0.792387260735903,-0.851939496816295,0.440840010169764,-0.0779023292071936,0.977029352169281,0.128666937174954,-0.70828707689682,-0.252207282196917,-1.49850320404473,-1.00997834120279,-1.47151823696702,-1.00284120726407,-0.638649710171955,0.223709750456837,0.238873450094638,-0.0413048639967326,-0.570807337393981,0.28042586497552,0.915385902048244,-0.686910812241168,-1.3477606066348
"6681",-1.26717614909209,-0.00369754667574581,0.343981661720912,1.84075378393577,-1.08421800815111,-0.969686538380683,-0.694478774136781,-1.2633200530215,-0.167407708163963,1.01686396443305,0.557973123574445,2.1278409016867,-0.823371139993395,0.642278581969872,-0.773629539776437,0.398370858589764,-0.523959897219761,0.249017087548108,-0.606165017595174,-0.173918332497905,1.72395272558229,1.39928898289629,-0.0578918904802572,-1.2700636226536,0.066522849938062,0.513666297232826,0.067789712486932,0.724880082090037,0.645106905202243,0.0158375723192856,-0.286703412984507,-1.60867427101606,-0.723419380343661,0.0805059004659432,-0.461409569979286,0.847241715058972
"6682",-1.46683835385427,0.325289112335067,-1.52213016900028,0.893617538587697,-0.0980689623377329,-0.272049679090212,-0.345842277937377,-1.56761803762385,0.98236707226266,-2.94813664778225,1.02945870696824,-0.215419678539565,-0.166432097327617,2.04778466538682,0.0237298296430943,1.90363783554048,0.960796424073322,1.29548205978964,1.97749873760851,-1.00529679667478,-1.1561919381653,-0.154706603731324,1.09723875271562,1.03943604397141,-0.167432647424153,1.40889098504729,-1.33205944024459,-0.099767011922719,-0.321656695190103,-0.150186996095893,-0.547670353542019,0.439202773452971,0.631218406502802,-0.728727592053491,1.45262896439699,0.293879326110528
"6683",-2.25127461548893,-0.198151607030537,1.12161273664341,-2.51326261372036,-0.0057231537283446,-0.366446242959017,0.219715332757159,1.59198175611143,0.577751738400846,2.18551420929862,1.29692456108377,1.53488857399173,0.832678758008288,-0.20106646550339,1.84102747928588,0.374801112127153,-1.99069859947005,-0.156103487531128,3.09549044334889,0.830982463113405,1.19116610272553,-0.999658508802196,-2.05475260846988,-0.421933366558339,0.5678044096701,0.0209721592273817,-1.80979102116485,-1.24502917031385,-0.237685243395705,-0.484389270385882,-1.77544407740601,-0.891838447822958,0.22586577938888,0.300506591761848,0.481732674181584,-0.538512356416305
"6684",0.399129364725267,-0.305280671925123,1.11249466550079,0.806221341051365,0.414091278783477,-0.789905552768326,-1.19555578191851,-2.20377936934507,-0.376076492884372,-0.946049746057814,1.14319535666451,-0.483206706842312,-0.186653128634957,0.299731383963787,-0.481345923396395,1.34904760455152,-0.640198511311093,-0.393185028339165,-0.351159008239552,1.40849894634451,0.114701203995629,-0.0544956107686863,-0.0256188550456696,-0.524767500851329,-0.999180547830172,-0.859814108755499,-0.101901609964385,0.211632776126645,-0.818667518414478,-1.37948295934058,-0.02789937699302,0.140963593468376,0.503702671076668,0.559833586643483,0.475560951087618,-0.40511733139455
"6685",-1.89466111195012,2.40514392083332,-1.15927665143417,-1.08896877357629,-0.830486102910381,-0.530722899367202,-0.825274196962695,-0.33294996190645,0.218929348687064,-0.238699456248907,0.428009479076529,0.297540509195133,0.155919014458137,-0.0592166473562436,-1.13085937494962,-0.694121278145059,0.173531919086224,0.0643810005468073,-0.519762849454256,0.0413820229404099,-0.0495848019508102,0.70676873660306,-0.234967220507811,-0.582636568328902,-0.684626244484778,-0.302657949238406,1.33414315168906,-0.68131129549824,1.13779819831559,0.874562679570558,-0.677248126547916,-0.253044001494261,0.274363461439497,-0.233100792773772,-1.09496436453213,-0.763095976678757
"6686",-1.49236337069317,-0.919395353132583,0.483387979091816,2.10664143624587,0.0191495752856925,-0.881914127515529,-0.995056022052555,-0.75906060262277,-1.05285795460403,1.46874533670273,-0.804502444266859,0.55849796164171,-0.836909262463621,-1.32169674318701,-0.734405741861099,1.7431706327692,-0.248144556251862,-0.351869953142162,-0.421734956180686,-2.39048176507957,-0.332949302839101,-0.606962673013321,-0.509037320151588,1.47944720210605,0.847732521858171,1.03078416786645,-0.00920439055337073,-0.286444423546567,0.00744343261732802,-0.835966610684368,0.0859020776818719,-0.280291454379532,-0.155622801077742,-0.961296055845148,-2.84034707790644,-1.4218135352427
"6687",-2.97169629519007,-0.875535963658928,2.5366744234379,-3.00193836047962,1.85843519031067,-0.824458299821113,0.171606341592284,-0.267367391478432,-1.05276541415015,-0.442462089407957,-0.467230693029189,-0.150090777750485,0.385003837821951,1.05997956562869,-0.802955237348739,-0.932553372776492,-0.815070569610701,0.293475697632884,-1.25692889533937,-1.50996301786364,-0.187146495203137,-2.23224886078204,0.933658807019551,0.251308214942837,0.235361765147208,-1.22370182796508,-0.919052516449563,-0.620451297058068,0.199624671508291,0.347909959191199,1.13546896881552,-0.734798088137845,0.627761318320085,0.494836699177684,-0.175439412072737,0.977522861721294
"6688",1.70971518930807,0.252253104487075,-1.09584764207379,1.93360778917682,-0.365253261948591,0.348280972139204,-0.674493824991551,1.10051599459696,-1.47063943126751,0.81901715103117,-0.373502288992458,-0.582172373273477,1.11981478543416,0.413700680678652,-0.780228747571172,1.31457374198245,-0.544541754955326,-0.510460536970908,0.471964072437386,-0.53607960355738,1.36060792552857,-1.07735642959513,0.52128607764412,-0.460221389564578,0.642054079528142,-0.1941489343652,-0.382528864716862,-0.325766950761408,0.263919009220755,0.517066359634883,-0.312732851114702,0.126416188203342,0.0447514899976465,-0.221267097886774,0.484597127287577,0.296547568505006
"6689",-1.55621501996409,0.646117822642265,-1.20705297412567,-0.895628874449097,-0.225522161893962,0.11152070963519,-2.23642542441305,-1.26431693850133,-0.559137638112319,-0.91424346041182,0.770268932685875,1.14659669036711,-0.305858626527624,-0.868723148499364,-1.01759055823323,-1.03891369981649,-1.07166894488122,0.343307603895002,0.486493642260352,0.790528747528464,0.0538594104317467,1.31602008534581,0.902719396886252,-0.965414716810539,-0.215118432216647,1.73310815913211,2.38296920898579,-0.910092111556637,-0.204455853294762,0.162010559658844,0.0593916565095667,0.051413448804652,-1.10013862569926,-1.14147056292949,-0.0265973808666552,0.327558585737507
"6690",2.45370340432879,0.550849686676316,1.35776310981918,-0.275009795790075,-2.04091536096133,1.09829980602681,0.280068408070404,0.856217377751911,0.10987348189843,-0.507684020805459,0.943883421765111,0.493069991624655,0.563574704825894,0.330207984860293,-0.523074667295392,-1.06883499001791,0.280162227440322,-0.26972648247539,-0.499151045340213,0.0840109813403018,0.548299976234515,-0.97411400366083,0.167844198865929,1.04672977335564,-0.830798808194782,0.156949540283629,1.316510153364,0.761579800745787,-0.199076059555525,-1.14957853957832,0.695127594590364,0.272058064492881,-0.184610131118137,-0.384764061142516,0.138135773443879,1.77362705792312
"6691",1.24460611077994,-0.677627768349105,-1.49966562741433,1.56645982502608,2.10790677790316,-0.91026614563388,0.875381980450732,0.225606179237925,1.05175665798146,-1.07785594911408,0.843152206681503,-0.0665535475591352,0.063764178998519,-0.609681403062293,1.27535025531105,-0.361488220127464,0.553671829254231,0.268338328667258,0.345640292901799,-0.642914533427361,0.699439771010109,1.00461755188033,0.525149222722325,0.558500748809361,-0.127180927673754,0.0730812185486512,-0.173155448086477,-0.921053990013434,0.976885760096611,0.38351688954155,0.287136664181933,-1.02887721175328,-0.159359504079548,-0.857695387863069,-0.0145799163095251,0.42361537412482
"6692",0.129715967244257,-1.65169552101724,0.313358478946328,-1.12712504405602,-0.249042390932489,-0.00163781043532947,1.08504807787191,-1.2863331526633,-0.735507284672079,0.0682458310401165,0.0353750584495679,-0.494562013414557,1.67474433278323,0.796195525653506,-0.0235197627612864,0.526343296403234,-2.24304059645011,0.113564271771647,-2.74347183984395,0.36235478312525,-1.47718066341485,-0.127427707743309,-0.289756295941652,0.126665380666342,0.417580036081176,0.0368801104233646,0.0781320738254889,0.194836597463958,-0.221996371781233,0.71852518837299,-0.588677991396249,-1.12750803523961,-0.0622224348189815,-2.2301665780154,-0.0455733905564159,0.547283123281767
"6693",-1.24999902811887,2.59092393521936,-0.133198152457108,-1.18753095079528,0.852777693697877,0.269611876805086,0.221885044568306,0.796870181349407,-0.695763739354709,-0.324493751015962,0.0981395954720001,-0.475333852798085,0.614401195105022,0.597963210127605,0.127568453901747,0.366840037765716,0.922439763059302,-0.37453418815746,-0.108831400805287,0.320326612561253,0.0313828312783156,1.11635600271321,-0.638939516074494,0.191756421292941,-0.0432392964691444,0.610565273511952,1.23268323149542,-1.63280985652758,0.269080514525081,0.158324143351944,0.179669691937705,0.46573355847621,0.336367484825768,-0.425577639871637,-1.10870323122483,-0.591261141895703
"6694",0.55436552087981,-1.42222370903308,-2.26018970313662,0.978584057058677,0.892125353069684,-2.53275428012069,1.43757030985604,-0.0247756985104281,0.962151747931443,-1.31951148263008,-0.0613765538486061,-0.650988653282633,-0.438921179055017,-0.964936612090086,-0.120963518935332,-0.269875903990963,2.63183249214603,1.36464880363884,-1.15998150344537,-1.79096166609441,-0.508267416721617,-1.70743739484012,-1.58261670322318,-0.599761717292395,0.349580038836149,-0.41360504425596,-0.184211899324973,-0.529606626472679,0.333999425165033,-0.851520948325624,0.0865277343719939,-2.13403103052415,-0.0477939700913664,-0.154813675666541,0.914417985607059,-0.470416521281921
"6695",0.5561016839334,-0.782303839784622,-0.699388723167596,-3.63663063161955,-3.32259460230398,-1.31904134160272,-0.443597933214087,-0.907602775249398,-0.677409315525677,-0.223337948198421,0.0767961194330791,-0.399784564344916,-1.7571307046277,0.0170873726167831,-0.797046670715301,-0.280531942708521,-1.3009535173049,-0.433520551129479,-0.339337250028207,-0.510981564956611,1.17321728532458,-0.329482484218588,0.544279028294584,-0.751504361934222,0.411910058813382,-0.899199898963868,-0.370315997559863,0.518437400887148,1.27236859549962,0.822725085445619,0.581505278160387,0.11056295471179,0.312156754346383,-0.21465996504006,0.545889943511315,-0.667379246848848
"6696",0.34908368815326,0.646747323786564,0.669934457039485,-0.320960565105681,-0.155802646460816,0.381181985499381,0.479351266388494,-0.406581650598741,0.785276814525787,0.103074628278497,-0.324001940521919,0.94637290582033,1.35549514269904,-1.99634142047561,0.452047027217679,-0.296673694338584,1.2841276343654,-0.371612295717642,0.426600343856461,0.0264384522387264,-1.01082999768535,-0.345500369157234,1.34425168265685,-1.83841560407016,0.610809870032907,0.694844799607373,-0.367342061475473,0.879555563900914,0.424083494311486,-0.351805925362792,0.189810175953185,0.220753687121567,0.433501492584093,-0.571420456258408,-0.14395598401977,-0.625089084808738
"6697",-1.24661146156208,2.35737570344632,-0.293403976025766,-0.961159967942628,0.313945362356732,-0.117993754734504,0.66516815858007,1.61011622122038,-0.0926715163689967,0.305502600648286,0.0200243344988266,-0.817423067070298,0.695733283657072,1.28697058179634,-0.168504236107656,-0.0720845996038596,1.43099569900595,-0.729901319272464,-0.326440449263377,0.0887925492462339,-0.521945840767006,1.02137213747524,-0.654480284462582,0.400490626938083,0.0479661070118889,-0.269380839779612,1.08450084835986,-0.596679658913253,0.41522505924803,0.215307972701619,0.39327834380096,0.634742510696736,0.461818044492969,-0.157609262610994,-0.596700658132976,-0.235317978694318
"6698",1.21179036439071,-0.858906819251988,0.771042135804511,-0.740261779748939,1.07767701250007,0.740058647746665,-0.32849762037833,0.710118436316139,1.78357735270846,0.995430940812153,-1.32122065714066,0.708337631728238,-0.363169997050647,0.603999772580171,-0.862254260028047,0.745362265656176,0.732133900991157,1.45672175827394,0.488408493136285,-0.383811942468428,0.563272353144792,2.95643368454443,1.18449259907345,1.23747835850391,-0.26097865913507,1.12693919304557,1.96727333013751,1.85325560283971,-0.209412584802711,-0.61597102294715,0.451471479980686,1.65522876096503,1.40986201011863,-0.586410293179944,-0.651848495709104,2.09696666083072
"6700",2.31812523965101,-1.13588250367564,-0.202061409936895,-2.37622375786522,-0.90802468676111,-0.13468909451585,-0.154263062093522,1.11466590394679,1.08207806295143,0.272866268803383,-0.893150007490413,0.287808244523565,-0.634507784139737,0.658066912112004,-0.776162084301665,0.205265869864902,0.337484951183993,0.43516603208946,-0.066470231207169,-0.286805316876561,-0.217346235863972,-0.00782309373670489,-0.0839928780111004,0.245963725573324,-1.02531377606161,-0.957435618458961,-0.344214896839504,-0.741697503214049,-0.517871218634774,-0.497315581722856,-0.838067796131875,0.0640875125507956,-0.114606368245769,-0.9750295360443,1.47571407675049,-0.858190339634334
"6701",-0.793158977871654,-0.301340378045933,0.976900355008372,-0.52057362980129,-1.11159808921019,0.664017355298686,-0.314200416493754,0.790917288753347,-1.58724178642893,-0.549739982605764,0.0982499502336221,-0.961427801606795,-0.849097959703079,0.632557190197607,1.41411859135529,1.54956622622055,-0.285330410168304,-0.0429556333877272,0.245384670716485,-0.534385872090563,1.31827581804374,0.652495829853905,0.0294554984860456,-0.283352641951855,0.790935705685813,-0.230439434530307,-0.343010001564718,0.677819084469833,0.776192949262012,0.239879403364084,0.522955643772626,-0.141951595542436,-0.808906060553995,-0.69807057238323,1.09963557863658,0.883825365062996
"6702",-2.09877322589658,0.239935525607881,1.52202541755551,3.03468532246733,1.55873225619118,0.349213084598974,0.131629351774997,-0.427612007677883,-1.70715280116819,-0.916489259938881,-1.02670146277206,1.61697111632638,1.00269408165203,-0.60566015938085,0.79229515003413,0.0326813101120729,0.842044113672764,0.741749532477509,0.787844335951639,0.343941912425845,-0.360357969754152,-1.28876942084213,-0.832912255663726,0.805885087368659,-0.530236115455503,0.222325852219398,0.678708547154583,0.766415424498732,1.00626875467675,0.732371326922658,0.363237824558104,0.307415241706837,-0.281290422905843,-0.226832666722171,0.215783068770979,-1.69976375744023
"6703",0.357772376790143,-0.957084528954309,-0.736520593784262,0.0502931475609538,2.26539237243002,-1.06321109817217,0.307271270025382,0.201252014179013,1.16447703547693,-1.51472673097346,0.167822426488129,-0.758433114642244,-0.170857078245183,-1.07184646992776,1.06405450678924,-0.123214270013669,0.171906508788919,0.214821732332639,0.121653804264284,-1.43985456728483,0.334012458568079,-0.193482757993479,-0.124946002276299,0.2830646951648,-0.161434690262162,0.432323396802356,-0.128311444379711,-0.904867824741057,1.06313877827428,0.607925642907693,-0.121449648183558,-1.13334067069949,0.115734207452622,-0.517277104185468,0.136860605633175,-0.355846967412762
"6705",1.95149213182378,-0.979825257973593,0.44844755212004,-2.46553840790424,-0.361724302162185,0.0496711211033007,0.0593534169070258,1.00639569002726,0.951494782288702,0.205450962834441,-0.898179767205977,0.329353483473137,-0.714152260042376,0.549008864619243,-0.783497603932092,0.307772864070162,0.0869803122310333,0.413465305251613,-0.250347703790411,-0.358699727632742,-0.054163573117527,-0.376312758510266,0.225695108879211,0.256907294797601,-1.02815519221216,-0.35942717516362,-0.0595132235354473,-1.06370938055219,-0.254928952597299,0.0850933918908438,-0.462238057746566,0.389051681049285,0.31933094730328,-0.564713461161912,1.2648812257626,-1.27624471369571
"6706",2.27622851987303,0.479445258813406,0.634006806328562,-0.21737685438799,-1.34794247567093,-0.703752381344769,0.153892073003163,0.360236811077679,0.146895414427451,-1.17111789743212,1.62708294364463,0.92873658920985,0.502374900402611,-0.643020653440574,0.394243036034715,-0.267713724801569,0.754066794450056,0.606737083390421,-0.746609046226502,-1.57277317185998,-0.0148431017294736,-1.67073322321831,0.331668874684021,1.84668897038217,-1.03024893881923,1.14305910128751,-0.0153971035620769,-2.28369046040839,0.100060518346314,-0.93118850021127,0.166083943334774,-0.114841120278352,1.63271994725172,0.136673053697224,0.669536008320091,0.95163055207096
"6707",-0.889428916116941,1.13498451792834,0.486166859707367,1.52704216375085,-1.26738838092445,-1.61535008281752,-0.255869514589593,-1.45669896781978,-0.252478992278025,1.06095924280364,-0.584486326321354,1.76430245300046,-0.125537457960206,-0.275329367216191,-0.681969186129789,0.00831032656534606,-0.556020344781609,0.936797687438417,0.255369401882398,-0.526005769284217,1.30598104088894,1.1984534446407,-0.815273590801703,-1.0804219070181,-0.805611215561337,0.757209788662617,-0.412293673583863,0.444255530731716,0.30929108436009,0.0839846844704099,-0.0547447179060149,-0.571747933742327,-0.00625621202341006,0.238528271392835,0.153200218430373,0.495302343461378
"6708",0.721755347464195,-0.315333365261589,-0.212553155729382,0.672706566477676,-0.370070232160178,-1.02110317572146,0.781407257630742,-1.13337078202147,1.37694144806367,-0.173619905718608,0.339545912246715,-1.13981863269382,0.609234306760961,0.36029749049509,0.644080516940058,-0.269829222032968,-0.778188628864383,-1.53872108685948,1.35395755102231,0.243077088995637,0.757216811778798,0.352836077543268,-0.521909044591112,-0.271803539621195,-0.914027827433866,0.0613260559599517,0.736661673926829,0.865111429886198,-0.902114252213335,-1.34514359897517,-0.39927084318153,0.286902996588713,-0.0742701563587786,0.104923483182638,0.535383756695078,-0.323062620685901
"6709",0.317820370989861,-1.33246276129639,-1.20054974647198,-0.344811731757412,-1.50837700431734,-0.119512491250994,2.49560775783838,-0.733815124823803,0.0549961180679333,1.29710177816696,0.0320246564326543,-0.586461264118398,2.29182353977379,-0.196536469921092,0.441636136101867,0.247742800648829,-1.26965367336513,1.24498605244873,-1.2840512742908,0.974042412948981,-1.34754080132569,1.15717249219148,-0.479796225208921,0.714898908797139,-0.0673291313355418,0.518469004426203,0.0335032042603843,0.438548492802989,-0.785475997384072,0.232977658046127,-0.149109491540184,-0.00532111868963248,1.08750621920221,-1.17394270069514,0.17002131383019,0.394176463794624
"6710",0.464673665890312,-0.128738357386781,1.0208488918893,-0.0252940814003498,1.33248004772362,0.0340595664926238,0.639139576010696,-0.359023518778338,-0.702599410544591,-0.344702594768137,0.40476929014158,-0.102925719099171,-0.539368984498734,-0.537172899728221,-0.335484740901093,0.719049042655301,0.0470236232617652,0.711324437562845,-0.290794944319669,1.39365461204978,0.0848716676199513,-0.258462471188741,0.0837651334635963,-1.48107418583158,-0.717176714299229,-1.38909880584182,-0.266552138088955,0.229253604312066,0.332706851779352,0.152417824672964,0.81627177505207,0.0986222639723655,0.0319925269512077,0.220275019991897,-0.414052942809105,-0.660611130458164
"6711",0.153922388249575,-1.44716358765129,0.0363172222757079,-0.440685424977771,-0.0859826469223463,-0.265968682192375,1.75917881012988,-1.44029701045979,0.603434375518373,-0.0319758217825509,0.221921474414995,-0.153480748474288,1.09879779370049,-0.441863250876393,0.494182615866498,-0.741184057323332,0.0783206432524999,0.493423843694397,0.826901975610698,-1.33303417134482,0.744153413048542,-0.0939786381113867,-0.529690644015386,-0.521018798034725,0.642678904846078,-0.806383354325457,1.34546878255734,-0.299276670094397,-1.30645570283322,0.882375318507414,-1.37193137188565,2.09679784531734,-1.96830064430305,0.918590532307203,-0.364772294940515,0.340461697496085
"6712",0.416763219069593,-1.673315248192,-0.477799992660371,-0.0939572817759028,-0.709182266702855,-0.640449302111263,1.59258054157319,-1.53346274895623,0.610232373684489,-0.45582320364632,-0.180578093622368,-0.322616035122332,0.770496973127546,-0.837642492774634,-0.196366464019224,-1.28694738705822,0.704544185673401,0.441468912342744,0.658755504180483,-0.787239797154442,0.855919474308426,-1.06807776217469,-1.56478221400207,-0.804604286468654,2.1594890301692,-0.388057337566039,1.95371269611953,-0.309919319543204,-1.90063466407211,0.289631159505728,-0.888049352349289,3.1542194110987,-1.07398574771954,0.812198370298328,-0.0596452894464281,1.10198753748568
"6713",-0.451782956041765,0.218764906457052,-1.61043734090824,-0.521459967708426,-0.438264959787497,-2.41108373332165,-0.477262884065249,0.170230481267532,-0.452742084461956,-0.654865671756222,1.37586418860725,1.72557287937596,-0.387484415434745,-0.178166658684927,0.618339465942136,0.0309715800209313,-0.926537013867246,0.777809852458077,0.55201390533095,-1.77975938971653,-0.517334027524392,-0.368853193777589,-0.109942998063482,-0.552908559468345,0.730062641336942,0.292378655766265,-0.338387623167973,0.386018292557941,1.37754887104915,0.398499735496369,-0.0139655492313486,0.602250637564273,1.76184739797562,-0.321804741960008,1.13228120427491,-0.0644845983701239
"6714",-0.382191043306781,-0.244160398204532,-0.246849931028336,-2.1647011684627,1.59463166187065,-0.113628909045186,0.147546840605252,0.218335807994534,-1.66610397137165,0.569772878573299,1.56410921698595,-0.121145424349408,-0.559579848193281,-1.08920177110364,-0.663742217622739,-0.664507891379871,1.86460750708355,-0.404505744237674,-0.82160663300825,-0.181208539761937,0.37141691753903,0.171761745951778,-0.916226318587298,0.151822123959111,-1.08780267744913,1.07201872492709,-2.09579860075261,1.0526116845342,-0.297256434582847,0.0653887546752439,-1.68386489526119,0.292814280255253,-0.527831283807971,-0.396533807638136,0.350261247898621,-0.19774299542298
"6715",2.83770847372606,1.42488730686904,0.522290631494398,-0.67433471048981,-2.94762698936151,1.24953954377748,-0.103889638929831,-0.0568780318548227,-0.297686384718962,-0.819920244033891,-0.173365149119363,-0.984269843947755,0.366267924795553,-1.88511398033442,0.725538399020676,-0.276455412693433,0.204338675461662,0.511853807992791,0.936134610701947,-0.404762458416551,0.0891316243038084,0.410336595320329,-0.352926034147634,1.56685418925254,-2.07916845482623,0.787350019419663,0.420955394008424,0.59565001141749,-0.152440060231939,-1.09919798264071,0.0722638117711664,-0.271247886783063,-0.354805415969941,0.470571615524434,0.163503156401,0.839122022537671
"6716",-0.731973585765915,0.95083943884354,-1.97391514956425,-0.572357196457315,0.501800728337849,1.24366566393991,-0.302425726407459,-0.535842320092423,0.766147235837849,0.549295473748233,0.153392796517555,0.999716086724665,-1.04529879946563,0.0349577601640324,1.20104017655919,-0.276447182577787,-1.20544550860336,-0.273663009627143,-1.82119041750304,-0.51223755215689,-0.0730337852049137,-0.00268302550531084,0.596576765528211,0.000426355826830047,0.261426945342926,-0.213409442026744,0.13621122449157,0.79899990984568,-0.706785862327758,-0.740443738319707,0.454725540173849,-0.168035123635753,-0.67379501914106,0.501529568673949,0.933600404548147,-0.183790703237497
"6717",-1.75766132527117,-0.225242130811617,1.68963203222895,0.305954124142745,-0.608495303204275,1.15835153925681,0.670365856206164,0.989724623293849,0.547970411589445,0.759594421914137,1.25504140972432,-1.41126281618941,-1.34834270775901,-1.2069221931634,-0.990505902860724,1.35160691004336,0.403907873965331,0.784732038544318,-0.766911773465612,0.360993976705969,0.333331173917889,0.772072567597704,1.02461193402151,-1.03132713042303,-0.219425342012681,-0.692399330030873,0.989679854237073,-1.40209541613417,0.448708689745691,0.502682905639706,0.437100127198597,-0.0745747925362145,-0.230316008376284,0.229681669020845,0.862279427882193,-0.378941951273386
"6718",-0.816988987764724,2.26251573648007,-0.03334571687876,0.590162898071195,2.14861008383665,1.63748971814911,0.792972209478192,-0.155756421304373,0.0792298435953187,0.744685830312509,-0.560261978351014,0.416010829794287,0.731690033372369,0.0469787547703937,3.05592323976826,1.28894454050791,1.24384769961027,0.854752594735652,-0.748083206884709,0.246363509274201,0.538126798556209,-0.275356189586014,-0.517726074888377,0.773879827939524,0.383217976013046,0.715628582700058,-0.6015760516257,-0.34022715141602,-1.07259616553138,-0.339310688595793,1.78392813919949,0.610418755186123,-0.280131782462936,1.20762949814307,1.57913561015344,-0.144022792930792
"6719",-0.697582767759476,1.63151783422311,0.187818011560982,0.708109103880174,-0.125436602382066,-1.02643985410965,-0.612307186614891,-0.488985075370843,-0.681854990389526,-0.438252018077952,-0.811949382987229,1.03777488409208,0.232024033439185,-0.738791173627607,-0.676003858866984,-1.75614643840339,-1.6582241172092,0.377531152870864,0.908205311871816,0.446677169745189,0.389017891742244,-0.228244638997682,-0.461228107471005,-0.41922555117862,-0.345862694692773,0.680407296349953,0.0726035307443433,0.880640518832652,0.484427630497816,1.01287493915286,0.413538633794489,0.657359883465158,0.210176042580035,0.218883006632748,1.03285185230629,-0.488921259441022
"6720",-0.851156651274274,-1.53581149426261,0.608584784610217,-0.434977981614546,0.35888078891821,1.37155037789627,-2.03015944295065,1.82391575696623,2.44292506890845,0.873835833526409,1.7957102083734,0.658991495085894,1.16557173905795,1.34488096846252,1.63146354543341,-1.28711507322493,-0.350878767911942,1.26143229892869,1.55978263227146,1.66776906739289,0.883345381723482,1.35135129835304,-0.0171278995092463,0.338475495548598,0.785018574880784,1.29931345049122,0.239248130501211,0.475010200983505,-0.566095586955215,0.716772412747513,-0.543871257364855,-0.477410503612347,0.805953880502423,1.79802540260807,-1.82486826238627,-1.6392264650916
"6721",0.0748906338627069,0.158601616106515,0.344256074705453,-0.831663728490426,-0.442994308361859,0.172940397889221,0.195735441415091,-0.360575638422177,0.919960295191869,0.171308090005889,-0.395536833836314,0.944219545216324,1.24309068545939,-1.99959099788409,0.476249451118927,-0.745824660490632,0.58808177343456,-0.859765358182429,0.543813476057928,-0.110451785005925,-1.35952827176909,-0.582433620069607,1.27727145620559,-2.08387659702965,0.145620160488529,0.308174613858366,-0.801975333262448,0.0602261278648106,-0.251533680404464,-0.985448360631403,-0.646523078824952,0.0928774250792211,0.342307373674165,-0.982653515044656,-0.192347816127499,-0.256735181696979
"6722",-3.51483131213214,-3.25116065948648,-1.05624714605583,1.74542227680286,0.680711457229254,0.52828190331164,-1.30864116796833,0.0340649460338041,-1.06852486165873,1.49434954244064,0.205407474611731,1.12962172590918,-3.1354040065929,-0.24533304619977,4.46119895005083,0.754838648134871,-0.97112697084262,-1.75051975745992,2.02627220023181,2.38882375485434,-2.18229229524783,-3.96594572519286,0.188650639171598,-0.520790826953019,-3.8521298687483,1.48588288807254,2.81978386976976,-0.228412577357453,1.68240400859118,1.78288073704408,-1.88835131419311,1.65694147273893,0.458435955112697,-1.1359544604666,-0.954981859886191,2.55181156633079
"6723",0.0536200989006568,0.261482481656218,-0.0102440212987829,-1.07230399617953,1.94488265277595,0.293198549096885,0.378690991581172,0.0257745310664541,-2.06412243419327,0.284138220960173,1.56157041972324,-0.226545817183735,-0.608078776721298,-1.00313106921629,-0.568633483822961,-0.791338597137143,1.89400155724773,-0.760815777967883,-1.04473767388342,-0.000886168936129589,0.456369777259382,0.691804838950567,-0.281439579994321,0.426204844262472,-0.765559628168787,1.3676102325786,-1.82894373628057,1.15571933268319,0.0564876221942623,0.76765314649788,-0.639172912912709,1.07117990271482,-0.161196756373075,-0.103132388623683,0.179648016799698,0.143327547415454
"6724",0.181374407167894,1.07790479055003,0.50617721060845,3.1886676259602,1.89425778007616,-0.598968302087148,-0.382712002112593,0.735678150962099,-0.155644519930994,1.7031777420889,1.0488499516147,0.434984900935239,0.35318627249177,-1.19772436508647,-0.925887207132055,0.647485877790901,-1.06426117882329,1.14462262958426,0.328776480731717,0.89898365021496,0.231998040135678,-0.234835321031726,0.539322879956242,-0.183522477349729,-0.724548207486114,-1.22530321631633,-1.4041782178658,-0.939201752467453,-0.800937082866818,-0.50112711350482,-0.146186153629133,-0.47109279000018,-1.32450649128948,-1.34913740895682,-1.29268807053402,-0.553626936657659
"6725",-1.49945393512254,2.47006922230929,0.771926333644467,-2.95347416907128,0.0270748646978763,-0.749900515304844,0.178389853984061,0.874852408294317,-0.702732561940429,-0.0926361741634172,-0.550082623345474,-1.48635314822617,-0.302206291415274,0.615267329353102,0.0493717881145601,0.661693077169714,0.663159675924185,-0.750001578288474,0.238306450190311,-0.151128524755679,0.00479050350562218,0.102962787654865,-0.746522331221333,-0.0290265886370052,0.886291013041054,-0.241603846715749,0.932257974371453,-1.09197976566909,0.547639578683147,-0.280830268109201,-1.35880713796831,-0.581485642185958,-0.0309793767121419,-0.887799879871393,-0.808257557952814,-0.667827530183554
"6726",1.58759267220952,1.02350875497279,1.38224288995143,-0.970949857750655,-2.08070703479856,1.69779062929879,0.0157933177362989,0.581108925920333,0.544137733803692,-0.556126141658269,0.374065487270154,-0.00747670903807922,1.43687746972617,-1.53361980941487,0.121166106561677,-1.08254218153598,-0.565404390863457,0.532214201929356,0.851992643366669,-0.3489000593349,0.675400083162435,0.0236994487654369,-0.102290064237241,1.68945565100024,-1.97510286037687,1.01820072719814,0.482467490895217,-0.291035175661332,-0.674142544671914,-1.02851608341427,0.385372439821933,0.694875251740438,0.606187752570029,0.611407022490712,-0.0496251321968953,0.863028780886235
"6727",0.312821520938992,0.131691983775365,0.588905480435426,0.161054661654874,1.45774157036303,0.505524667078482,1.04217177976084,0.171426102532714,1.0892612986534,-0.415727147087902,-0.656606181704556,-0.887985691477064,0.797893701826591,-0.859173321498436,0.968641736190868,-0.814172212435874,-0.479947310020972,-0.561039698205017,1.21294061886489,0.12387813879066,0.80926481411135,0.0189211802430197,-0.8176681413347,-0.887199229958039,-0.876450897339351,-0.292870954336356,0.127589044116351,0.596960875202932,0.718814697267039,1.26440442673702,0.746268156325809,0.106940809979534,-0.768445897208357,-0.0731980537875543,-0.281695212625224,-0.35994161734102
"6728",-2.2531479704635,2.05021602202063,-0.0720239068869934,-0.654328607862831,0.468184157261378,0.16206544934845,0.0935126577517008,0.982194260617422,-0.153014649157935,0.00329582302749398,0.0691700487904387,-0.910779831801977,0.64307975821412,0.776960331802201,0.0575543175779764,0.236362271012417,1.6203803842002,-0.275909798061494,-0.464819943849464,0.149996823065243,-0.227514892083089,0.822906858157681,-0.463994318849306,0.35452584913656,-0.140881125726856,-0.084236075704136,0.91895110332162,-1.27180040720749,0.392989280797503,0.312836273431635,-0.0248077850601061,-0.148933601370835,0.264861896657211,0.164960789768704,-0.875803573115406,-0.108786911257676
"6729",-1.20775281832259,-0.784693678531934,0.513846743049716,-2.25417242067094,1.1963373736444,-0.391063439276572,-0.358339025745538,-0.0776973087033944,-1.08326544848082,-0.686586887607995,-0.438747662644826,-0.113431722405924,0.371294703126148,0.924270634069054,0.033938496647504,-0.538995166522213,-0.0989755871991345,0.142974730581722,-0.258120941291298,-0.0654203000315704,-0.0239927808073812,-0.570551863225397,0.350128460926913,0.170891278932049,-0.231236728280952,-0.0843655477607581,-0.09950197559543,0.0980111355531482,-0.230715537029565,-0.0128878034147437,1.35985060879879,0.241316633219236,0.150510511383014,0.0531455845888258,-0.0730002359308098,0.703324503612237
"6730",0.859429462349859,-0.805876919455778,-2.57126367673487,0.576043357759435,1.13378913827447,0.310618841894377,-1.67306474083249,0.0715711981220787,-0.806844376999415,0.254739438981377,-0.779384348924431,-0.670039459790995,2.35412183541555,0.223198778883688,-0.999913353889666,0.0251602449329085,-0.0497904017767608,-0.397636130608848,0.59741917236596,-0.0506095035385388,0.0336883370906426,-0.159453288454618,1.50609420873601,0.143207672989549,-1.0583402870647,-0.11898872458933,-0.468697605506362,-0.42552981431178,-0.860686727206555,0.0734900009096863,-0.189427049626722,-0.248556735684554,0.145572326026087,0.995548808033402,-1.12550399195704,-0.0249031159595523
"6731",2.01670919241836,-0.0894483835419384,0.448016152294897,-1.19829880033085,1.54272628153528,0.0588806639488897,-0.618105163896415,0.180282238483666,0.536814112565676,-0.231755920920074,-0.885746872596915,0.971046932636989,-0.257131712605589,0.2484311765676,-0.652525154704537,-0.288152826431817,-0.0158317060019886,0.0901034425261142,0.17606398626111,0.281505522733493,-0.942554437118607,-0.304128867670696,-0.114000436039605,0.416925932608792,-0.241976950090143,-0.326076389164625,-0.104580914287924,-0.418629985145689,-0.0981087679291376,0.195003754891282,-0.414683898253877,-0.421983691641748,-0.0748343991505444,-0.163710983310458,0.437861176734383,-0.725045670698421
"6732",0.445340060972519,0.387002837353079,-1.48065632970887,0.303124895763319,1.19065715842924,1.34123781304515,0.480647363262802,0.550702432920876,-1.37829971255847,0.332323173907288,0.468606608912982,0.368253108065436,0.870731178129683,0.504313123923346,-0.987288171330626,0.409605467209037,0.131742785605921,-0.17775702666977,0.381387765681626,-0.500278633841366,-1.10988664062781,0.553690050333909,0.387145540665413,-1.06011839722129,0.13977648642761,-0.378091604125271,1.68248468359865,0.326302396900923,0.909508324807915,-0.094200548324152,-0.65364864995553,-2.05651291321629,-0.576019259293299,0.832753447401781,1.03959924540326,1.14669937277365
"6733",-1.64463057037342,-2.63230358506871,-0.434240349776649,-0.321854881688208,-2.31026177076021,1.5164570306196,-0.958356639551981,0.523071863575014,2.01775018120735,-0.4075666512003,0.222078881386529,-0.0268463175017808,0.819177895575257,-1.17286500859834,-0.0112523973187191,-0.0739583348943205,1.98917014295846,-0.728702305871871,-1.35958394713864,-0.332538343320724,-0.248831979188454,0.0637464824040518,2.08133322181616,-2.15411935255003,-0.179264295856592,0.160944548217517,-0.285216139936695,0.0154682089457929,-0.679457855124466,-1.19699554443364,-0.611242950402521,-0.230635943956587,-0.152561847688174,-0.738858950096823,0.31576773511981,-0.0497379485652798
"6734",1.82457196329737,0.416204760403168,0.663392742157064,2.67300560756929,-1.52508114244205,-0.413056329009834,0.455163598207125,1.62030259917372,-0.376531593343589,0.876901228845507,1.26554809106423,0.895713658538525,-0.768026340247191,2.24255260408571,1.2256992930679,-0.136909945529306,1.1338594237882,2.62468603280067,0.0250936974227403,0.543363603651619,0.773751684592484,-0.350094877354966,-0.861088616769883,-1.20821075723967,1.47602607985357,-0.0352177034086346,0.798895220105385,1.225052485342,0.18338134914338,-0.222015423163027,-0.0596424396727696,-0.593729731586934,-0.377805559801059,-1.05699521200614,0.407538497113886,0.287388076065626
"6735",1.19731097088707,0.887956892731491,0.597879380504913,-0.722408673736846,-0.903806267938649,0.260134829651686,0.771666961955974,-0.475269838297838,0.445076375285367,0.366728772944723,-0.198850516658328,0.424838357597715,0.519623588535209,-2.17817635525581,0.792923509654717,-0.184143406219518,0.584326584705816,-1.21318052289152,0.883638437016521,-0.175515726152377,-1.10529875650635,0.125834326604246,1.5909163745268,-1.68397300355362,1.6303992396142,0.036907444916787,-0.810733840226656,1.09260256744727,0.816622950723463,-0.492608229015235,-0.0930948622078847,0.0176258199464799,0.465995946132953,-0.775320772826314,-0.363107710084656,-0.103373988567919
"6736",2.82054331074909,1.81180020046344,1.56949653494943,-0.400029345807802,-2.84331646266236,0.73999146801562,0.365157233880138,-0.10866034285958,-0.41367617639648,-0.674776997349473,0.155430141492443,-0.242333916949399,0.844492297995676,-1.06510367869541,0.444258371827021,-0.304547508026408,0.718092586168893,0.606779643535541,0.840000456540359,-0.0404786735645161,0.751455498538773,-0.521224668216411,-0.32974413178079,1.03140076181258,-0.976630107851629,0.211436906772705,0.520593688636602,0.591066307167175,0.0139649017301459,-0.981166885486827,0.369088887637895,0.180814433156168,-0.0946393776428174,-0.0517338368378846,0.34332799621325,1.35953738986011
"6737",-2.2791018676078,2.39437084099655,0.525731097302599,-0.576637993624307,-0.345202847276533,0.633387164955406,1.21964259385107,-1.3200637179862,0.715853834706766,-2.62287227350994,-0.774594662621938,-1.51642976042658,-0.640401391552325,2.44046287281569,-1.89646578450808,1.0690220705552,0.148537489460011,0.330878450155608,0.970347226562293,-0.0374960564193713,0.290807031505024,-1.32468793481277,0.204343754500581,0.579567240800445,0.370195195026281,0.184250553865166,-0.569797192645259,0.575200119209446,-0.116949833536864,-0.303547364446069,-1.64276913372913,0.138721857145115,0.745500587477639,-0.587085741024636,-0.895434511141005,-0.995726487057376
"6738",-0.330100981044556,-0.824406554488627,-0.145091177303581,1.34108195556271,2.55512480565896,-0.66372251963287,0.102977751185309,-0.316589681554988,0.975322830720034,-1.93586427793579,0.599654618534508,-0.305815053133065,0.570935367726835,-0.653152266766743,1.52142548188618,0.511765636066312,1.36950592680597,0.510876267015675,-0.297697163717233,-1.1302239291808,0.708645262646835,-0.574530904344327,-0.0290851566814606,-0.425359972302186,-0.0912018600627271,0.525287465097528,0.0277160895040478,-0.998696096558575,1.42435989474605,1.5401362618196,0.779327661183109,-0.675411709686033,0.256545613006703,0.00822628369117882,0.0603108719717474,-0.272219252299905
"6739",-0.175638841683196,-0.382973451868228,-0.525020765858502,-2.22800369885093,1.56240342565944,-0.0729810882668622,0.422459743598728,0.697208531060949,-1.36929245398324,0.819117005760874,1.72686348389124,0.155393455443647,-0.368578499921508,-0.896208693711707,-0.987770623545212,-1.32521040721076,1.35093418494115,-0.774340757133626,-0.745317482023579,-0.155199685822074,0.28071186801812,0.375807368877563,-0.902018887003104,0.321044162323844,-0.941152444756643,0.942556949078244,-2.12401750108111,0.879262169984392,-0.703864891502815,-0.271195657131654,-1.4866936033137,0.962340958598864,-0.0924276957420009,-0.572134442532681,0.346307661997896,0.123447175299196
"6740",-0.118449601967225,0.925228739077743,0.825318037659833,1.6274993371565,1.80959984375286,-0.910852153987269,-0.547888780733247,0.757629483829793,-0.270822184001138,1.01135905526908,-0.490590886183687,-1.35735972707217,-1.16743427062739,-2.68906534770995,-1.7927647689506,0.684770741307245,-1.12611498424973,1.024512173903,-0.335978077837977,-0.00323827955498692,-0.625871430062368,-2.23765397027533,-0.86359097787348,-0.00274878211498632,0.39733380270069,0.478433674927384,-0.278969333840143,-0.123226064817034,-0.351533776103885,0.0772236733998567,0.640248173466162,0.421970588448983,0.207372613026681,-0.0483458357211763,-0.932512390628143,-1.57053973852206
"6741",2.59199957303565,0.320335556201023,0.668408173975434,-0.987967524924395,0.999866671450925,0.0430464646842692,-0.321548049945843,-0.0650851932352989,0.144039268289556,-0.0561677319748132,-0.538618832749076,0.791458214773341,-0.70615483306432,0.330699043624455,0.00585807974503006,0.517912645804032,0.518393480714919,0.0627130065984069,0.654067474495743,0.618059512838253,-0.513301441411177,-0.153425117114585,0.0839799387308019,0.195919737893133,0.923636637963877,-0.567120638192759,0.178628559678602,0.449568502161149,0.752424392636747,0.607780377654428,-0.0955694051103182,-0.197117660483063,0.0448837560332971,-0.271548138502112,0.295997974701938,-0.12988224371098
"6742",-0.266456447720488,-0.663187115855756,0.949583133529642,2.20016440010486,-1.38404697909331,0.829057162538215,-1.03590291473585,1.27009503180342,-0.281767663472101,-0.623590279915542,0.680158078923378,-0.256436701296315,-0.397687522836912,1.57124149596698,1.49273402242174,-0.700215501219475,-0.535353525968041,1.19517567933433,-0.433121649383129,-0.712856701713284,0.0832847278128427,0.447801673859144,0.0126714281806852,-1.49661572648888,0.330546212645194,0.100939776283614,-0.182776025017927,-0.716998736474685,-1.15357110035101,-0.388388442440534,-0.830055608941263,-0.411300158820298,-0.18618478914229,-0.194987378600895,-0.320760361282643,-0.212948896658106
"6743",-3.35935131123495,-1.446654881387,2.9834370592667,-5.189676068283,1.07210599062255,-1.25350228719487,1.72523142937871,1.08710700094761,0.221117645858275,0.972430810619879,-0.920031365349592,-1.26376498856417,-1.53985117531205,-0.016563150585276,-1.44729566690938,-0.902518862347313,-1.56560749516606,0.398531479827787,1.21461861799283,1.49580483264461,3.65657431742262,0.391989955066781,3.66388051166932,2.21004739123536,2.10427856282289,2.09913134350598,0.702618289660593,-1.37852322409073,-1.11049829752452,-1.74353806457945,-2.91533635298911,-3.25620091334923,-0.175863791488195,1.13493933718559,-1.05077276204744,-3.61975778590655
"6744",-1.54861654139956,1.19857380136603,0.252198078717771,-1.85650227513494,-0.230322221645974,-0.574012768916898,1.17164666617536,0.889244117336418,-0.408676342233985,1.25496537647888,0.481715933205468,-0.0472291194490515,0.760182874151122,0.0566861022839238,0.430676164508606,0.165407657369304,0.625181219332891,0.0559347132764334,1.3437333214281,-0.334366401261969,-0.998151266498412,0.643945923092762,-0.232637672414547,-0.472251401562826,-0.0372269507299767,0.78298769546508,0.547059404536092,-1.21078374772274,-0.512749403931406,-0.144115909075211,0.779598978581982,0.32914702306203,-0.188649331281811,0.518758824052478,0.870431804358082,-0.871486935922134
"6746",-0.776606746939415,0.804780587792904,0.305353945883425,-0.152912103415706,-1.54598284769779,-1.80388826417539,-1.09865269558227,-1.19260950193138,-0.220144170872112,0.335953310551144,-1.67236886089271,0.761642980933537,-0.543593092263063,-0.717240686613269,-0.887817377589901,-0.332871944811993,-1.51569873559501,0.0803176409247472,0.392419453941643,-1.14273129584175,0.506922202407515,0.705101993233302,-1.64434621269397,-1.33568569802817,-1.02329911557031,1.17865686150341,-0.291306303820108,0.480537077626485,-0.312970129132888,-0.354413688716589,-0.630484745491232,0.138821198385037,0.224680409622172,-0.0691999143096851,0.424871166919211,0.0296572038931417
"6747",1.44638222483025,0.153004579166357,-0.136325805740474,-0.852220067025903,-0.646472552920473,1.7938653805634,-0.711814494225933,0.418750390138253,0.0947940688478203,-0.824266674265881,0.716780471397756,-0.0161745310486503,0.216069857465069,-1.20399567743801,0.276823280692692,-1.25324040162452,-0.841473770249869,-0.434765835889694,0.293765443761391,-0.498211778323958,-1.53692759946192,-0.146268337520248,-0.106851647001192,1.3427778318999,-1.86064178561515,0.893148155984691,1.37229803855545,1.48523013636235,-0.459597765069594,-1.64906392585582,-0.182156957005696,-0.885106966494309,-0.393704700029696,0.801455089647773,-1.25017266050579,1.60017044069006
"6748",-1.12458317991223,-1.11997804081031,-0.0409809592164039,-2.09023597564757,-0.12057023846996,-0.76068966750937,-0.0875226905801103,0.226252046932514,-0.707750899401379,0.153203041016505,-0.0240474995645911,-0.470900290815847,-0.0676096213164892,1.3684903950692,1.12677474167065,0.749371604860412,1.67884508431519,0.220078421221787,0.372306130420928,0.747229645660127,0.114186866919795,-0.802078078168565,0.0125745390608817,-0.516413301334578,0.0334882913353379,-0.177654886346758,0.357743254227726,1.50181806751739,0.50477868388526,0.406354804853235,1.07366236964775,0.0388724606525358,-0.117836762472553,0.563231962924828,0.205345136147227,0.416494555455445
"6749",1.03320137205615,-0.0237062308078552,-1.26312404566427,2.18628065063152,0.359718687194296,0.48456387513421,-0.290323017512273,1.68209403140438,-0.876720627426433,1.22662118039505,-0.356637552046354,-0.205555215217433,1.70930153526577,0.67831095994298,-1.24774146992604,0.895633445623989,-0.347476579695112,0.250011274552291,0.127265703694905,-0.591314390463626,1.29162357539952,-0.715430946690583,0.994829114224246,0.0924996628799277,-0.726191388839255,0.183259439737158,-0.138160641856796,-0.273505961557635,-0.0234263924706185,0.479615090631382,-0.247398700015998,-0.163606217450401,-0.126313719798571,0.153792842596158,0.588419429454007,-0.393519684656273
"6750",-0.0637619192328695,-0.658816526446827,0.717432693653698,-0.510079186004586,-0.772699665617106,-0.125041429540407,1.48440202063907,-1.57972281349363,-0.393070288196317,0.493676903511973,-0.378252040693855,-0.812764113372207,2.41643453495172,-0.206561960524193,0.737810395466845,0.945514805571624,-1.32170243078291,0.845883930236039,-1.48940210508365,1.03256365839738,-0.821666606814326,0.181820062552105,-0.66028468915336,0.38627881252745,0.291703343443596,0.750842208169663,-0.339565828105087,-0.0627458123474737,-0.0250612061660052,1.51658087147083,-0.367080916470523,-0.619635459966259,0.601691915104703,-1.01519653510905,0.275251729166844,-0.418138188096557
"6751",-0.35263498131325,-1.48275178139843,0.285147109879738,-0.296799588924594,-1.44192077428813,1.58077481630127,-0.403348015342586,-0.123002789949662,1.11802493482539,-0.361140932270199,0.352587053257148,0.322032226940854,-0.0340653382221104,-1.74519642871739,0.0824822513956337,0.198009815701172,1.05111843922794,-0.966574345611188,-1.18584049262937,0.131128063941804,0.354311712442262,-0.0627520602884181,2.31409670581502,-1.69112570743267,0.553336782808329,1.27146477898729,0.0217031880310212,-0.668496373379121,0.190405780631025,-0.33544475512487,0.00682566261808147,-0.164957792146141,0.144046649322836,-0.738958396355642,-0.113162331812496,-0.569482253510968
"6752",1.29344953331845,-0.577143290381366,-2.56124596375414,0.515139551796344,0.932947191571788,-0.0376103010310943,-1.518116830539,-0.0233251520546389,-0.974444624706565,0.361404197869818,-0.621920876426883,-0.308683375432726,2.35437144580007,0.422227416951956,-0.870379082356048,0.455690374307636,0.624309335256354,0.0410890825575055,0.857684054235871,0.395872231380441,0.371214753149931,-0.69676290979721,1.0302514950405,-0.290822201926244,-0.479193130669116,-0.0824472000286666,-0.00334419276224288,0.0863148163261872,-0.605989557029056,0.0341588298631749,-0.0149231959138291,0.0934550766807328,0.211732687527587,0.524872418780165,-0.955613339303774,0.277980222836868
"6753",-1.61065716806724,2.62167679060087,-1.76290223189969,-1.12824212232101,0.449797523997138,1.13638199057218,0.17736749335957,-0.265637433651373,1.17337502491957,0.254675068536773,-0.658862327249393,-0.033416136636246,-0.830089403619818,-0.14326665721199,1.23814995327752,0.210197381141763,-0.406453956251449,0.267391983089482,-2.13895478768991,-0.467134277586332,0.969670748871818,-0.116335478157711,0.0540161057880668,0.606013605980043,-0.0145052889053003,-0.783246228732262,0.119183548879791,0.415093706934948,0.0589967784266711,-0.590305521303891,-0.955831107077966,-0.174861290984604,0.740657364432376,0.657224028994406,-0.692917883293014,-0.896159862184996
"6754",-1.134311853598,-1.68832038356837,-0.226335580962495,-3.96968314139342,0.0257967097705737,-0.0372857090200855,-0.835646980726085,0.667496997234194,0.65762623419574,1.73023312834195,1.98176128011634,1.32862031389075,0.35562366351109,0.588490807739387,1.61464489943073,0.607848253281237,-1.12525777459577,-0.619716707087803,1.81223651465547,1.22100729963871,0.955790148864773,-0.524520176417146,-1.26371741340638,0.0552486035135826,0.217274006285468,-0.479540878974428,-1.59504990688631,-0.84873643798424,0.447166351989747,0.153507825755357,-0.49011188006452,-1.40237546341956,-0.171646910238003,0.474193666316976,-0.488300641932225,-0.14999947105544
"6755",2.49887771156381,-0.0211301089678184,0.307288982143147,-1.74065938228543,0.863117878469932,-0.231320903203242,-0.401706726799139,0.110420451869649,0.281223402316645,-0.0513948927999154,-0.782678403596449,0.767815364655579,-0.786920856559257,0.174950954947275,-0.355742423732858,0.0789156373534938,-0.00736542730065876,0.0552548984040601,0.690541449972725,0.343872308542858,-0.790945225941568,-0.334907362207402,-0.178740597340956,0.175373068461096,0.62875975389656,-0.693255319654221,0.029297683084493,0.0771559248124026,0.120781523129745,-0.188669400389348,-0.729819082104599,-0.36665988374433,-0.0114349252257393,-0.672121107381961,0.358071091349567,-0.133634738857884
"6756",-0.28576100553817,-0.742968109818618,-0.345004921028165,-2.10274283435262,0.582769107071013,-0.438249144261973,-0.164255506176978,-0.032992425589365,-1.17711456271412,-0.56194180657705,-0.255742744924762,-0.0469120954122027,0.103814071121948,0.938428414289807,0.561809489997183,-0.0587095396417482,0.303660596203553,-0.3412468476703,0.22624150280569,0.767153815224391,0.191203455945666,-0.00652580065871214,0.0660956877755814,-0.241799425725322,-0.315073955309791,0.641113315568678,0.09388981298772,-0.0839602635776444,-0.485351919616085,-0.170359980857578,1.11336193976167,0.283807961738542,-0.190704675587729,0.252727962832019,-0.121642681988743,-0.490837649589847
"6757",0.19666915509591,-1.51790633446196,0.248638242826933,1.19643146369841,-2.04027104488594,-0.277691389671969,-1.3968017049775,0.70394657571883,0.663177175345062,-0.136381307971373,-0.211866687382829,-1.58916148000211,-0.59820446357895,1.94950479748616,0.946826699679743,-1.18227828552327,1.58490520476282,1.35912510730868,-1.15777640242201,0.0392964858978704,-0.307389635467069,0.106926022787921,0.597525533671364,-0.249373761864969,-0.801762424951014,-0.466050296172093,-0.48182669280339,-0.108703083742839,-0.630920082746533,0.599039071532771,-0.214359982364748,-1.26065284851471,-0.330672180912811,1.05021466668322,-0.0542264196666119,-0.593310432312046
"6758",1.81277989846014,-0.421680136422959,-0.203921245632314,0.141640296302607,0.4469749381359,-0.192936669524026,2.11508873368215,-1.65937017352573,0.0187862445701094,0.184310533338591,0.298283765248599,0.0193659978586126,0.744727917997357,-0.548073964762991,0.645842097652768,-0.574502291351849,-0.195032060948463,0.576911389910744,0.83353108602438,-1.32393588874597,0.502929660341298,0.648277055374546,-0.494263244725863,0.232098360807814,0.368668808882032,-0.740793510360331,1.2619044683841,0.268019910562058,-0.362622134766451,1.54327078419128,-0.588727569151395,1.78497574073788,-2.40658520520354,0.738920220052144,-0.315750424255286,0.366959155390508
"6759",-0.34744837409286,-0.606468045923614,0.760704148307768,0.982438911530861,1.97243710207218,0.958722810124451,0.51304406674277,0.316563513946266,-1.27180329841932,0.0919616606335348,-1.5371842721666,0.662694814725215,0.303773000532189,0.567107606435379,-1.61345792230596,0.958077688252303,-1.32598814733786,-0.56882482149398,-0.954464787882023,-1.85290721655733,0.453938631310511,-0.484219692155893,-1.14424212433165,-1.55626657560949,-0.271280940357836,1.51622516301968,0.877279879210038,0.308938764381668,0.235127022678745,-0.405064412918619,-0.852768576901368,-1.28741635676546,1.26125041664306,1.91530053842546,0.295496083324204,0.420422612408726
"6760",-1.23262156317071,-1.59568494187664,0.315940271401779,1.85719583476113,-0.603646298492269,0.982642198162723,0.96696057247698,0.736379513602138,-1.52323491378459,-0.603285198958124,0.108541823516373,1.29306420581575,-0.530183511913303,0.0916420673781216,-0.108654914413391,0.351094067433715,0.17697066546103,0.0321148565079512,-0.609575888228486,-0.536888831511767,0.429098336493616,-0.462225168513455,-0.223001514497558,0.836276504717823,0.363959422274262,-0.2863106642092,0.906066666078712,0.36419041372922,0.754569575787817,-0.378919885958019,0.608530610788604,0.408653414729149,-0.17496370131697,-0.956536021349941,0.319704595984344,-1.72024518335649
"6761",-1.80630259863881,2.18018208581133,-0.105315467081973,-1.95377266275099,0.201227623261002,-0.241544058654197,0.203083725846156,1.03988545836516,-0.39391156384353,-0.0353678313117192,-0.0127491619546136,-0.794113598581727,0.544695047624288,0.774904641134378,0.109280127257279,0.702091225666223,1.59774411768949,0.2637258420905,0.0792423122565494,0.0182174254488018,-0.040863394740386,0.563251199138493,-0.910584505347408,-0.0791539280216228,0.264258670304021,-0.165881952179659,1.33822153202526,-0.615175141534079,0.393189801835275,-0.351337831852695,-0.462366124624713,0.0263563221443082,0.171650320045151,-0.784661445204155,-0.810796501669599,-0.0411164618434633
"6762",-0.762835845111827,-0.343434244897881,0.202317725879942,-1.67944379339837,1.46100261415232,-0.104649938532632,0.362729408224252,0.762309393145283,-0.927332737485039,1.27028003826365,2.00153960427728,0.012772961977856,-0.229062004783344,-0.597487474502666,-0.718599663923607,-0.676195923035362,2.47238405117757,-0.555348989308903,-0.905159544572452,0.0574893373093329,0.550204186523132,-0.13426429390218,-1.033705880047,0.38495419060879,-0.55212117374543,0.647992561512053,-2.25236155148771,1.68079578593302,0.290391645059483,0.791456833572761,-1.23999022899362,0.317975694380582,-0.230473981145035,0.285881059686153,0.632676320886412,-0.129929289253586
"6763",0.615710743040022,0.519591380557297,0.102503158008506,-0.571895095220347,-0.893089692842303,0.462990100376584,0.445290239025629,-0.970625748787334,0.509034442170448,0.0591581917554651,-0.752684200050554,-0.429362673802161,-0.463427075079703,-3.85734129651395,0.0620461512665298,-0.380511071439646,0.657527723349362,-0.50663142189153,0.368826051641333,-0.362485881385224,-1.14126153721436,-0.138339154518925,1.11108124388031,-0.744477155646262,2.14871769416579,1.05986226569841,-0.682897210037198,0.719140861903872,0.782131609825973,-0.696395997744354,-0.119433460601714,-1.1063512264136,0.793427893177693,0.35463170320223,-0.49879318518047,-0.494520392201288
"6764",1.16799231362229,-0.999399716739667,-1.8006114151264,1.79828631448702,1.98145768140992,-0.963116292291993,0.861194978101301,0.624574535109598,1.46471290438541,-0.961066656754695,0.498902798193621,-0.466495466798968,-0.150877203739168,-0.706442716664641,0.747089797416838,-1.28402090581475,0.112351638990379,-0.456059676770548,0.0402640944420622,-0.699791216915553,0.264464435252097,1.01507973954432,0.517155005399057,1.0389936433309,-0.183603171870854,0.0916457268187344,-0.416029565995772,-1.29276526476192,0.514690774625986,0.244194278740793,0.279541123101225,-0.890007742113032,0.145293983475052,-0.43112655493833,0.15331500199444,0.416378061142186
"6765",2.18496361641271,1.53354511946502,1.69420702424268,-0.610384458675226,-2.30265825166121,0.749417730913098,0.312687338281005,0.0984619963443938,-0.123007265990226,-0.658416343766431,-0.0449861350150112,-0.104347689711316,1.11404869926225,-1.03310213512977,0.0709179025529833,-0.778294481791974,0.324760812108942,0.6596811651987,0.484024338052931,-0.296355482022709,0.48989478015344,-0.800807805130668,-0.23114026585543,1.17564577708255,-1.91846551048268,0.468884447424372,0.437833523735193,-0.0104070905918167,-0.402862744611531,-1.01976616094392,0.182013263157064,0.0706068160125182,-0.0750763989275771,0.144017344027126,0.38722974861966,0.882035471698683
"6766",2.41282214324423,-0.00231593527418491,0.333155917610846,-1.35907591091856,1.39926473978207,0.059302989213018,-0.204150037206506,0.272902612483765,0.427457580789812,0.108247955052932,-0.475742559501426,1.31725021253729,-0.426521994721424,0.367152693443804,-0.362836196916075,-0.192453305453468,-0.277894427543583,-0.114603912849418,0.537633482191052,0.523131571206522,-0.801438795233925,-0.353414997017869,-0.0490320323427686,0.198658032590929,0.116857735510413,-0.273114823974689,0.121009585953325,-0.46402602557246,0.0265149294846237,0.209054390913959,-0.194873387762434,0.235097114776899,0.34885513364227,-0.413937381524696,0.233884741079783,-0.334171578083475
"6767",1.12972523380547,-1.07333670088856,-0.000619107523676728,-0.490938042773994,-1.70501207184654,0.186803196922996,-0.827424659693409,0.190598820210796,-0.487245945401439,-0.438683504594391,0.399024114261234,-0.884018337832308,-0.981538534404613,1.36058293668509,1.73671246040768,-0.398165804462403,-0.0793117529247055,1.29723625166379,-0.484019077060762,-0.594223978896961,-0.379464118566234,0.268555778263579,0.537580991329578,-1.12183045176439,-0.845589837624578,0.30428484952947,-0.0784634689373072,-0.898561281073539,-0.574483737874237,0.334575481670851,0.163183120651557,0.0155684013283898,0.403393969232331,0.254064238032025,-1.03302597270831,-0.754763588514595
"6768",-1.98770145709992,0.975526203026039,0.434923537326974,-0.470305490972639,-0.382562442189198,-0.988834848483063,-0.449243899423406,-0.321046728721975,-0.458117605644664,-0.292421584847095,-0.594238845893052,0.95842305331034,0.413639216306891,-0.730077655183719,-0.570822529340621,-1.49817591550083,-1.95236143306659,0.937660989106911,1.14924131468572,-0.27095129871721,0.516614667899506,-0.12849180414799,0.146162800427142,-0.730075213449917,-0.546083236988682,0.0957432725859292,-0.0555526834097355,0.86549607247693,0.141244705139527,0.228736434728549,-0.550529080170279,0.166800862735364,0.171446317052234,-0.0161621904319383,0.672600923774889,-0.35732034826264
"6769",1.90836128734596,0.241841399492885,0.709661674396069,1.07643621941492,-1.62599019939327,0.2005372972292,-0.319455355197325,1.69677327928646,-0.800176180295079,-0.281009528889875,0.430232477530599,-0.334673562255928,-1.07480811723873,1.79244373609257,1.52189020728624,-0.474214956782222,-0.917271091132192,0.905406879565996,0.137621596769206,-0.813112874418218,-0.306462623689949,0.280299096971117,-0.692731021902024,-1.49730480132765,1.05633040122453,0.114712685434265,0.443337293855273,0.771156012191473,-0.415878148619664,-0.346733618025707,-0.23562926315907,0.645878641708739,0.0794302635480459,-1.1536345499521,0.0410691434154601,-0.0503463520204835
"6770",1.06849269483762,1.14992202987927,1.3718065936601,-0.676735487812709,-0.390460144385951,0.347058626762431,0.522058576996523,-0.563396649134317,0.461210332489261,0.227225415585831,-0.250185374621109,0.529893279512458,0.759437038332438,-2.01707494487846,0.770571290014663,-0.215721325672835,0.286239618286038,-1.66595246853863,0.639759564050353,-0.232672705493054,-1.08523167187283,-0.25781941977878,1.51466248910885,-1.6869122754551,1.50361022217824,0.148129343581761,-1.10992000407323,0.673964714131214,1.06979665097064,0.22238859721527,0.0886130517421016,0.000841918932424728,0.450391975749323,-0.487898654625126,-0.291087622297803,-0.621435639748687
"6771",0.764643772931023,-0.00229751574969441,-0.681073945238978,1.32611239988217,-0.277161333227054,0.766424300724404,-1.1980189353417,0.884962254621724,-1.41945103784207,0.393609812568129,-0.584341958075782,-1.18657179896975,1.01469298792307,-0.16599428586633,-0.507041849385798,1.99374727667905,-0.375700369414899,-0.145262283407855,0.42093036896469,-1.00388669772239,1.3578191195463,-1.35418897966332,0.365623419541344,-0.575277497676079,0.660354001199684,0.302755396856356,-0.153345794913432,0.0102360275265517,0.639935583596847,0.980335286542747,-0.298469149141495,0.00455889399017889,0.26136017035246,0.428474795703591,0.325167459946148,-0.175406434339194
"6772",-0.682391994263064,-0.742061984869987,0.251867945295115,-3.00586115153955,0.639158465940548,-0.930648476233121,-0.197605106606713,-0.22770682962346,-1.35412418749578,-0.576364931066906,-0.605307155909697,-0.329297115870912,-0.182354339926188,0.873506304964939,0.410209683033438,0.130507203398223,0.115307363644057,-0.114809890304781,0.0411048430539574,0.140977775338647,-0.0504657841768247,-0.822862184703038,-0.0393314408039699,-0.401059834242487,-0.439777056852156,0.228101604081312,-0.14711484915733,-0.0686966109496089,-0.290344883133925,-0.272884140609417,0.480487911625697,-0.491783662966384,-0.467470143199627,0.0425665444960445,0.00133467804891671,-0.622036641291839
"6773",-1.23999561590553,1.63262373794993,1.97423308582975,1.73757266698927,0.0175631773488688,-0.926993561434426,-0.405327802542929,-1.1046905070168,0.676822171309406,0.672763387361277,1.30696330568857,-0.882304712903633,0.73145733231286,-0.258869227747766,-0.721769228095724,1.30858847722591,0.282567559520241,0.0958083483913073,0.356146507820446,0.370251719583555,-1.46453670150346,0.26907865528269,-0.316974543773099,-0.45936227235387,-1.42199599240389,-0.672759926040611,0.639360531631486,-0.218952512113156,-0.591438003408186,-0.637997277093596,0.0702015507874654,0.504175843945685,0.419991012916853,1.01243566653256,1.96616652349629,-0.393903017436099
"6774",-0.254055343466566,1.49542582288472,-0.629422406621632,-0.678200912355717,-3.42567047264658,-1.30217548570529,-0.598884545068799,-0.844219783683406,-0.0650888363470262,0.76557616372114,0.29621525583684,-0.0887905355856962,-0.599666866510534,-0.904261112553594,-1.10069803825656,-0.794094673952285,-0.103534211676798,0.167189140868815,0.279762905132729,-0.228469271677119,0.189434919336589,0.695909893053392,0.0480107721084369,-0.389766968066171,-0.269641233264272,-0.435051885460995,-0.122299902232389,-1.4413705515369,0.791548849707633,1.15614168595945,0.434125738194786,-0.399760263927612,-0.779634941825867,-0.321531216654085,2.01509803487299,-0.150991218470674
"6775",-1.81670401892251,2.79194441751208,-1.01847482262218,-0.756166307343292,0.380881199383251,0.938044787326475,-0.285257838377965,-0.785831070419525,0.925400442848357,-0.149818770612108,-0.547942798174604,0.307310864776536,-0.492280802089164,0.213930467914249,1.43920216860074,0.471058483219216,0.0688547077661132,0.102461423360769,-2.13094982013745,0.00390659572350768,1.50329815035661,-0.885081353681242,-0.1788086453868,-0.127678738877293,0.707220372281935,-1.08263335043146,0.00342301406678246,-0.0188852019114062,0.0548639631805825,-0.393574259888709,-1.04791238923289,0.003177875272915,0.663297194651611,0.262058859846944,-0.614591496140844,-0.460178970826634
"6776",-1.52924646385569,0.771117614438179,-0.118693515192609,1.66880716263637,-0.667857115130332,1.70602953796619,1.22661990037508,-1.01554292417402,1.22217504370661,-0.316734502077727,-1.563277498374,-0.341059766000048,-1.23225476349817,0.561764218247765,-0.870142312014295,-0.0366966797830589,-0.33558700362258,-0.167543404488188,1.94165091898323,0.00779970064861714,-0.484055213116104,0.725208395283793,0.00449768485674587,-0.334014052709825,-0.923151649455946,1.17918622967933,-2.4416813303141,-1.59140062777781,-0.678238752192366,1.33041947692692,0.389522493913263,0.717203916307348,-0.134029981822716,-0.0639152539282491,-0.72875583803337,1.80600167200135
"6777",-0.85965077417503,1.40751917250653,-0.129657376334706,0.103811226498571,-0.221419467205215,-1.06047973067338,-0.583628308235375,-0.37704500451705,-0.689119932644157,-0.49653126739215,-0.797322370681857,1.16610361531591,0.459713658106263,-0.648751242003239,-0.567551025913792,-1.58005111899185,-1.69309162609828,0.785713695689372,1.14457160067131,0.252618148868839,0.371602942998074,0.0887523697429834,-0.355711556485411,-0.698743781086347,-0.896351464511658,0.608256210431547,0.181922320025757,0.96374607819512,0.0855580339951288,0.383677676444453,-0.0918250324447118,0.555961913039968,-0.0911131638450674,-0.230379108977576,0.948263022940204,-0.671833179056052
"6778",1.65309755673875,0.490293304420854,1.34128077585124,2.0991655578026,-1.46280257754532,0.307304084797693,-0.29009022318426,1.21069669448789,-0.873201162800055,-0.196879252460658,0.706644441573884,-0.259803658434015,-1.23404734295468,1.61548521942158,1.51119597721257,-0.320398723244874,-0.526885241730955,0.829170958308227,-0.186919896742359,-0.419594752978879,0.196409857742789,-0.0108700745621545,-0.520480995932599,-1.25970149927978,1.78153189749032,0.180879736339561,0.134379028472747,0.277719050073921,0.107900194113761,0.382348645433273,0.063623597892605,-0.0153185083334251,0.112280874167066,-0.416043972268311,-0.0682541775313291,-0.142911492790788
"6779",2.96756517668601,0.647238218686236,0.263490468327669,1.60476886393316,-0.13302596811983,0.306285090255244,0.730591646355217,0.959215160057858,-1.00033300392837,1.20905233321163,2.2921776249994,-0.412440547147518,-1.57367799247474,0.0236518831706855,-0.544485683895829,-2.19675141263124,1.81552253785047,0.723814190723389,-1.92688229287243,-0.446332662754174,0.338898258400632,1.18682900522838,0.0344707028153718,0.544548404435171,-0.349351834494299,0.970028969673775,-1.91368102424352,0.73221755048753,0.0272510293322009,1.20788430224192,-0.895136659331568,0.858339508497225,0.466462044037407,-0.221311174245455,-0.145149503826173,-0.299443384021516
"6780",1.0160274626838,0.0189290942490957,0.989504693949273,1.02731571831045,0.571571465502523,-0.843087226648217,-0.500147663010913,-1.95324305367292,-0.360682000233124,-0.391914881033148,1.4125008850195,-0.242879667033415,-0.368092155409021,0.386501575460366,-0.605938017511619,1.26448032167456,-0.733294844178981,-0.384492970794108,-0.387187372667101,1.4496990639999,0.0592071667196362,0.151759382561128,0.075645974205086,-0.104904841631763,-0.932530261649799,-0.806256944910242,-0.063495689197997,0.478852140651242,-0.398299868741775,-1.10193218741907,0.458523726550517,0.120764429369887,0.643775572727214,0.782880248373553,0.481570671426325,-0.582809805726904
"6781",-2.06330864276498,-3.5192217577783,0.177915957572132,-3.16698947075192,-1.71606354742542,1.08130023422446,-0.944657146641327,0.52526366388902,0.82861002371941,0.653512059066582,1.03295689383039,0.854115109139484,-0.349685008073476,-1.0312463215763,0.322587238316135,0.955260766240698,-0.435406900981295,0.0732220376201299,0.926104873274347,0.0118178978749223,1.51141749319515,-0.724651468890311,-1.17775074935499,1.989454550973,0.883390611425065,-0.956190077385213,-0.613667052722147,-0.143486299267657,1.46586287809286,0.00137276540051984,-0.837799256020713,-1.27457304245349,0.25463155279119,-0.0269252210235988,-0.477193061606388,-2.43655327142756
"6782",-0.631370035765383,0.329242748256356,0.948432343761606,3.46706874498108,1.85072102849145,-0.909762792431867,-0.500882713698531,0.204500233802914,-0.438730876058583,-1.48273184516695,0.732889699600399,-0.221045956809995,-0.714976051605496,-1.64962638441111,0.712221192704547,1.23564495998914,0.611854105813271,1.45658241917671,0.0957859024233994,0.363597469781208,0.213253204170582,-0.00210544120329272,0.0579362962048737,-0.272300913802928,1.10309514919918,-0.476095287803242,-0.975299175197006,-1.10120184033857,0.577838356502987,-0.0754160508930558,-0.55285547622778,-0.233753172914557,1.25384608863302,-0.0144477336585906,1.04744534773484,0.648595391989762
"6783",-0.270497618508358,-0.493789835882854,-1.33494161397546,-2.28195788430947,-1.01313456605809,-0.998055669744165,-1.52057637405694,-1.75512687647828,-0.858150786393143,-1.03624887482391,-0.16369299120133,0.369476486693081,-0.948022822416514,-0.626308198560742,-0.795368688616521,-1.04844499465313,-1.18536907166212,0.0303178129150216,-0.0312519698455749,0.32869245296585,0.31846954843971,-0.0384354082333,0.33216787054039,-0.613748260896104,-0.0954980747717598,0.0717253192603975,0.100306903954906,0.608882673944707,0.552446369891903,0.408259463530689,0.296087316429153,-0.682641589936524,-0.204484385793765,0.26633621687486,-0.408136376543813,-0.545552077456178
"6784",2.13125761984399,-0.107584055838471,0.199360023279227,-1.32929026671222,1.2548429702873,-0.0308868430371021,-0.537320007153778,0.0985252103229081,0.417804641901923,-0.161342063530504,-0.847254030215345,0.871366795927996,-0.506930061751483,0.0953663537398154,-0.48296666097772,0.0515755672664568,0.36166040886917,0.551431656311085,0.40155883515215,0.350909717892951,-0.858452442323299,-0.34807384022094,-0.214762222925214,0.334735826499738,0.0703248036159847,-0.345809235122599,0.240101457002844,0.14334323169503,0.111266931740092,0.0200264056120523,-0.404932456884868,-0.376798747649409,-0.0183451648757371,-0.38097567484628,0.42365218657424,-0.273745753383088
"6785",2.45199233518017,0.14493711304933,0.503404165241154,-1.00559474245963,1.15111674915866,0.258630766429826,-0.32172865140555,0.184437959900515,0.385471131291857,-0.000576948855780919,-0.465515111860136,0.915468554885416,-0.487350781488635,0.351246220964224,-0.11567669571329,0.167513039287473,0.123253785217893,-0.116667334422721,0.663337351214282,0.594077382421527,-0.557234996458588,0.20281222024826,0.24944837732749,0.378776834291647,0.588413814253314,-0.458776738208481,0.0802128168054964,0.129227607493638,0.41968663314537,0.467478255842075,-0.129148152714415,-0.0400426431459383,0.13111905386109,-0.189575805910141,0.207221085439423,-0.28844354044513
"6786",-0.908013743255356,0.419983365505725,-1.17922196775402,1.23953522151719,0.370264423395446,-2.34457059581072,-1.52820893288966,-0.350406142963609,-0.380430716979436,-1.37191494893095,0.689515626253364,1.65796395324306,0.133646236470726,-0.107267727092613,0.157165704300683,-0.555942948883864,-0.217161035164196,1.24403400464104,0.121221942569174,-0.817076343243257,0.160862507521158,0.122576170759574,0.50657573228468,0.202338381178543,0.0700955982924305,0.592265117590012,-0.418899056283251,-0.175394591790044,0.942963317430166,0.519362472925269,-0.456682308867871,-0.465357093458275,0.645422195279229,-0.470199870824523,1.46059607467874,-0.0012189054810804
"6787",-1.13120178968312,0.268711496052314,-1.03259303600893,1.92584094670742,-0.463536106171327,0.95935119709041,1.44048126844116,-1.03846628931953,1.38722547862385,-0.547560469592876,0.968061159487988,-0.0475110870361535,-1.47324034031243,2.27994879691108,-2.06114491431534,-0.304203301535312,-0.611301154247577,-0.735931282037826,1.05803091855526,0.966500560584847,-0.978240433648661,-0.80159783326799,0.744146334770633,1.37960181105153,0.190388052979788,1.04203812486398,-1.16805422210279,0.135700327719046,-0.588195998194633,0.186556686145226,0.201922072612317,-0.802421085774327,-0.385300616510326,0.898942782900555,0.720648667877775,-0.275190494143606
"6788",-2.17004718149644,2.29252522974476,-0.800481962048153,0.507839124367469,-0.669432467391038,-0.912660662903817,-1.37305917661367,-0.322112371685615,0.84295410444322,-0.404472318091435,0.0364680009700836,0.508588341207812,0.399120330888788,0.0284237771094571,-2.19899966202873,-1.83930373740014,1.05071469113107,-0.407765722920362,-1.26730772281457,1.2209719061795,0.314740982938087,-0.792702226984664,-1.21985823264683,-0.358455977707939,0.396432135320068,0.177442826182612,1.43861276357815,-1.42589354892211,0.710404059674207,1.32210659546939,-0.0172617178828676,0.276114945822952,0.91500441259805,0.364920241900929,-0.39943323121863,-0.457828322322925
"6789",-0.1961750968203,1.28491614071711,-0.430592681371,-0.610091574287437,2.50305155426238,1.50597960518999,-0.419198352317811,-0.315823022014795,-0.445505915117059,-0.0312244443228207,-0.840569509465903,0.0461596393843556,-1.03798180421038,0.156802351674815,2.25800413542141,0.675351642957378,-0.536851728667527,-0.776415357249256,-1.77173927271132,0.0108762924542821,-0.0837976014360615,-1.07607057491975,-0.725809857247356,0.73598337230664,0.841209211985433,0.773316483190392,-0.4335736461273,-1.1181872710483,-1.5049003838774,-1.19724115607734,0.626275888056783,-0.510639708855243,-1.14466064009547,0.0395907065608807,1.28386420430752,0.224428748895386
"6790",-1.43710016906141,-0.475408544364006,-0.279870780708063,1.31993472538787,0.665634115117534,-1.01513523403457,-0.325969280791208,1.93522287757306,0.92657373824133,2.32084150494813,0.0525000853351355,-1.4702827305041,-0.979096289899341,-1.7510768337681,-0.617984971774283,1.24852265098872,0.217542295962598,1.75355973780596,0.703093162670629,0.662254422129373,-0.70401900691494,-1.93051974471213,-0.152449744640191,-0.532880604548342,-0.871458585848252,0.00119647224389449,0.685304999177122,1.49964387284495,-0.502603206015907,-0.396277329827898,-0.286276203307361,1.00991531570847,0.185623709033089,-0.333975530649361,-0.819068367091946,-0.391680309573324
"6791",-0.636549036622564,0.969416886007623,-1.72744056517798,-0.45312182933297,0.746832805711176,0.840767493771686,-0.539551897372303,-0.500653215443261,0.933285704231687,0.410835362908841,-0.285952215466251,1.08428422650097,-1.11741387606732,-0.00389238357178519,0.529345887661637,-0.991221020307651,-1.33870637814094,-0.771883105709275,-2.2435896928556,-0.207650615905679,-0.209786441996763,-1.16476684390146,-0.166991366173323,-0.00130930787704408,0.543486002442685,0.195056546541771,0.157982936238682,0.135340102197557,-1.03740943222695,-0.590407487854207,0.648492296371698,0.234383253598811,-0.270356649298791,0.619881965160238,1.32580867241375,-0.36190959948465
"6792",-1.37044067686902,-0.906501452408703,-0.772739708022247,-1.63327827544912,-2.20585590064546,0.237032830001391,-1.15404029811595,0.217139489862436,-0.148445886613027,-0.311706834691245,0.564402429362458,0.46966871904763,-1.26128787146312,-0.914185316845789,-0.668605629132672,-0.371171078314078,-2.56022213652547,0.290307978786028,-0.074814785261303,-0.846738318007457,1.2159996366933,0.119236765425807,-0.410459868394397,-0.671606309682688,-0.115709962709198,0.370087533270583,0.0103483838139484,0.280108681186236,0.659565049448963,0.301768184476434,-0.206481724467048,-0.113229656981933,0.118800132130608,-0.17804213586828,0.804537934205857,-0.527573869643987
"6793",-0.4186584546099,-0.938002662348044,-0.603221139482352,-2.19804066701229,0.548201837257144,-0.512942293648714,-0.284950197916257,0.140476290741203,-0.990560176684213,-0.457313942274988,-0.376406684242838,-0.116181341250321,0.121311030340347,0.978968773374217,0.574520658092869,-0.112696237729354,0.46750581986241,-0.119389507395477,0.268863047587864,0.778239354119736,-0.00137935842797682,-0.0967663182424004,-0.0415305187358067,-0.202358774736895,-0.708937764356266,0.638506059134921,0.269393186147462,0.216489949366145,-0.544557339606668,-0.266654000452056,1.01300199894252,0.348494498903716,-0.234503876748962,0.137144358588348,0.0221549525091813,-0.271394936528948
"6794",2.19548521765881,0.0574112762328944,0.46342751631175,-1.2199470871703,1.42127513296938,0.177193372881202,-0.0440524673277742,0.316940096402623,0.512547065949103,0.0632568638122263,-0.704832484398558,0.837636528412364,-0.664270220055089,0.0206608275973373,-0.565410735481698,0.0713329746578062,0.286477881136241,0.442318708565233,0.467530048831905,0.571280136293468,-0.490674152077361,-0.0746027033442147,0.168655833706122,0.665628480017689,0.520678946059673,0.202750099557989,0.558578504414022,0.240813114203921,0.364735418441452,0.378414231057687,-0.0103473737997511,-0.10978385738345,0.380459933468318,0.130853967075288,0.24921531861386,-0.794179121968852
"6795",-6.07023308524224,0.727725932149302,2.45403771419229,-1.64137681179482,0.0129557966398952,-0.968826375497988,0.487300705488445,-0.757741216742787,0.629380538947075,0.813994353742434,0.178743952693084,0.16342262619078,0.326631000117185,-1.31570652815061,-2.417432963714,-1.70912936357833,-0.481856674724187,2.51814829840498,-0.144728636630053,-1.42122487412705,0.485740125240962,-0.707942673067728,2.91699844261,0.158348902693054,0.503982697677446,0.245165355797952,1.49915309513496,-0.83872981854284,0.575259527222355,0.84046900430068,-0.13682696354024,-1.13736063965781,0.91177400672943,1.35212211073772,0.154454260393575,0.153548458345871
"6796",-1.97355545549521,-1.9635705980082,0.559386035973912,1.40341856088117,-0.829155767154419,1.12453378629865,0.696658278039505,0.60708240990397,-1.47616997125795,-0.692536717223646,0.0159700508925714,0.79128630343226,-0.848753487854357,-0.209406105901973,0.142340169115036,0.493941382942998,-0.153125082906339,-0.133022504997809,-0.475303526969844,-0.793976077197411,0.441606077984599,-0.502797395962343,0.138775956394798,0.790801966951524,0.447998727500386,-0.377977463256407,0.777173016890577,0.149573811816322,0.725519367780463,-0.440148113172073,0.0590033497200507,0.137678125156858,-0.0918264156824312,-0.785018065861752,0.0694015102537468,-1.54147538604455
"6797",1.40646514481949,0.0335757676457794,0.320435544813689,1.15260261815038,0.140213169847581,-0.146939441915863,-0.870059038607433,-0.302847187818911,-0.632177659709116,-0.419555474599178,0.582722520614565,0.0237008510271089,-0.371882904235648,1.43826371350259,1.29888393091514,-1.27878551886478,0.229540481095147,1.08288698519607,-0.188038545120058,0.328348263912319,-0.831352852724596,0.330475622153966,0.300408590855243,-0.628414198395616,0.708523429013576,0.0374195054730646,-0.194494975069665,0.0148383304879393,-0.313363534516977,0.362725660327913,0.339178980107932,-1.12755976615629,-0.00393126663946937,0.78972684092964,-1.63677896729476,-0.447549780315859
"6798",0.00368303159224497,0.774061492765386,0.809275517268802,3.16554979570479,2.9259146585674,-1.04900035563784,-0.0746922214905207,0.323799761551571,-0.60879384246089,-1.36628696727088,0.600517911378333,0.452010797763789,-0.467976555972817,-1.67158639182415,0.101118894095557,0.786324241979272,-0.107004263516464,1.77944078238059,-0.399971847658404,-0.0985506604097575,-0.309074656411238,-0.14682536767995,-0.272754177759521,0.11027247256597,-0.181602424671571,-0.0142180962370258,-1.08219381740997,-1.61015490178315,0.484678302385248,-0.0182983350833811,-0.173568858054188,-0.441351316016261,1.05591330968501,-0.121582772804092,1.17792187126005,-0.318534005928854
"6799",-0.751786053721247,-0.622078288355741,0.337543785863769,-1.93613917862519,0.962481939960847,-0.53128022855641,-0.319961251724951,-0.205617023134673,-1.13342674824976,-0.733379045229478,-0.469996838583727,-0.115393575136711,0.263205773516952,0.93458760918297,0.23428520794125,-0.0629368674918387,0.546953336042164,-0.145461502355448,-0.200378255745884,0.627975322828858,0.308374439265758,-0.475737472938252,0.0246165294506581,-0.112789420029878,-0.273208002798641,0.652028683100405,-0.0680135366207921,-0.202248918520481,-0.295260594665398,0.192313165432929,1.13621727030377,-0.244285234939885,-0.339144063931963,0.591576858874713,0.0365795834421435,-0.89827644895192
"6800",-0.461642194813113,-1.18308530189144,0.244157552745035,-1.13501060642475,-1.06124940404226,0.0409542727546832,1.72419298066231,-1.18714702940854,-0.0256832540379953,0.856066624161489,-0.232879707302373,-0.940327061452076,2.14708628919333,-0.557247516894308,0.691395973467845,0.741960582783355,-1.77464245536248,1.10143753801277,-1.00261961151345,1.09041482504278,-0.584138989952611,0.711226840786407,-0.236788582407207,0.713276869306213,0.401767739649248,0.955585700193782,-0.0427209567216036,-0.0448692626576117,-0.421741253589249,0.789844757206604,-0.894751455704647,-0.568263952798736,0.910353967436131,-1.11289091012153,-0.0401999446771368,-0.167986791621082
"6801",0.240644273724782,-0.380342190622227,0.526643693402858,0.169867702644735,1.31925858929309,0.23888385458073,0.389076733001394,-0.630002747795441,-0.703696532377123,-0.504367307739144,0.141411045386173,-0.562898711390689,-1.07729435712086,-1.42630259047898,-0.628573823449898,0.431182388995003,-0.200416116130582,0.933270902231987,-0.509658002811749,1.23974800050751,-0.0915624658636886,-0.0907207370043087,0.0209598209317735,-0.887119047280044,-0.698870678003896,-1.03066287430984,-0.349633415567847,-0.119865267345388,0.182016162627084,-0.0865404007605478,0.721323690651912,-0.47054196781321,0.133613058263285,0.649726273556983,-0.56679324721013,-0.509243178739934
"6802",0.526780996566816,-0.443611320162583,0.259155211124756,0.129022252195775,-1.04921108040978,-0.188008392524595,1.63987742996601,-1.77410215406698,-0.606191787731791,0.61552382892768,-0.221075108579404,-0.764478374447998,2.21299211804473,-0.276169497655254,0.823467042575604,1.05825623081755,-0.880199081851566,1.15105660047667,-1.38873828452065,1.30540266531102,-0.714587465709478,0.584524474232211,-0.639427384355514,0.586590523301339,0.647744551612036,0.493911360177908,-0.310145792237433,0.338855594697299,0.198988009020344,1.36791239284071,-0.182897117344293,-0.874834578504899,0.38739696919012,-1.21830569283495,0.294925388695666,0.179496976336462
"6803",-0.657926254687518,3.16730635341783,0.347148352161748,-0.427377036514587,0.700404311025498,0.0595412673278502,-0.0571224631524624,0.364064638366107,-1.08963247085388,-0.552185987846522,-0.13129693470839,-0.850153038201415,0.317554183925372,0.73542289802636,0.354976963248641,0.700735728685851,1.56780108786625,-0.633512178763903,-0.219041843404954,0.598571729734076,0.0913940770797393,0.796094140617581,-0.809653498147578,0.188939178972836,0.724357924246733,0.297177877828092,1.19602068687526,-1.01018527964193,1.04467589456313,0.90401076090141,0.609714093501639,0.394753544751029,0.135221543977842,-0.437241404540534,-0.81636819438426,-0.0662505862150082
"6804",-1.02213971046693,-0.42744788547183,2.14280580813019,-1.1141956174482,2.10849967339077,0.149053123812521,1.5559305136982,0.450280216287568,-0.193692685131811,0.0641759729667149,-0.0122066954482001,-0.687100656649852,-0.737502299305428,-0.621658745555174,-1.08757429823678,0.270519054597793,-0.598256512514753,1.34473932626639,-0.480226289442304,0.644043028359911,0.315263250023284,-0.244956311718889,1.53957391060264,-0.57248101174409,-0.835338956939144,-0.86376513474972,0.525001961482427,0.789344177310253,0.466728505097002,0.219902771618416,0.743180132545735,0.248072172604401,0.81219890355976,0.770732701196507,-0.664666990359733,-1.11494938921696
"6805",0.670273232850577,-0.218842356394688,1.00310690450338,0.978165324616029,-0.0931106131995723,-0.692652979916446,-0.857145845837186,-2.28524807321802,-0.512967344551462,-0.660249478151392,1.49356375802617,-0.677024217244767,-0.615907341263922,0.167696164694131,-0.130489140959896,1.69733342046785,-0.516852803507401,-0.451722030822593,-0.0173147222818491,1.53609728907178,0.374618823062617,0.382835818051368,0.305035787576264,-0.419635314027566,-0.178858506455234,-1.12456579682311,-0.0964958454991728,0.614181651935438,-0.39403097104109,-1.35257141513523,0.0400754581241005,0.0323696419270174,0.631405762757495,0.656751742586523,0.235025240643411,0.0584462916966101
"6806",-2.80041181945075,-0.635739915996469,-0.528787143066839,0.481491171906325,-0.760942521307447,0.688761644088453,-0.47954315621129,0.032748578464037,-0.245530070810052,0.118487180204336,-0.267851727231978,-0.0986658833705977,0.434777266400322,-1.56339180505464,0.469078836010807,-0.0559211589440715,1.08791576529535,-0.385768123494454,1.2603952158706,-0.706005684118747,-2.28872589913958,0.750903525290071,-0.473790337909683,1.14622470570563,-0.450956169244762,-0.263990521430869,0.91496455013116,-0.280888851157746,0.281422215882101,-0.194724427451481,-0.419252495623109,-0.448436094828831,-0.712851470090695,0.28664037216815,0.0787244234764555,-1.74937121416901
"6807",-1.04374967186771,0.99867189631718,0.458021405603775,1.14162721569187,0.251546815470769,-0.5074838170961,1.07962958577974,0.251000556015353,-1.46842300473313,0.258174376359459,-0.101251452662331,0.664331400741658,0.477657771107144,-0.18316026573032,0.927025733812861,-0.116343995614126,0.273100114362003,1.1872642304223,1.7419502054378,1.15503416760869,1.34299690915145,0.585476006973893,-0.176192359256401,-0.009680834585885,1.09364611991588,0.452621464346355,-0.338844146589043,-0.269671463539009,-0.727747069016158,-1.13745771120306,0.017309826522145,-0.301792217582787,-0.209479505229947,-0.174256334099283,0.530713251070718,0.784073258231274
"6808",-1.41146881534805,2.8036986800594,-1.67072896726521,-0.863576507509319,0.72213073704473,0.952891410861215,0.0371883951602015,-0.346005634782188,1.07368040047051,0.0986355787710422,-0.55966564606696,0.620390987803748,-0.212206935857579,0.425692818132096,1.32684725103961,0.291290851899727,-0.0157778814309939,0.329634181766869,-2.23959518301262,-0.177358295021742,0.990835891958896,-0.530390904880487,-0.312281911928662,0.0214826718249956,-0.510801315355431,-0.805036151416368,0.162535937097097,0.196858340594095,-0.120403742192731,-0.476051655734155,-0.791988233294475,0.193618798826461,0.493995089787767,0.241684806242898,-0.465723736877737,-1.04145282827102
"6809",2.14322752029069,-0.64331213331133,0.589856832305897,-1.6195583202525,-0.0273069678855193,0.457345878518751,-0.27229356036776,0.789194502048777,0.790588150237722,-0.00979436798583361,-0.55082904241938,0.748642079545008,-0.00945262094345012,1.04975306022326,-0.250453189087922,0.613912066906245,0.343957512441846,0.382080867352681,-0.213150216058135,-0.167061223091012,0.0850808955953315,0.355493295279923,0.569730663481756,0.125809979321483,-1.62383486147746,-0.682287874738971,-0.355624524255889,-1.0348081676601,-0.0306054582071928,0.579044271619639,-0.172607269100467,0.375656911384941,-0.251363985554952,-0.743674573421892,1.21564284034567,-1.15775771983807
"6810",-1.50107913017962,-0.0446326839705069,-0.0576760286709675,-0.634838837376467,-0.561736078885599,1.63165725053527,1.34193494256128,-0.686078071055853,0.92925356830191,-0.46013257541149,-0.732534143196097,-0.0122314085661456,-1.98138841465115,1.19667168948978,-1.40534218673108,1.48220487304051,-0.0222165107486799,0.464259346501792,0.968095999224629,-1.20124949746637,-0.632833517888578,-0.247772366634746,-0.797936128969124,-1.21226213193846,0.1610477957935,0.822649705380598,-1.65075039795322,0.191813202036122,0.244997721750886,0.780464318425028,0.158892013958924,-0.753233583985448,-0.92193318057973,-0.579527398770763,-0.976073119836191,0.76503112431621
"6811",0.804824664697215,-0.704008103351682,-0.761182722762321,0.359807350553136,1.1306159802791,0.621042839747954,0.230923122187826,0.136372741621893,-0.269957277916446,-0.459424225736338,0.194320359126567,-0.329864809632472,-0.582482400733661,-1.14805769136777,-0.610468190455052,-0.2660915718062,-0.405185850503503,1.00830567891889,0.126376900462409,1.70888234846274,-0.17811801793924,1.22481646022212,0.196206847480575,-0.576829125679559,-1.1754739309134,-0.961026917419989,0.252892183469835,0.539504162335313,-0.604036942430232,-0.924878896021016,0.934444582569,0.931709444214785,0.33559653409593,-0.240620601057411,-0.519709298969181,0.587034036099857
"6812",0.851756106703335,-0.227805380691008,-1.01338740320466,-0.884960031285408,-1.80122512466403,0.142691359013649,0.229893421311307,0.0418175334353004,1.00947796561781,0.108631646452432,-0.397028664112253,0.527055739605091,0.996101229395884,-2.04436900831654,0.542976486651933,-1.01879795138593,0.821604550073808,-1.07011675674924,1.26660112123376,0.198608720471384,-1.35076915137455,0.448061442651347,1.15646649445429,-2.18861849014379,1.22892995326433,-0.186870353572602,-0.462247951516348,0.962121591887226,-0.930050627577623,-2.30116066040589,-0.812882035778347,0.982922151115358,0.594143101708729,-1.744194817519,-0.18333295562107,1.00418505122191
"6813",-1.21979131597495,0.237718835851614,2.08053179221927,0.547059769748728,-0.277152831437478,0.853284231680435,0.424092993707076,0.848001802708779,0.258936890944859,0.36468897591803,0.911580375790035,-1.25023325175354,-0.979743009733625,-0.732703491121634,-1.27461910676727,1.00801905110262,0.289486258328221,0.391575844855518,-1.13201832386483,0.192970870618997,0.0395811775273341,0.484583589341957,0.765473859167688,-1.1815536655086,-0.424072254323144,-1.14225393646137,0.621044720666209,-1.55097811940775,0.368472337531805,0.645136930622529,0.608211259630951,0.0171088205369127,-0.597739928879447,-0.248078486361067,1.22377439334691,-0.34196946308165
"6814",-0.520736922522387,-0.570628789573048,-1.42726513723224,-2.18828432022818,-0.629076045439678,-0.632326824141358,-1.80977687498728,-1.39052593335923,-0.630549920536537,-0.976509735975958,0.022412923745661,0.619882968445707,0.00602193760468604,0.224050317715243,-0.207787280291338,-0.924528854057559,-1.31940783019226,0.00540475539423631,0.0603576234233811,-0.0562146058209171,-0.121476111804428,1.04075041886531,1.01570117570569,-0.683659552016997,-2.00715556577789,-0.600079024471035,-0.345912356520861,0.902987157258432,0.473954921499361,0.589983197344029,0.00295836330729857,-0.879449642693493,-1.11467331776605,-0.0633800286072109,-0.365728443597289,-0.711556354019788
"6815",1.51490400396853,-0.594496878196729,0.989983742601632,-0.21688921580661,0.47299290055314,0.306096039153925,0.300856640956538,-0.184432971462373,1.17234816705151,1.25606028741099,-0.450140293414184,1.34207052861618,-0.586560858361005,0.81121875295949,-0.146300878471074,2.00327526905706,1.6063621628724,0.593085874032447,-0.119380263175536,-0.328526749955139,0.399419571901111,1.5881364529774,0.192803812316595,-0.323205315857065,-0.0247136934030767,1.06345427107605,0.930997587954168,0.387454393492355,0.286311000455847,0.276229539789814,0.61189411205278,0.609877052666487,1.12493015192319,0.739145880579166,-0.777244478118098,0.0655019000738438
"6816",-1.6396011320232,1.29286588908252,0.660905989984372,-1.6460049080551,-0.62386622208022,-0.757003121251831,0.252887319274567,0.222578808850561,-0.699114627545435,0.785051769076326,-0.0281051001415858,-0.885668820376757,0.1916350189991,-0.356571339846115,0.579341937248949,0.293219946404285,0.721417756906746,-0.103187238568332,1.42147766190708,-0.279382158048937,-0.860712259791876,0.513518309374765,-0.207973821232051,-0.244540190342824,0.709093896479454,0.181558930636269,0.120533328126898,-1.08570940860505,-0.216074241074983,-0.137122655071605,0.0853001165540036,-0.620944089184476,-0.727566325840219,0.220688813741946,0.98563430615567,0.0605962687018924
"6818",-1.11484225994462,-0.475600066595929,-0.485602658082382,1.74300952486536,-0.292515730857663,0.17347950192542,0.763477576074183,0.653478070089401,-1.47725174215781,-0.698120463144871,-1.14731841875353,0.793617773405001,0.704889526933981,-0.509809561992708,0.576111478234608,-0.636866507663454,0.103206208470609,0.159655146782769,1.54070036760797,-0.594711208900506,-1.21808327202017,0.712674886900599,-0.617270642915299,0.874698279171305,-0.12898123615616,-1.17001929458954,0.359428574371209,1.91635570222375,-0.224823653828594,-1.64013868418765,-0.499178269526257,0.706353181469655,-0.360203861913886,-1.18109370162809,0.159576637363024,-0.961070100464761
"6819",-0.422636355360567,-1.12018548713847,-0.774609837842168,-1.96353740654056,-0.0536340416909528,-0.4552258934319,-0.214056344642367,0.115226432742931,-0.898212708085713,-0.327633073360188,0.0244227355307833,-0.039452759578434,0.10337814942463,1.00995541454606,0.743363947220123,-0.0472018437348342,0.624352644642507,-0.421921784200581,0.491951107056286,1.03636268512178,0.286793054479689,0.0655956289167587,-0.0662889935134823,-0.432888808881101,0.0979981276642943,0.292168153588826,0.0471927257747505,0.0592630716882307,-0.666209560207787,-0.506892230568009,0.921124814320103,0.404142104203222,-0.0673304631674827,0.204874772069146,-0.123102769525503,0.0621812340092566
"6820",1.54331922830422,0.71781665071837,0.634590263447755,0.742877728651818,0.0986351364857069,-1.23241204515331,0.492226614254601,-1.60785749420733,0.504146411743831,-1.05387432908103,-0.500437283811621,-1.80316205374803,0.652471473266637,0.568288421909076,0.426477712498649,-0.0396171863331084,-0.672159372970095,-1.42150144435404,0.83849068379507,-0.700412295554944,0.272572099915415,0.546150463122362,-0.425349357635303,-0.037918132504452,-0.858239030866474,-0.663167975840384,0.492839080952556,1.99384802123798,-0.134842636834203,-0.845295860896614,0.0933586061123542,-0.0819271929085442,-0.793907141863013,-0.402430513058229,0.928725703522713,-0.162443744794397
"6821",-0.289272109916336,-0.512349754701949,0.310366060831799,-2.35520475558806,0.693960713894786,-0.643000404199212,-0.503653145204741,-0.390080977714625,-1.36579216088641,-0.82088134210086,-0.463077787511797,-0.157688368104115,-0.0247695978654944,0.772605903728677,0.36200150900074,-0.0833520438399365,-0.00312536103973955,-0.557801643102033,0.113660863127753,0.646045672382529,0.35170840856375,-0.483089882006256,-0.161630711856165,-0.227056708299928,0.20619375497218,0.415792699367689,-0.317271208069724,-0.474721932267821,-0.362249347119973,-0.0864303165807536,0.792349860540815,-0.2493156311287,-0.374883534997314,0.122057352189531,-0.0563131968820479,-0.555404965471335
"6822",3.67749210843488,1.28180693170147,1.66132797152897,-1.01661043310106,-2.52770775723366,0.900107060222972,0.259744239288986,0.225279615519664,-0.704393659722112,-0.521598978609329,1.17840617748333,0.25464770162425,-0.150325035840109,0.0919122019693253,0.287460480740834,0.0442590837113371,-0.0683210457736044,-0.877545796674829,-0.136504734325681,-0.318953479961237,0.354752440431298,-1.17104051788498,-0.437283472503511,0.579283423042119,-0.0668291324692763,-0.342700208171692,0.690409288957605,1.03354151792337,0.868466470839617,-0.604380174625712,0.606365225703129,-0.342348971817027,-0.582003886853729,-0.534094230409836,0.0225147216826389,1.46626023669087
"6823",-2.57028312908294,0.00900501585130134,1.52708526057639,1.01685677944859,-0.504635418791753,-0.530179043326229,-0.399617953007255,-0.233168789126889,-0.476543492833564,0.56107919999452,-1.62965283120128,-0.818532317937907,0.192692288637867,0.129382907256406,1.21273308610383,1.71143644814503,1.14702055510685,0.665173941899929,0.577188881312956,-0.972667445633829,0.848342716725492,1.75838290226358,-0.730390533910616,-0.505779502038335,-1.03359358931195,1.1795612792729,-0.692778069776786,0.39937408422951,-0.659278778043753,-0.630580259848222,-0.46973425591788,-0.910007648054534,-0.492814882889765,0.993072169171341,0.250195984648248,0.607535139548164
"6824",2.35812779700893,-0.26121270391761,1.16676651860752,-0.927772051958471,0.802365496648791,-0.434751272866155,-0.82500695611358,-0.646562059146445,0.836406158902344,0.620293706149021,-1.52221781274742,1.0376220372686,-0.950055447980603,0.43949856314169,-0.8812303714204,1.06106384586234,0.298336047896852,-0.308987393103576,-0.528724328973598,-0.762801651210134,-0.404742604856075,0.645382384210343,-0.955620698976677,-0.0820614578902101,-0.45178729977012,0.637192237122843,-0.139519116225136,-0.746493817643778,-0.211497992886064,-0.104927266386343,-0.312375200298192,-0.324460162649903,0.354649492308254,-0.102102402874551,-0.208225604784478,-0.000451552553194097
