"","Comp 1","Comp 2","Comp 3","Comp 4","Comp 5","Comp 6","Comp 7","Comp 8","Comp 9","Comp 10","Comp 11","Comp 12","Comp 13","Comp 14","Comp 15","Comp 16","Comp 17","Comp 18","Comp 19","Comp 20","Comp 21","Comp 22","Comp 23","Comp 24","Comp 25","Comp 26","Comp 27","Comp 28"
"165709",1.53703354120289,-2.12403174807395,-0.439035551801913,1.46461275033131,-1.10200267036857,-0.809358861137626,0.680497536126253,0.0267311079750087,-0.236860546803187,1.22329656755692,-0.161571080893904,1.4038208524384,0.319051244837858,-0.2902218023046,-0.514247344953499,0.426246344983111,0.847567178386198,-0.444884066105689,-0.653751764804802,0.203850297437674,-0.190674415673032,-0.333943853618615,-0.171291089753412,0.481234667817915,-0.637553237633354,0.324285765210836,-0.0850689533135379,-1.28609272969144
"165710",1.71422451842641,-2.2519431929867,-0.293836188162362,1.61165564651077,-0.683272461592022,-0.260819895232389,1.0425704386893,-0.18051972367968,-0.482690298906658,1.05274407956891,-0.17257957627971,1.28143920104431,0.226680496366586,-0.0679424865665182,-0.773064421591296,0.649292896221665,1.09069500578044,-0.260004501913852,-0.204074425590643,0.499474256427501,0.236687115682806,0.181240274283266,0.0709886395144747,0.472011850226451,-0.710203554639618,0.363105356664649,0.411477219594389,-0.929446955839688
"165711",-1.93378775441184,1.05813385806843,-1.57268717813393,1.41324813463046,0.577223552909025,-1.19861257499623,0.756534840384175,-1.45220483434031,1.23429574398639,1.50562458026019,0.934536899844176,0.952565906071134,-1.00306966019621,-1.47624017440975,1.79385028561181,-0.519592125904611,1.2401685851814,-0.612817587446838,-0.104180867771342,2.85563143652659,1.593009602506,-1.79067987212737,-0.873738350690054,-0.4680888305213,-3.32412201293417,0.800634577330991,-0.970008066353057,0.889720359676954
"165712",1.09775716762663,-1.1449097155489,2.15075928199289,-1.03814687465514,-0.249590314431658,0.119791073789256,0.171046925332643,-0.763578661906934,-0.259122413110532,-0.164023020021422,0.570925379456166,0.021234573064018,-1.62711937941486,0.0327948334733709,0.204319936993559,0.0966153422142714,-0.219686607729206,-0.951912348423477,-0.418771177108587,0.515695584521377,0.280637070979195,0.201138804875084,0.442449249524118,0.183167460256686,-0.507460694429861,0.651527602961183,-0.448589039313603,0.584724808758267
"165713",0.211574072047006,2.49849515919621,0.431578432824263,-1.25760347968081,-0.0159301854095999,2.20000160125092,-0.698053450247093,0.771720340000928,0.376085551794136,-0.0669616053593886,-1.18324637142059,0.761475609175463,0.923358415175481,1.23488128621775,0.450607878362054,2.04735471303065,0.378815305372973,0.615843510385723,0.83632630045056,-2.33255585759104,-0.88469236882866,2.4926172136427,-0.540528018986134,-0.449420857819707,-3.76635239868782,0.656881263300054,0.50706879655172,1.10264617156252
"165714",-2.13353780940843,0.945743756288456,-0.174185742307704,-0.420300170369274,0.139972975127982,-0.662344153572669,1.13288683733725,1.58207539949696,0.846341042945583,-0.954583097999281,0.78865106945855,-0.228623184840704,-0.279725724388005,-1.54488409910925,0.0570873285268662,-0.176025038826971,0.24714662414511,-0.288560863864647,-1.17885163312285,0.45172250206064,0.0952509202231856,0.810859968352061,-0.963713891484298,1.16495965824881,0.183544457933613,-0.62107211195969,1.4661970710016,0.0454406621710734
"165715",2.36562668678421,-0.698638043999509,0.0886581499370204,-0.387633947959781,1.2954112350676,0.0663058082390492,-0.470693220228718,-0.470606732151317,0.691643850776922,0.185807468993566,0.0649466126068328,-0.63722063480547,1.42536156655532,-0.188816634346246,-0.0996936116822171,-0.345913924100473,-0.614840519281236,0.826099563444145,-1.03682941626362,0.477638323832576,-0.12353611523136,-0.441506327831382,0.354251002603271,-0.047736120111259,0.0398591184419966,0.654496831417789,0.357927809834997,0.294909796227401
"165716",1.69359669238588,1.17308431370093,0.0644594056577333,0.163961935428772,1.6740274810574,0.2517411705699,-0.663068592848256,0.114019411900993,-0.804722529760823,-1.17965832523607,-0.345059135780505,-0.32262358546566,-0.411233670690532,-0.261875259576081,0.442150563141408,1.05170109405255,-0.469743669122198,-0.913349492923938,-0.653021305058798,-0.304532765907348,1.28492864106862,-0.781194240765859,-2.41026386427503,1.85839538609377,1.42741294524859,1.06559438140654,-0.901868986393099,-0.190661598165532
"165717",-0.0431247335668074,-0.029225437358181,0.609251124174954,0.17104695149366,-0.964257409767321,2.405719539814,1.16486388632053,0.468412775773655,-0.111266522550383,-0.100154831961501,-0.524435414608094,0.457431331652635,0.797525861990044,0.175764323111395,0.562437707326512,-1.45355454522064,-0.415065269219872,0.0865097341608199,1.66937453816421,0.0679555145982085,-0.0359363173791015,-1.63020558356467,-0.874530196072119,-1.17472717465698,0.883747003796398,-0.166045901508603,1.54792919091141,0.830819358561183
"165718",-0.736828846907274,1.00926846810079,-2.0015391024187,-0.247732936425525,-0.867801303276602,-1.24235848802576,0.408875440278611,-1.29579790318055,-0.523549974458465,-0.299322581894555,0.711101474707026,-1.22834429650882,-0.351072760553147,-0.56765241207412,1.00110388024833,1.16493750266694,0.603753689987722,0.461432306547145,0.708600670684965,-0.0685380465976597,-1.01889271685382,-0.936625520967372,0.18830397083138,-0.211396070408059,0.00449348979031422,-0.112883758165939,0.195428405338683,-0.350172945825675
"165719",2.35996879858561,-0.62176508190515,0.100484602869579,-0.543741983223715,0.936601307134702,-0.159916216395442,-0.460897703546304,-0.274202827553909,0.669174113266065,0.0742698947185397,0.0437113797326816,-0.570063452506728,1.5069960727544,-0.266283310088047,0.0917284546287298,-0.373339489960227,-0.491776289185382,0.959877517148526,-1.26044365481167,0.315162613114424,-0.224748000808224,-0.498117497060278,0.182691373651634,0.0746019909798861,0.294975705294147,0.482491787104574,0.277855126668674,0.284519876432522
"165720",-0.400256691489578,0.735691625041443,-1.08832500114219,1.21108425908076,-0.00588341330890406,0.32001820726041,0.80023871706546,0.0849939277079148,-0.906232292189629,-1.39449858655185,0.633286233937864,-1.00060859863736,0.153832549685558,-0.51593515560168,-0.0583361196367297,0.251755335031856,0.489621911920674,0.229958456364397,0.483407124249532,1.4926113008442,0.967302996878969,0.49180519207413,-0.686909512919975,-0.270430315106499,-0.224156429674307,-0.944281676999601,-0.189143242987728,-0.25902028488442
"165721",2.40021432229442,-0.623346112191651,0.264070695705789,-0.22439078055878,1.58930420245261,0.32251972782715,-0.367200184088436,-0.375830939793544,0.712203169199981,0.201410011446399,-0.0866022483380872,-0.885548250008376,1.56680750581408,0.0291958828531048,-0.145302879356488,-0.319990060806501,-0.948524361854739,0.908402508230581,-0.713972789414726,0.504193629819063,-0.346365586150097,-0.387846240658897,0.683478485579131,0.112691193307676,-0.159636339207168,0.288118773166435,-0.0717511109312043,0.149020772604878
"165722",-2.1109542711313,1.22654638932144,0.932180968354237,0.895249530854228,-0.523618595880431,0.544318829525544,0.0292290561062236,-0.117223083784401,1.0853732099614,2.7505586688469,-0.150517292686388,-0.887268019751178,0.139979238536569,-1.84699535567005,-0.396358992726067,-0.366185117678187,0.20420611295824,-0.620452063625433,-0.685019971794646,0.996328677916463,1.10154780180746,1.53008753554191,0.82708522835911,0.445117917107701,-0.28110785366167,0.729290592760738,0.0270022576814044,-0.547745041137935
"165723",1.21018800792587,2.01689163535468,-0.0561542616662267,-0.0958772764627101,0.443973446884159,0.141277546676993,1.19890881829074,0.10427657614152,0.378899245281519,-0.265591922124552,1.67381171876818,-0.707716718686521,-0.230215754004476,1.39177436854246,-0.0903996740177058,-1.27965629667059,1.70683764252588,0.783801318573093,-1.56408708978028,-0.388019179929047,0.661636375163656,0.577432336148779,0.511878361966452,0.374637495935027,-0.873407827628241,-0.817521399535501,-0.0347089573712259,-1.29811798996814
"165724",-1.68575332177249,1.30031532328868,0.479550840431395,0.0821572134135907,1.23931221887583,-2.1720433431544,-1.25952817243937,1.12678472021986,-2.01233935287728,1.71798309467372,-0.802452673518183,-0.0083459282966547,-1.30348495229093,0.788117776945869,-0.22815719709487,0.503904357319094,-0.762916322487789,-0.050179105766293,-1.13861571776094,-0.366880990192993,1.056547991844,-0.7081264701869,0.13320245721341,-0.426542862855802,1.20192202630665,-1.21733434067522,-0.927793595060617,0.266864557622956
"165725",-1.4027341318546,-0.0882516359107244,0.407001502255618,-0.171410809256833,0.694402307442069,0.0997010132742299,-2.51665021771691,-0.677364437734584,-0.416398725538809,0.938763924360076,-0.762316860608425,-0.397922268245325,0.0840458611822412,-1.19468154733407,-0.243342801175145,-1.5401771372111,0.800956689530514,-0.477673461965825,0.100613322433489,0.252025388738881,0.906025531264147,-0.157864989250873,1.0014304328812,-0.0465517946736304,0.354265323492822,1.57642200030281,-0.260232525695048,-1.22084005658942
"165726",-0.85323852262276,-0.0285363177484508,1.42231904251186,0.73381524129265,-1.15248624951381,-0.192076359698163,0.434033469649669,-0.253566736358075,-0.270045721789219,0.592270436842786,-0.554172586059776,0.658739089801264,0.43575057112917,-0.705348636547478,0.63131336081321,-0.20404219064114,-0.384045016505192,0.643294428283757,-0.673266302584046,0.00585409669129432,0.197426211281554,0.62024514458629,-0.462858214859142,-0.890324165352938,-0.502421539146022,0.701138049101516,-0.410986461988878,-0.122086065542503
"165727",-1.83872831876222,-0.429773647373447,-0.425127261091008,0.21715588523685,-0.909230255912679,-0.0221782118605277,-1.22542609049785,-0.689876555172693,1.6989983263702,-0.990126672590178,-0.636037706469997,1.02838233178807,-0.612705210896851,-0.332239602002716,-0.268799535761119,0.224731852070946,-0.354944940783382,0.0585533394961267,-1.23060444017099,-0.729280790978241,0.897396234304828,-0.726304384535277,1.04232617174138,0.38021541185338,0.642052648682,1.17700554557822,-0.65239947742133,0.559641012073957
"165728",1.06294960344074,-1.01356029076711,2.12053504155036,-0.981506783945736,-0.266696804287113,0.419755456396839,0.645638266853169,0.114433705764484,0.179605027766732,-0.101772610613971,0.794561142922831,0.317161751075893,-1.30175128912079,0.0798970778979564,0.233550594302765,0.239397986629678,0.14785117523496,-0.534134291697,-0.584637713244738,0.235792396250154,0.191594655337845,0.144440252026895,0.0181392016721982,-0.0323910931317956,-0.270015012809126,0.450038130747516,-0.406255640144092,0.321936953295425
"165729",-2.1312908775565,0.542240037120862,1.05723428197001,1.49939467321377,-0.613736250039786,0.106527552399967,1.61370836919828,0.00850691268564692,0.946458769427299,1.54357920112382,-0.390983110431998,0.113937479524644,0.493257406569011,-0.715757369697641,-0.407267275271917,-0.551081771574902,-1.06439253916546,0.244932942612475,0.219242455238304,0.536924323928755,-0.140739542419988,0.869358065580907,0.465897314421756,0.756205416873547,-0.209854777738563,0.594675961486969,-0.0933669981267895,0.0145584005788436
"165730",1.15904837561427,-1.05083099382094,2.10429194770102,-1.13020749829909,-0.341384434342249,0.230275713689083,0.530998385595306,-0.468585934296175,-0.185527514173549,-0.346633374831477,0.678378163328736,0.237106889644141,-1.35331199248634,0.225931734382284,0.183625045023212,0.36552144651865,0.142752320177951,-0.537915247382583,-0.509895377837653,0.266609481468999,0.350719491299043,0.374666996915593,0.273985594186068,-0.0528372973833827,-0.165825920660885,0.580900977006213,-0.0517495112061876,0.542975515989882
"165731",0.782142858648493,-1.20296940130982,-2.38766302848368,-0.717974719780181,-1.34467433334913,0.420724876573669,-1.59421495554036,-0.725862854654357,0.191607279797986,0.953026892542165,1.12030052645935,-0.263229312793068,-0.597718616546721,-1.13042853184333,0.364846479830041,0.907553098579704,0.659500880526342,-0.307564474966478,-0.301008831762253,0.0767202434558431,1.6059061529432,-0.233204155415064,0.748361723875824,-1.29993184416232,0.364815629502499,-0.510064031881411,-0.0658585073930149,-0.581784174921416
"165732",1.36677249703456,0.731317177326131,-3.19356292665069,-0.58968491542559,0.945028497996059,1.36121415927024,0.208228818626111,0.721466435978178,0.565409278033825,-0.0385149122131656,0.335309570652773,0.561488664168808,-1.23927616712238,0.378583196090269,0.925695841154753,-0.741755493662298,0.407937695473394,-0.432004572997226,0.17822389128604,1.80796046156593,-1.92555856054009,3.10226680583943,0.435830858255979,-1.190857756502,0.966950121004326,1.1273435239613,-1.64511942876296,0.0860516059838751
"165733",0.771716561090379,2.55123634574371,0.0540645399874902,0.6671701233032,-2.260943946494,-5.29121714356865,-2.29502504083653,0.190310742604227,1.99610366191507,-0.386755514446739,0.0627384786474869,-0.339477604568834,0.0784027581866801,0.216175067090337,0.389061659677411,0.527158705876846,-0.601462874189302,-1.69100634832338,-0.0314370253845262,-1.22996050187608,0.287024138820227,-2.52300713780444,-0.431256893357183,-2.9768680792406,1.80027797622599,1.53689752588488,-0.265275825148457,0.990193512629845
"165734",1.62498387889748,-2.35829674287682,-0.589812321613953,1.30909789909432,-0.646268209008709,-0.475241158452373,0.900646255944103,-0.543929961338513,-0.367860776772605,1.64647839459644,0.00974421823546275,1.15454842649489,0.320965688850403,0.039030512055506,-0.787710330951956,0.853832889716461,0.756950729175809,-0.41163639026265,-0.0358664322386086,0.0842198057681873,-0.510156127837072,-0.107105648648892,0.304819721759239,0.366228221671993,-0.884965188366547,0.550191735192126,0.406315971347031,-1.26040680261738
"165735",-0.683126618108798,-0.828829859680747,-0.219007671886786,-0.299264511887373,-2.26657783615307,1.82518568007209,0.433117129255295,0.303636990522604,-1.36330330179893,-0.713946432983688,0.967911843439978,0.449105748193362,-0.579052168531384,-0.947172720745423,0.0770932864827947,0.206736176834241,-1.17486212438312,0.475677086335918,-1.07235198632477,-0.801958966762397,0.0730846225721072,0.822696829606784,0.136168115948638,0.450745416877821,1.27107251377356,-0.566821348353619,0.617259162680903,0.462394280479408
"165736",2.39410612108534,-0.374580335918625,0.172885358216745,-0.534942679776006,1.05485445543811,0.0941633610744531,-0.272257663602493,-0.245310141502294,0.659201926213145,-0.0838654101141008,0.0683250295563032,-0.522452295629379,1.30864221068314,-0.269599922343156,0.159506137318618,-0.333547936881094,-0.478256203567874,1.09632577269289,-1.34141197788086,0.488460766605979,-0.0354046269044873,-0.492564808084627,0.252709926360068,0.0177673321872918,0.190473012660458,0.501139474240346,0.415991422432851,0.193773124930335
"165737",1.37838569824367,-2.95967258502053,-1.42984803699009,1.35406353596495,-0.785546441619944,0.0207570046691319,0.813652021574179,0.323935637333572,0.0843755509702576,0.599067411312797,-0.602523083399706,-0.530021976422396,-0.855782528535836,-0.74930886544276,-0.806518508548423,0.667325142508178,1.47351652340116,-0.835828966878654,0.924988919957332,-1.44845707492606,-1.57338524177449,-1.40292652287508,0.0635242058597443,1.13170881959411,1.20643466009734,0.271229338864565,-0.25814028898168,-1.40542181525136
"165738",0.522423144409958,1.45824804122233,0.573497538109493,-2.09115971181635,-0.995755138455037,2.31565905822581,3.16639003496437,-5.40936002250966,-0.694888108187847,0.0288574529300908,-1.20620955721074,2.3691846206302,-1.87908937589196,-2.29249202606779,-1.60462858114504,-3.1095098100171,-1.28614966045985,-0.382797068817056,0.198821731245331,-1.56930470875134,0.205443000396089,-2.25392775081219,3.05664362957151,0.00378702230910839,-1.92742857918323,-2.2708314967653,-0.666939362374172,-0.458474124599438
"165739",2.43875656549425,-0.699461992989382,0.19318782459986,-0.470592933362664,1.08526575943746,-0.0787813232700526,-0.473112537986976,-0.488945665154989,0.529902653568508,0.0193149957137378,-0.00960143849569432,-0.661606962593156,1.6153016457823,-0.0372638668536149,-0.00769897240072818,-0.270828317169735,-0.588618517122019,0.959092207513637,-1.02541624112061,0.459497117700092,-0.114507888331019,-0.27292190927357,0.365122707550318,0.0890701946613674,0.256595036785816,0.43408254541557,0.288191694005376,0.365936411097874
"165740",2.44381384357252,-0.552196196475534,0.179402569731043,-0.366141154337925,1.27418484876004,0.165149753113705,-0.203569580487238,-0.0481724210704859,0.839868454668043,0.186721356388877,0.108483999918457,-0.555164450799101,1.43507276014205,-0.31489726131571,-0.0367712848061456,-0.396354264423996,-0.523418437028534,1.04060315054936,-1.12216066703211,0.475120572251001,-0.0789580849719445,-0.504407282755119,0.125144832871107,-0.204478447826747,0.157664559930477,0.527020969001167,0.426159991715401,0.288603895923937
"165741",-0.0369468781017588,-0.686383459331763,-0.736921185453121,0.131672128044878,-0.686554089151332,0.324978410358805,-0.275395468422119,0.483125262088846,1.17703518646696,-0.744730542364923,-0.267853120193057,-0.481679289580592,-1.48605300085904,-0.53455331115578,-0.558491872456676,-0.137330149303151,-0.478516404753093,0.820440145587372,-0.346428712550448,0.690141067164964,0.754515468954199,-0.60712636454601,-0.320841194833342,0.496522351215202,-0.712837405582885,-0.950938315119724,-0.428657916604659,0.697692253099416
"165742",-1.72557319681277,-0.630482832638939,-0.446648003674853,1.15735267075098,-0.532327773463251,1.23995168976307,0.126183373545237,-0.36758954580895,0.645118380272588,0.163596445688505,0.166176712910277,0.253781125565431,-0.535819639881555,-0.279271243944278,0.394739228976309,-0.01354460109811,-1.78286542717107,-0.178991373962941,0.192445411773565,-0.601084810653161,0.103568676121346,-0.92892108187102,0.311572103003562,-0.794058716745002,0.300320848748728,-0.119163511802954,-0.646920483311191,1.07198329457426
"165743",-2.03162387051853,-0.276700114600213,-1.26819114377737,-0.260580746116874,0.250612061397407,0.00791507935755975,2.10000514577156,2.34361640091441,-1.82156855933381,0.389971097592323,-1.43711871960831,-0.888391027612845,-0.569444174378197,0.52646579896939,0.196947937385047,-0.247192587744155,1.14231884451367,0.2318355356625,-2.41839300893873,-0.551943386834966,0.137074649087826,-0.655910296030462,0.0720734134770188,-0.97481230802847,-0.491130204852668,0.111480143404111,-0.467936680086115,-0.166313056651539
"165744",-1.83285965200026,-0.786219219393625,-0.389854557943606,-0.780096096446062,0.780731036539811,-1.11758681642635,0.460461316317941,-0.371112536651215,-0.391232638440983,-1.23301500075243,0.565465888958346,0.419043668675036,0.302953181262623,1.07670032983411,-1.84309220176707,-1.51497656846432,1.33569636516246,-0.219001051912287,-0.145991244866465,-0.464328676594563,0.573206780530304,-0.767115196848457,-1.41816221960763,-1.85638323097403,0.465886062243658,0.684414176796561,0.35235222066781,1.53612729919781
"165745",1.97348451834243,-1.89049465824875,0.0700642432914534,1.6964496441691,1.222195566896,-0.010219687172829,0.42077432454212,-0.599111468640778,-0.172522294198143,-0.073759846856248,-0.873485777072904,0.214761918010748,-0.118473354526328,0.283244400817288,-0.396503079680888,0.717819781440515,0.741970462736079,-0.642364114477846,0.298493493714292,0.223494118931708,-0.188202812054418,-0.618558496635602,0.212700390527566,0.293944924013648,-0.491999118162952,0.253038555549983,1.1266454155636,-0.600069883945335
"165746",2.00804476198038,0.144038436117319,-1.30397152513071,0.912972984566624,0.243210290239427,-0.439396701011123,-0.676398884567392,-0.75930896258381,1.31573059322228,1.41278568938161,-1.00131871405707,0.515417771376372,-1.40788211261367,1.28512177335535,0.789421015744341,-1.8221830314436,0.191345134565331,0.674486941400533,0.334595507458645,-0.477571396110897,-0.376620892405642,2.11356384234471,-0.624050400241754,0.324124111755115,-0.276637769896264,-2.91248279648007,-0.0516210450242675,0.595181670696995
"165747",1.78226405156296,-1.3550116436402,0.212401206314707,1.6379959056934,0.725494079383345,0.66475377063073,0.607854199024081,0.348581705290016,0.0406639394230337,-0.500927660280093,-0.479901703955543,0.86013004969562,-0.210218895321759,-0.0891244212337957,-0.383206311302626,0.391629558240715,0.864324973498962,-0.613421007335151,-0.912326692903866,0.135555286224766,-0.0788656334233363,-0.708227374953109,-0.223695899747588,0.97781515966762,-0.645560781655755,-0.488791101019425,0.0453094029254421,-1.7957468601719
"165748",2.42777452921878,-0.962340174177543,0.0281931886695185,-0.809525468690351,0.669258339786609,0.0141830003888822,0.105326083811808,-0.0575859979808287,0.876814859206923,0.201628629751818,-0.00308495486752063,-0.80599725476407,1.16877127192849,-0.647800925744205,-0.491020624255992,-0.358320924544303,0.241384227789762,1.2417790330511,-0.973475912461285,0.0516247320874361,-0.150231226228108,-0.251679134459431,-0.0150845762776508,0.333373927722436,0.86914550594239,0.469213146913803,0.560645488803416,0.609461402962572
"165749",-0.277732182922821,-0.328753983775032,-0.0254513422673744,-1.11265256042655,0.866995966517969,-0.0737661035833433,0.887403436947075,0.921625075366287,0.195644280686674,-1.58176190364939,0.224756478233412,0.0977313699419835,0.202301415848442,-0.901584455138105,0.437423595880347,0.49494113663874,0.647113374776448,0.369346320355007,-0.264570873159332,-0.172591212155401,0.15830992568477,0.66310621816237,0.00765999736987969,-0.14791445141716,-0.124401251224329,-1.05733086471164,-0.232048526564545,-1.09951074594929
"165750",-0.521547781282195,0.719502641572839,-1.03448028778848,1.28432153985139,0.495012637621367,0.775228412830882,0.508677526627061,0.10045972166825,-0.662082282734663,-0.603969925130857,0.634448935159898,-1.74926246514407,0.092911742771018,-0.120063470605618,-0.25355361411953,0.935380023501657,0.0882120140884199,0.342187883664034,1.44832689639825,0.983355174929712,-0.289294318323913,0.417526660801307,0.329692445491657,0.249230070077351,-0.903467425318304,-0.852336821065242,-0.653447566859087,-0.407621306148335
"165751",-1.62451097608598,0.0850322809955753,0.46519405682132,-0.0461268705915019,0.60317585428633,0.154711452869445,-2.41820306937915,-0.545625146482012,-0.323863478137614,0.815089119842535,-0.675230906528633,-0.111577682325889,-0.18578136288359,-1.3320624149727,0.304878378360266,-1.55717626819843,1.34631309969534,-0.420863528808785,-0.143242671115818,0.42480920190213,1.24942756881343,-0.358444111291579,0.623027137564133,0.104628415375544,0.258364819005208,1.60102043478395,-0.148804582088043,-0.785878080769506
"165752",-1.78898496978424,0.880710687546534,-0.209050607402764,1.05980505301077,0.537420666062673,1.32269948364935,1.62677248453656,0.173515920762919,-0.517843162847058,-0.0757695965641268,0.484596005908584,-1.01290516696001,0.466240891151028,-1.13513192873988,-0.0143143882934035,0.2485955716461,0.0123189370150963,0.0637443961334466,0.84859331576895,-0.0691879423214395,-0.514228826758883,0.469283323405164,0.35295098290702,-0.0850095891274567,0.610853386697857,-0.013522942205356,0.0683948712759526,0.145721425032216
"165753",-1.63860779289016,-2.69399653773238,-0.44592374530758,4.22056753091322,1.47807699572371,1.3497910282067,-2.84663631168929,-0.65484052572712,-0.75281377090943,-3.31904482012717,-0.195773184789929,1.18884539000978,2.56910347791943,2.80606206829124,-2.02843809037866,-0.394548465839923,-0.174823868397572,-1.63917294702154,-1.02714027258993,1.29914751501506,3.78036335656103,2.68139905692824,-1.99348060245847,-0.028159427756192,-2.44856418077903,-1.81479053947441,-0.382985340253793,2.79108093771518
"165754",-0.351732393987279,0.743255702716625,1.7529108582925,-0.705345162838961,-1.3235727691905,2.32016780242244,0.331319298412495,0.884975377214511,0.14430238464907,-0.639441843499333,-0.816983605364919,0.220654859778794,0.845256282579006,0.416882007794582,-0.053342753597378,-1.40595589783344,-0.270103156526769,0.393047119600287,0.114957415434628,0.377960238188215,-0.307237217153692,-0.686498738863675,-0.97817962172843,0.960527750989158,0.231425491506447,-0.744671527942317,0.953366878501449,0.163472010272329
"165755",0.626360511141605,-1.03319988277333,-1.95382894432538,0.683264691509783,0.472247917985361,1.76523457571716,-0.906692024969676,0.7255369004759,0.921990569363047,0.834127954899809,1.74375210236958,-0.368949784847901,1.2165765499095,0.386806795656314,-0.687631806800057,0.123171061713392,-2.28121351422939,0.39611300449956,-1.21862191562418,-0.434362300604897,-0.747511924138392,-0.951124650251147,0.566966823582618,-0.169394617549472,-0.433298310290997,0.0709247345554122,0.270801226592333,1.39762436391228
"165756",1.96440965072199,-1.95259915625903,0.140432049362233,1.50631621392975,0.417514818596394,-0.0481695882990024,-0.034473236408494,-0.485612836405045,-0.579398678679784,-0.600779145688253,-0.532550845722375,0.773821102656072,0.174613309944685,0.357194702987319,-0.452237890301684,0.718184595217455,0.997964381682545,-0.822562325906635,-0.601956557056641,0.358407250970633,0.25944826080733,-0.102606865404832,-0.157900273553682,0.871164551681296,-0.226483038884366,0.0664359244065652,0.750565864238144,-1.11577636300855
"165757",-0.227853568198221,-0.0374055904688274,0.975188538781164,-1.28524434261443,0.595964219605033,0.474067965352153,0.870203345777742,0.213676759984813,0.115079994227119,-0.555740348530671,0.831109788862698,-0.788098602900815,-0.757337992366742,-0.0756019772877879,-0.316897723049154,0.0519856591950354,0.334859951025857,-0.660190937302388,-0.96681821931398,-0.198964972730832,-0.695098352970664,-0.395031646701712,-0.305434694190421,-0.474354937249283,-1.07265363148402,-0.667543482580591,-1.9355044586999,-0.0828850739915899
"165758",1.7879937143568,-1.50823160780696,2.45159883753072,-1.69018379096478,-0.834423396635634,-0.67459457135208,0.280998771526887,-2.51169639851052,-1.56475233627633,-0.98002571285885,0.220163422306376,-0.192215172256091,-1.16385432381724,1.078656221707,0.291344311655603,1.05323317391218,0.333215754077567,-0.294844706309261,0.413329610417606,0.770450847642382,1.086655297564,1.55029719129876,1.06351267473573,0.176102192937567,0.638465229557522,0.64795918177243,0.949779880660917,1.90847938545152
"165759",3.20137730407298,3.5435740992533,-1.36839247109112,-1.71921776984367,-0.363705846574911,-1.01523007574395,-0.260965879388688,-0.248784778223516,-0.873475698710068,1.94453603996332,0.0256404907864824,1.74447520019471,0.165368801973675,-0.381379068580248,-0.427737858423778,0.702565153901462,-1.64824221304715,0.158469186375547,1.6830955693288,-0.950781061909181,2.8820056473843,0.396471579012785,-1.53184222695329,1.20966667993088,-0.423864040046422,1.17767712553926,-0.0860895384850835,0.86561178466964
"165760",-2.90979398437207,1.36490411643607,-0.765629944556517,0.472039788428969,-1.07868669106688,-0.942418967057714,-0.119377616279783,-1.52867725763038,-0.892773305520848,-0.824389712904702,0.122788261110473,-0.931261482528796,0.286085266105422,-0.926125832449059,0.536028501363251,-0.0925858585553211,-0.440808441194599,-0.879519559277869,-0.877929406546196,-0.348283560501545,-0.529148233973119,-0.186869415244884,-0.381841884744068,-0.0579326271165992,0.988744122740202,0.595459934228908,0.0125467429163074,0.0632912578948765
"165761",1.08530245966031,1.67448676675065,0.351171288706704,1.17697061546505,-1.66394630976193,-0.546298505240928,0.881721760218411,0.957929778374244,0.586852713728248,0.247860651014152,1.33930353498534,-0.646814327809384,-1.23372582243254,0.665595056761614,0.425692747033552,-2.66253948555721,-0.2557130300153,-0.0349593284251194,-1.99913009096762,-1.03833613068777,0.345316315592372,-0.526642953553939,-0.97545430665227,-0.324642888595278,0.40205513626775,-0.712604998247331,0.0627676148978243,-1.39492190466075
"165762",-1.11946862801706,-0.568992044599353,-0.00708026530350872,0.666307647703889,-1.56008897494261,1.83630272022469,0.595623263566166,0.559655846161359,-0.243560639196329,-0.89774745693734,0.370490693507486,0.340333950699697,-0.500319064786355,-0.569282868192486,-0.32837593706382,8.75651345073197e-06,-1.19053936469201,0.497429803888622,-0.617111168819112,-0.451404718055202,0.803469717767044,0.462473398274186,-0.13316724780244,-0.205054536874926,1.27948362059174,-0.63044800082297,-0.0405445264081778,0.776865375873592
"165763",1.07187900707163,-1.07037700614216,2.07384893477521,-1.08110372840057,-0.201907652936794,0.308710449753318,0.660150394243589,-0.569296702196749,0.0567259370803923,-0.23461174741524,0.653201275876267,0.172877396315633,-1.52909650598735,0.308186563923969,0.150034912738673,0.495983771359639,0.343146696493733,-0.480477899497148,-0.266173292692426,0.418843952869581,0.516808365343395,0.320694502752964,0.296026942166356,-0.0989731438164536,-0.152801512390844,0.791599020692515,0.0365087878263311,0.676492483948091
"165764",-2.57247793525194,0.078755169252252,-0.288248773507998,-0.149190703353317,-0.587792861485835,0.0230951895298991,-0.53840215313742,-0.143477457160632,-2.11057453741191,0.69936617754967,0.337159108325102,0.0356154733767385,1.03692183155176,-0.0959913454959871,-0.863289816090288,-0.703729582334643,0.297131845110499,1.20899614465251,0.581616882835661,-0.142945871250319,-1.15127489630689,0.567721490878032,0.478843226463011,0.369377914515018,-1.10137652088653,0.963658143133519,-0.926706560976015,-0.207955324014245
"165765",-1.34878807559607,0.845348767771295,0.724089582528189,2.02638965062972,0.352736044322116,1.77234113189741,1.74897986775629,0.514874789155727,0.678392695068838,-0.285538893062589,-0.119980813939655,0.0280007666530819,-0.961560316461416,-1.17049252730167,0.45598401218299,-0.0567851697429279,-0.153602880205448,0.208096914542299,0.743436460456183,0.616089781802084,0.933327933080018,0.0721845749760848,0.612817920138658,0.0170950511743169,0.969471882381316,1.38213970462294,1.12627855533178,0.0138108452206407
"165766",-1.54293706620917,0.357262661972286,0.117542007275932,2.19099670527006,-0.370139764217747,-1.67429833941497,-1.62898306191187,-0.853215774671411,0.74245423182044,-1.74391082901076,-0.788573827557722,-0.102289995194798,0.208286515489573,0.591676733328154,-0.101668077425289,-0.282943905226049,0.345359132645004,-0.757124663956483,-0.992623754749491,1.46426679930398,1.7958900955877,0.430740709403457,-1.57041340887848,0.726641436151687,-0.521706510163282,0.525114985578425,0.657622399675641,0.737520074081707
"165767",1.81229152916586,1.53761334994625,-0.56403222385736,-0.238421024888727,0.963114104205788,0.439121910576381,0.582366622238689,-0.657358034252463,-1.53511876399338,-1.3976275680734,-0.028863934280942,-0.384573423646432,0.27059324809583,-0.0640111497790158,0.450097988518353,0.621618981023687,0.48770096630503,-0.273846615096772,-0.675767503564806,-0.126181668742341,0.577425652213515,-0.872382644949284,-2.3355820697954,2.06679632686226,1.45157507417371,0.644001337060076,-0.775862488504984,0.181988253645188
"165768",-2.64826573331345,0.492407580058603,-0.972038213080024,0.767035342299299,0.478190478904642,0.507819873204198,0.741892771774992,1.86536027955318,-2.22982241898184,-1.5990727418304,-1.64495106978392,-1.97555560703975,-0.757217359674871,2.08159211414615,0.859410130169435,0.812765027101162,0.904957428346761,-0.209663959356988,-2.0143823469512,-0.951793841111328,0.274877761588707,-0.93637766657155,-0.430937639554452,-1.10364094861932,0.503414500427891,-0.293778651428729,-0.587304981217834,0.250525555928835
"165769",0.726029212396449,-1.04442909777326,1.94108407175821,-1.071052819865,-0.320954261270509,0.463606793121973,0.512208844026941,-0.184975839018265,0.42855934433132,-0.104106555043877,0.570010935541722,0.0204266600858747,-1.65843450662968,0.153498724058363,0.126994497269359,0.429583811701114,0.385510333553256,-0.56511331097252,-0.345340803881742,-0.00910422365850583,-0.0750686253484614,-0.015378538674778,0.513511998204983,0.590029626324355,-0.339747355980165,0.569515784235553,-0.867616255955179,0.220153006343431
"165770",-2.11602643396511,-0.332134907868895,-1.00348360246994,-0.283760012610215,0.218777094483463,-0.0102664699097663,1.65873918615917,2.05882195670674,-2.12619985723388,0.584632986914536,-1.74253859296263,-1.89366180332642,-0.607309550656492,0.802739444068204,-0.422179422706618,-0.137389063547832,0.385895479809091,0.100408054533025,-1.9384535393251,-0.678646123422153,-0.579006301770984,-0.2604716847465,0.545238508258796,-0.47183076554157,-0.687393825483169,-0.124781354011252,-0.836466595389537,-0.163918521094604
"165771",1.29424061842063,1.12866231251221,0.578888690131732,0.356428628319523,-0.340377776426238,-0.872031083895138,-1.28366264851003,-1.2053082588833,-0.114154282624075,-1.17092279021265,-1.07859104387748,0.231668370610015,-1.19408555458771,-0.0150746444507289,0.409014206380326,0.0663688826704474,0.777107577422804,0.681649939142525,-0.422411930581864,-0.151570354080018,-1.77317185836091,-0.679783500960537,-1.81950079806745,-0.772664898490912,-0.363338080499513,-0.223917156990974,0.742186097663295,0.489863705913925
"165772",1.95679477617486,0.614147600281301,-3.23088770190883,0.119740273567244,1.43081540460772,0.148329807191847,0.545544297243518,-0.82030150479592,-0.210735795422238,1.34666736851602,0.240646746098294,0.227257058759358,-0.346089302425754,0.834483615825695,1.52212410057524,-1.35499265126447,0.137078937138285,-0.789828130198117,-0.648971725630939,-1.05339162517756,1.53840887774943,1.08072048839967,-1.41628560433596,2.68854968667289,1.12878260800897,-1.00035973360893,-0.521889325386182,0.640223885045873
"165773",2.52216321681408,2.23284565783035,1.57036868938653,1.6657755373493,-2.15674048768335,-0.513161239953473,0.546727727911384,2.43949438802054,-0.139427560546525,-1.44784560024015,0.814773253629249,0.130622888901654,0.135805861642659,0.307885673481065,0.269489594859371,-0.342174344112033,-0.0534735033293703,-0.270229430012238,-0.0183691226823609,0.221071336141993,0.511585596932058,-0.0529779089288454,0.337573328632121,-0.295955484221899,0.893129473929925,0.0807162472543053,1.01523433851123,0.46983747592329
"165774",-1.48203124000555,0.188072407274021,-2.04323808001121,0.0205372169832632,-1.3275947560964,-2.33270004237352,-0.126326930287287,-1.44524716479611,-0.610078415086871,0.484373171281726,0.530569987786804,-0.249677831461994,0.890203337269192,-0.669194733152243,-0.202291369160138,0.0382048791866102,0.502946656142989,-0.125248866503806,-0.60098422795482,0.595353879153315,-0.353654656633228,0.288208721004087,-0.323609923938152,0.136168228342156,-1.38063213619072,0.176743855953157,-0.136838609722955,-0.121783364184678
"165775",2.43631984446652,-0.607274063527469,0.0762206142731844,-0.625316140408631,1.06900256440586,-0.012312652055125,-0.521820683352362,-0.503122016146671,0.681845384478563,0.150362889050003,-0.00389015884340475,-0.714824635092944,1.17610639972032,-0.319243220064933,0.0589069701691835,-0.25019762403645,-0.531586664403285,0.945969941698103,-1.01891052676386,0.426268410000728,-0.265028308208888,-0.552928463987081,0.667530230294006,0.27278656467336,0.126397053720998,0.720579856980687,0.195041992211814,0.179640677661398
"165776",0.127551909581598,-1.36244196848174,0.602499636607096,-1.3197966853816,0.835463503703369,-1.65206958683968,-0.647635401494685,0.786381618803503,0.218261092046833,-0.714185073952077,0.196174892440464,0.483815780707648,0.20115712423619,-1.29428691050445,0.875266878709831,0.682059524763169,-0.597417206575588,-0.676496804146843,-0.24185137735687,-0.53357222626258,0.610649019315216,0.778468103419814,-0.692846410351028,-0.792461009473434,0.405775274268706,-0.934130231009294,0.0155289345543481,-0.734094829453468
"165777",-0.482547922317141,-0.194871724770655,0.618623046067719,-1.71933999611125,-1.49729178642829,0.807258997327489,-0.388573125458659,1.19336315897033,0.586353225712642,-0.700667255130979,-0.103148697091441,0.487515669432908,0.332983275345318,0.680556704363591,0.39124948554146,-0.890137505199114,-0.893436320896984,-0.443099088640637,0.217470707043144,0.0686735817863289,-0.907318550261176,-0.677608892165971,-0.465346188008131,1.69053161140113,-0.232892703285915,-0.852492463120478,1.90789424817053,-0.249523488619402
"165778",1.28378542833744,-0.815015864775499,-0.236937086372646,0.646876717292238,-0.791145097939019,-0.680381450830513,-0.287731806962026,0.0214629259550795,-0.430430348550935,-0.0314451556940392,-0.089130145068062,-1.00649348078691,-0.339003325304614,-0.464522611339542,0.411484968534231,0.274479983182981,-0.705326611269688,0.437380135714024,0.830856640042178,-0.0282552891039199,-0.393995811559181,-0.672917246067637,-1.4755202583146,-2.36248003774482,0.0936912974122244,0.0606719151208335,0.195895064402355,-0.861349774394837
"165779",0.987269870526398,-1.0645955114673,2.06689902962967,-0.898094500601972,-0.114793195660381,0.275695293403333,0.342942808532965,-0.101565665348642,0.217057799425652,0.0871175817639707,0.773603343278703,0.275759653598093,-1.15588957129089,0.29579209041214,0.417515976174321,0.373678070889269,-0.0657421902368839,-0.677359609988946,-0.383396629723872,0.178792042631783,-0.0711835296426099,-0.0114426479715636,0.288762132290609,-0.0031313809622281,-0.505320900799853,0.545358749389797,-0.632457685974147,0.300931208273974
"165780",2.49522927076851,0.481119270829267,-0.543696050432417,1.41592610848363,1.07929235473646,1.30914940199834,1.01098277365469,-0.136291033343112,-1.35818157842922,-0.0562014593309159,-0.0263043601691254,-0.479051533929775,-0.604259800972629,-0.199254192591802,0.55410134948708,0.293054459159877,-1.38978195567157,-0.714602356491582,0.939259956550658,-0.654941424117649,0.076694970913583,-1.54058906255381,-2.03621669332682,0.457738584458094,1.83229753160865,1.93556822293416,0.856677707897195,0.243095968924831
"165781",0.553950104062931,-0.643316400537423,2.20812829986185,-0.723728899984005,-0.244798346095305,0.403177217062885,0.318194244661575,0.278359351235891,0.715702434817292,0.0326047034560247,0.590031600070466,0.0194759356767209,-1.50612867543878,0.158752710715185,0.179521078636493,0.194163604798862,-0.152542563955414,-0.673498006490143,-0.647250022338236,0.06023847162123,-0.219048540353307,-0.292443126840096,0.0689906662996171,0.274827499692926,-0.62802877750324,0.289033913351259,-1.28863886088504,0.0711547727779632
"165782",2.35177348242502,1.49186816281776,0.508659650461644,0.478855993801939,0.358496829685072,-1.6172967007699,0.501248104201417,0.0199069555948415,-0.275137296144538,-1.2779719270924,0.0617756011265437,-0.966668169462534,1.55658016788093,0.540834511303076,-1.29124671070871,-0.619851005130416,0.231582191141039,-0.895378941155673,1.04047476215813,0.2802510310224,0.00973118960434026,0.25120559655158,1.60299960030459,-0.558895625934417,-0.149397034188154,-0.411900016049887,0.29365335123733,0.962264653932902
"165783",1.01367945116451,-1.16775497811893,2.04094891337287,-1.21397194997777,-0.547962797344588,0.225513505982662,0.397308286149543,-0.303800055854214,0.0154178507749341,-0.105330551184548,0.730810600728548,0.152743142637129,-1.46988923691766,0.0513475715814377,0.0863806154399851,0.308602283204257,0.203572368621072,-0.670418090971557,-0.549005448624891,0.118737263820434,0.0710900271662461,0.242083867511984,0.245101250541464,0.349357908138141,-0.184805908502281,0.541887704885213,-0.517574270528537,0.339874225772738
"165784",0.298697184457069,2.02810521179683,-0.213710844882877,-0.16148589105032,1.24040930419919,-1.31504958917314,-1.49161933590833,-0.797154280003507,-0.899443127827146,0.947922327725749,1.37721605084647,2.43897065052182,-0.712737119020475,-1.69201771187206,-1.73349641578554,-0.1567166125857,-0.0693678184450033,0.295631600172268,0.700320388305754,-0.958584746705098,-2.03027048247341,0.299881261815209,0.258124474187126,-0.485912287333478,0.348733852351707,-1.27377199314869,0.535207306323658,0.215765882115943
"165785",-0.477300741706252,1.34935766805477,-0.697768439918252,-2.3956243768828,0.205633807690859,1.83393198571274,0.744764692527005,0.218064407009599,0.436876188242419,-0.34457226476104,-2.53756327981802,1.83054791151699,0.905222038185077,-0.44896881598955,-1.28217797788635,1.55082663891192,-0.506179335400621,-1.2109677900234,0.231709614691468,3.45615680722322,-2.06347935423358,-1.65850178614523,0.348713327329164,-0.418115558731392,0.737623756909929,-1.78724933317558,0.132626222126781,0.822711879919801
"165786",2.36093927394746,-0.727597288460094,0.0437062916852887,-0.783887134319512,0.873762550280143,-0.368212478763394,-0.777956463511556,-1.2050403384555,0.488564610996602,0.173100816410152,0.00971647341853495,-0.761123623257476,1.26834883801114,-0.0404852588696558,-0.0606288583267353,-0.146987090564592,-0.674710336560192,0.730199224385255,-1.01038752679785,0.517611672646082,-0.164076737590576,-0.383449694145327,0.640487071044962,0.25459167487455,0.217887016572596,0.799714795231803,0.261034959679004,0.252733229994931
"165787",-1.86892291432378,0.597229752065128,1.30683475508738,-0.253640474973426,-0.223020162096012,0.610233944669353,-3.44620844844698,0.315849090573046,-1.2308781632018,1.18922081120949,-0.231274117741399,-1.4862563542475,0.292905266175242,-0.424388176019604,-0.331509743256984,-0.507344775173184,0.34484954370002,-0.0155327776090456,-0.304386786333148,-0.124286296878116,-0.527172383501606,0.958481383207543,0.534707998254605,1.15500250821834,-0.16704966912793,1.0799780898178,-0.0336822012435168,-1.0386706905881
"165788",-3.12450257706514,-2.3600162871748,-0.358284054114956,-1.15681158429695,-1.5695254350415,-2.9877052347934,-2.31805437380768,2.60450778198131,-0.887654720249238,0.602149954942419,0.373848159025739,-2.65573645219076,-0.0813728389947311,1.25728349359211,1.43172300891484,-0.770283097911849,2.22204294619477,-0.293432394930874,0.953737738603147,1.43802395632249,-1.69028285228206,-0.786199582273377,-2.73388001111925,1.73828814859409,1.12211053179083,2.98904559918325,0.587646868370204,3.57309724167877
"165789",0.598855322873411,-0.839862613431422,-2.23399593620314,0.112719683843183,-0.0638272258692569,1.66017796565766,-0.537427041830789,0.719632407057562,1.08631311934764,0.621145878538636,1.75396099881304,-0.117775145231198,0.623364046413701,0.020323382999688,-0.178249196757053,0.41650441609178,-1.29915413832714,0.876283924095143,-1.41232819783954,-0.789669207474812,-0.735119797097132,-1.28396922226105,0.76826852353946,0.252811966617016,0.00705645318688885,0.344665246249755,0.568514764123611,1.47888881601985
"165790",-1.24488349655985,-0.729144427327222,0.892220347292889,-1.2675592986012,1.20216478112962,-0.0789427686290587,-0.367328118697424,1.28325182056469,0.233546385778745,0.234509963699919,1.1277370684719,0.316061452844126,-0.885362383235577,0.521551229964853,-0.806061338818929,-0.645098435829995,-0.345023274051386,-0.466427755539264,0.224767629092165,-0.175744995046016,-0.153883846072018,-0.940232551991499,-0.395071080697667,-0.146825218373639,-0.436672951006554,0.0953937022348866,-1.70914483484933,-0.48821765883307
"165791",2.53846028303173,-0.582069725281769,0.163468800489343,-0.71076898294204,0.576889133940086,-0.288479803794262,-0.409332478710048,0.00965484051004174,0.706691071709329,0.00616515960328298,0.143033402911365,-0.382367132465893,1.40943017743614,-0.432672184218705,0.24784505230866,-0.257838272213968,-0.101341467812475,1.20098654728786,-1.39732859632336,0.423781752142543,0.0306210806366871,-0.447061300316078,-0.012030994731045,0.0652523343860446,0.6555440359148,0.669651226598292,0.518038185459145,0.408993109643069
"165792",1.96056009958437,-0.373316400712895,0.866345967967498,-0.447586639954031,-1.08647198294793,-1.04832554528246,-0.212233156248834,-0.00604560149512144,-0.318281331378562,-1.20269570116774,-0.46406365208324,0.0587404649534235,-0.22393584259638,-0.482460807667946,1.00883031697482,0.336146601694028,0.71687230395216,1.26883954496768,-0.328727439881576,0.976211853272358,0.941576472484359,0.127035177804242,-1.18675913826972,-0.563885289492828,0.272411427755347,-0.458173155721652,-0.0254785467023962,-0.827893796420241
"165793",2.37943872601823,1.80440581777578,0.603826600770468,1.31927370956178,-0.866740379146461,-0.568503910152459,-0.903145626687389,1.4335274603475,0.735287555896451,1.07648226164139,0.916736392500095,-0.749626752647579,0.883145886930516,-0.240525219197076,0.569927461471142,0.184858970648801,1.21057816101261,-1.49041218939367,0.73100597131918,-0.616569211421044,0.403985779076503,-0.284415955440781,1.6140806589273,-1.09415965796606,0.461104079399642,0.160620135966434,0.584891171353766,0.291122112280041
"165794",-2.34679382028463,0.666010953117517,-0.30005085045195,0.686147575531342,-0.204666353361346,-0.276847751388336,1.44556273563698,-0.599019627062576,-0.199191332755282,0.859715123384727,0.169245302586488,0.0853574653743438,1.1876318209425,-1.26198703570026,-0.513906412405995,-0.381003146068894,0.117768317847237,0.0532269568147321,-0.193780440278695,0.334807698939188,-0.0838029866564372,0.964476111790457,0.499712107831414,0.14265598353478,-0.488909778091223,0.415543957358897,-0.287377973802071,0.353607916906668
"165795",-1.82979431536589,-0.489091696088093,-1.19150006350375,-1.63002160969835,0.772346131206709,-0.684069840304335,0.0878987181459691,0.26565796282324,-0.557410340567382,-1.23620506489899,0.571735871062835,0.63829141492446,0.164525428316184,0.335306105666677,0.202575589137345,-0.0726924418545621,1.02909621710328,1.01371687877148,0.98417936140923,-0.114302202986573,-0.353044532409459,-0.16052701940494,0.794659845406895,0.838613278156463,0.127718886899508,0.307248576550514,0.539132982445939,-1.03669864611231
"165796",0.109158487054241,0.960090261796685,-0.103154034024517,-1.59995062324578,-1.33382462012718,0.71520168279072,-2.22095299810411,-0.802664511336124,0.914304502390826,0.899908571526339,-0.673602321175811,-1.58491324666454,0.591376466111857,1.1706998190047,0.803424503440112,0.118259221092401,1.53165751564889,-0.146477844475091,0.635944012997173,0.900832091686392,0.131017356858606,-1.24288315828569,-0.572208811315509,0.587302771698437,-0.948894913648666,-1.16058523934735,0.5268103783232,-0.311491911229102
"165797",1.3394681147282,-1.38060518927371,1.99623086823339,-1.2252216207296,-0.185433233876877,0.391573677734459,0.939720737909842,-0.604676756842055,-0.274544987512716,-0.223676496289959,0.693076576553456,0.229618258528128,-1.50410597799639,-0.0984071952734556,-0.0722139332209187,0.163404667900639,0.364648683211713,-0.581487462084614,-0.2930492571114,0.213209066554782,0.467273072968072,0.464955865140385,0.246193843191804,-0.115634782744267,-0.0603574635147815,0.539504158194751,0.238971732881064,0.773522993820312
"165798",-1.37221981206752,-0.639464464416387,0.100324357502551,-0.33214168521535,0.882410719393992,-0.29315771895626,-0.0565967197416885,0.868250578727692,0.213341334334495,-0.885539772060172,0.136959764437811,1.32946536172129,-0.236389841116923,0.719072314245114,0.600507138637459,-0.587113194962189,-0.356083792188752,0.850592009510352,0.999731232246308,0.298953013920596,0.123647867225792,-0.32150428148233,0.656460316054537,0.676022965055526,-0.0254602647836362,0.773745821191354,1.24582873755017,-1.17405162663425
"165799",2.30179327459792,-0.320664999782243,0.129028650447259,-0.723325251493186,0.914702460489861,-0.087898276408847,-0.529992613302892,-0.478107291969778,0.786720477285328,0.168742199227679,0.0274664693725436,-0.7332511128642,1.27662152895545,-0.208879240721326,0.0614210420841573,-0.301569987527929,-0.895128966972946,0.940174910248656,-1.29249272578255,0.320762837882767,-0.514111738782041,-0.693938641086295,0.556604502474639,0.277960304413103,0.081287248652921,0.41244629366134,-0.178402985046996,-0.253847191311787
"165800",-0.735162060167341,0.915603538411882,0.367334524363077,-0.807940795309194,-1.0755528909934,2.54285778297088,-1.08220848182946,-1.02815321161295,-0.174355163315345,1.09654681909105,-0.482108733102666,-1.17226853954091,0.950236296358658,0.516793953348834,0.725560595166607,-0.496182065025633,-0.0404901339697998,-0.952393092171102,1.02849602479701,0.140996958709377,0.101387938975347,-0.874961126971058,0.499989720253192,-0.498146780240743,0.418385522713459,-0.547953920565222,0.477698624834871,-0.659564207486138
"165801",1.26024202388799,-1.19500537095914,2.12597784357906,-1.13605795278311,-0.464165683762632,-0.145906154082325,0.177882622045804,-0.66112419612574,-0.188385478660961,-0.20764265226413,0.589049308633379,0.178241519888509,-1.33294620458451,0.098997832196985,0.03579804746402,0.223042575588269,-0.10493994097703,-0.776554869160884,-0.455681991351952,0.284423343735746,0.319642782259584,0.303169746879239,0.324856986317127,-0.122924537048515,-0.107614248339149,0.684955767699987,-0.268550182373714,0.591936449834805
"165802",-0.517196524381237,1.08026050453229,0.853369967291564,0.445634222234642,0.45178855785834,-0.989221751969429,-0.303501571749122,1.30625133847503,-2.42629461100851,1.96696768389785,-0.58490150183771,0.622370975809821,-1.77616661459137,0.729208036644674,0.205636140167676,0.290292226744448,-0.0819792178116362,0.853799255495887,-0.761631336298749,-0.145119156998451,0.532017919236679,-0.5921458465862,1.15345370989061,0.404815446356821,1.10858267372844,-0.0631231800031847,0.886397562096991,0.724580921612289
"165803",0.357150664019093,-0.556156190585706,0.625511843141358,-1.06163356180133,1.57022757760753,0.569037122217855,1.10238487204255,0.112220997279361,-0.177895605288095,-0.0580944817516516,1.10928627569145,-0.37817728852553,-0.395815911706484,-0.605015278227476,-0.4913946255106,-0.578541702598509,-0.318521179067154,-1.17410715099005,-0.836104778563185,-0.210082447577046,-0.715662507883737,-0.619374564728832,-0.361602704320965,-1.78665207989752,-1.51841271346973,-0.366839918704318,-1.09369325244569,-0.0815397646668388
"165804",2.25942651758347,-2.49852043495677,2.09921818401837,-2.10528319010199,-1.65107171162791,-1.2818742735047,-0.440516943257712,-1.72046868691301,-1.8145404624698,-0.24823630188563,0.624813330716242,0.387162174524364,-0.607960006780912,-0.317948456961926,0.238844554531116,-0.133178754721457,-0.222241431142133,-1.30655355999446,-0.374928662688786,0.00773544717361029,0.0180621570062036,1.05199527317147,0.811716945178691,0.92986676678065,0.687095442815554,-0.00270944490240916,-0.709718981175961,0.881166286722319
"165805",2.07372970780304,-0.869466670315641,0.0943741187318988,0.517714931988017,-0.629189620408546,0.229552260646658,0.970934594603797,0.70858086673861,-0.778018645652085,-0.509728830849618,0.115769015888905,-0.372129937959593,-0.270439460250019,-0.642128608344928,1.12574053958889,0.390253563800665,0.221674490659072,1.25746414977683,1.09355403435324,0.479017068534096,0.398747910626839,-0.235610825995323,-1.28294091577795,-1.99544046927811,0.452141012365069,-0.587887264872145,0.40170777423747,-0.692254871069958
"165806",-0.0801134846747916,-1.697055627678,0.783741430269864,-0.656325921671332,1.20256938208779,-1.09611202300682,-1.13629543380434,2.07689223552914,0.613694029757562,-0.184761886192792,0.36124422722949,0.0639083735678342,0.42871811000669,-0.73848930161219,1.21420787030355,1.69028603414288,0.234537839216017,-0.210714451533348,0.717699627714242,-0.442571828349532,0.233694517564507,1.11688774761011,-0.54890163718596,-0.327979593208517,0.144903075861039,-0.121096425762275,0.375789681387326,0.092501196630496
"165807",2.03617415697082,1.17842653411546,-0.304397726070449,1.13657423205923,0.376957138329874,1.24209731848889,0.612334843935285,-0.414748810843409,-1.38628275791152,-0.501015742729932,-0.0488121637707549,-0.505222103837826,-0.927751805076709,0.256779227626957,1.16916246173898,0.731193406938298,-1.30893393087932,-0.539985872955302,0.443192097580145,-0.490085901778128,0.0152730515606796,-1.60816389568124,-1.7875772215228,1.49444994296392,1.71770994652272,1.66669398512325,0.019890360340549,-0.197954915852123
"165808",1.20635955003763,-3.31674977101211,-3.30163492388079,1.51124304523628,0.795900476479747,-2.84950501875074,0.736260345035759,-1.93612473913293,1.6707134503525,2.95732812407758,-1.28496654036346,-0.375714211008424,-0.000645342114803875,2.36533259073416,-0.0605297560489949,-0.81960087518861,0.901019531683953,-0.702797806286434,0.86335126313509,-1.0551578518483,0.984684420201193,1.60124611982204,-1.04849598209202,-1.3485733204683,1.51667728794166,-0.222447435112014,4.41938002269584,1.78737422556808
"165809",-0.485968664025714,-0.932571336614472,0.767956028978129,-0.638610026138169,1.31178092353809,-1.21920672472724,-0.530557218179269,1.52526066228039,1.11000947303759,-0.667049953132196,0.00875922236491437,0.190791175705202,0.123432256773601,-0.880986267953513,0.802149761405016,0.850709777027678,-0.499784240145597,-0.453241986987515,-0.0391000867530338,-0.332163722117593,0.697460224164129,0.528329533693484,-1.01234146758396,-0.930690257352891,0.133189630084598,-0.864653699260594,-0.313330478601028,-0.694124686867437
"165810",-0.925831306566865,-0.192792752059653,0.0234697080470858,-0.0432824891125454,-0.614235639508346,-0.253342600659862,1.1122172960688,-0.3221751460206,-1.10847640455715,-0.0949108611827672,0.0667956538939819,0.946016880912442,1.5910413141327,-1.22507298633763,0.487034858313235,-0.195202581178357,1.20275099713292,0.73158800214829,-0.918052158783552,-0.214355841222084,0.490035960094943,0.80239574070341,-0.762357051061112,-1.54187972511577,-0.351264349072528,-0.0697422486505524,-0.887615912998881,0.0270708057021575
"165811",2.62997367882052,1.75801700987261,1.27281097514036,1.7875181401985,-1.59847024339882,-0.526725080973255,0.171749049764179,2.08325331739331,0.0500249613940244,-0.823620131931416,0.791851253783928,0.104156362485823,0.0904349244112424,0.19053142512926,0.396723754847099,-0.245315823323078,-0.18723626069584,-0.642451095212038,0.697453251783445,-0.012850275947032,-0.0136576492074999,-0.488868580788519,1.20894909021983,-0.146813925720318,0.376874392431868,0.49427580247227,0.582362575115765,0.474688466440605
"165812",-1.79990492614579,-0.657776080651106,0.02873084551608,0.864655290700079,-0.199024927241362,1.04488540417418,-0.269659460021141,-0.0955513089883648,1.68923482974093,-0.839775590528127,-0.0610672250956042,1.68942860591714,0.794201156780046,0.669917386253809,-0.142635254051879,0.64464796042475,0.018307878590717,0.454528651705453,-0.828465155136725,-0.838384499986449,1.06466656581725,0.019824282431202,0.409517055649182,0.260401822673216,0.385999141635782,-0.212866681421898,-0.880672671671039,0.811537923582972
"165813",-0.756782636647186,-0.408973836097895,1.22714833804215,0.742374810505716,-0.969861602250432,-0.141604651774443,0.888847284384991,-0.419644212640025,-0.07558024026313,0.609153949088671,-0.442577858189507,1.16428065290874,0.923360793427438,-0.484038009739353,0.674728745419533,-0.239763975836654,-0.0769950796848396,0.625449841327465,-0.503575521307232,0.0463825153814603,0.559449108572661,0.642719147394692,-0.556335334149755,-1.04258554851737,-0.241377872988814,0.437023389554536,-0.651529589370496,-0.303870632385989
"165814",0.944089367839948,-1.64014918147487,1.75816829659136,-1.39974802742663,-0.540012549299059,0.235281937878629,0.648979420479131,-0.501551938619458,0.207674160025433,0.0942393663274277,0.501469669946436,-0.1800116476036,-1.64932027763202,-0.0716698520385973,-0.258008255719126,0.461838816517188,0.758051440150714,-0.558033867455107,0.0645465978092186,-0.411909769892986,-0.268896915742822,0.251040964680992,0.644931944464641,0.767352301666354,0.101457779134144,0.609840288110757,-0.53749900476309,0.646713719605137
"165815",-0.127961450076691,-2.61424859348303,1.1701472979502,0.283489558419394,-2.14920525391228,-1.02730264072419,-0.741061327708515,-2.00059039442553,-1.65685589749214,0.330704631572086,-0.992951655911027,0.342966966109041,0.686736902691453,-0.987094034029021,-0.840371718644242,-0.2109818804761,0.843081452444626,-0.30229273306688,0.519647699426743,-0.160779775419426,0.900749258877307,2.37453618820564,0.567475172602148,0.968975769516785,0.684056990406825,1.04701178894407,-0.770459316429677,1.21255284731499
"165816",-1.30032887143967,-0.930556702710188,0.153241047353879,-0.447675835330602,0.549130081833262,-0.194758862490722,-0.266099936006781,1.0508622963862,0.173644837410852,-0.747210840898245,0.248021854187919,1.26202783978387,-0.33295300135207,0.515704525610936,0.28229992737557,-0.534755246012976,-0.112528047965614,0.768340110630518,1.03053168277688,0.21053193146055,0.0348762412733639,-0.0688007747508555,0.703647055397758,1.23175476143666,0.0914167093377933,0.779083488433357,0.930477788809396,-1.22426370993576
"165817",-0.186658796324824,-0.516840807898333,-0.781427116808643,-0.0859015325735487,-0.973586848339647,0.442232218751533,-1.02333529809041,0.352449519503649,0.987687894642536,-0.666565295031146,-0.0612804041272042,-0.658588368371365,-1.79330823820429,-0.211279634510805,-0.274473968741541,0.793812413187221,-0.121821118379445,1.02271836976504,-0.237661165143113,0.390770008881281,0.216252825759986,-0.4551823737288,0.426805059076591,1.20280116641515,-1.03155604944257,-0.249138083264521,-0.203893431596529,0.731819119630552
"165818",-0.164607071796406,-1.27108555191031,0.623276377538254,-1.00225751154782,1.05172108501812,-1.20861141935565,-0.343996921453956,1.32237571731937,0.947284000126249,-0.68453644068898,0.0486058347887525,0.303922897298914,-0.346799573050634,-1.43130392078266,0.630063625558102,0.804590823964105,0.0897442652990777,-0.418902654186851,0.0505610268423214,-0.367131417200615,0.972857583814195,0.644026023422446,-0.812258573444271,-0.668728295113166,0.462147616604638,-0.572750058085456,0.00801401825876116,-0.464714993361312
"165819",1.16234766418893,0.520567077694439,-2.63811902286939,-0.0933877860285422,0.202103015712179,0.112492960486906,-0.382891973025713,-0.0536064107189951,1.55923700598599,0.557715007323047,-0.496889907907376,1.14167311522831,-1.63563278779531,0.610347834042318,1.68017862977222,-1.74292757281545,-1.47388823741869,-1.23695510818538,-0.29344086521535,1.27243706207661,-2.44987200728115,1.82989015953898,0.287974486089551,-1.13358390383626,1.16814836649901,1.31406939148444,-1.85984722077642,-0.511070088740693
"165820",1.35081441392181,-2.17484130112847,-0.518583056094703,1.65027390319438,-0.763189427286506,-0.724928833384676,0.267380032699789,-0.379056555989347,-0.567623542514016,1.16823015629612,-0.288436908412841,1.07484684277337,0.32004079650278,-0.083384249811368,-0.644480328786302,0.429117964106632,0.416127075357111,-0.755050568413161,-0.54537190359679,0.126618827424179,-0.487328710237811,-0.23490620246923,0.207111539219057,0.565289753974655,-1.12791368411062,0.458744530389681,-0.00438788429599156,-1.2487660123064
"165821",-1.08072808376479,-0.631565273213911,0.452770939875057,-1.5494980782504,0.376194556941914,-0.0970700986799666,-0.400555905520422,0.281822355323622,0.700336691142073,1.82294887313424,1.00415619786171,-0.25257142115232,-0.178855398141434,0.450535452737406,-0.76672037784731,-1.11706108861958,1.15457723218592,-0.681068017782659,-0.26861739065835,-0.418340579501424,0.173645715979128,-0.6174070781711,-0.437571413610465,-0.980087588042357,0.499034960817855,0.473925495363008,0.167953834486813,-0.447975751183976
"165822",0.1787030849167,-1.18692900738985,0.701407193315771,-1.03701785288642,1.58772932157953,-0.774554834584449,0.15641699912454,1.30175304537906,0.956278028947816,-0.418085482798927,0.203547131168626,0.236928790923421,-0.217018277358845,-1.20180359126265,0.485511670440225,1.03303172349598,-0.243611866601351,-0.153643249817277,0.490817872297483,-0.222787223380556,0.895189117407094,0.774982257488803,-0.521686971018234,-1.15871164059876,0.317158493755543,-0.595753212328346,0.378606265963688,-0.693030444588519
"165823",-2.07130668107663,1.64307237777821,0.673417915318265,0.492922738551719,0.392179928826428,0.89850593562919,0.845508589335743,0.331043555654455,0.0271187687688702,-1.00793304619831,0.070890907679064,-0.475689777106194,-0.0945760249156805,-1.40759354895518,0.0067386945037779,0.182297419670555,1.30929286018821,0.370787469740308,-0.815323245259672,0.591690674671878,0.463715590642297,0.89851291076751,0.0140316687021012,1.364424221788,0.112753079511796,0.407291296128666,0.433793562143883,0.575570366099465
"165825",-2.42765536320667,0.188508988447804,0.78349975803718,2.28510387427584,-1.70462498992321,-2.9084170264123,-2.55875842487579,1.50036627426669,6.33540807788517,-0.794579303418466,-3.14852870463374,-0.153275711981212,-0.103898631877086,0.185981056072559,-2.69581919657503,0.532030109187842,0.205370666155798,1.12976305296214,0.648364059824872,-1.28722987913466,1.95347158616461,-1.86939495621818,0.0801319125803351,-1.48107144422867,3.41611152136209,1.7689017406082,-3.46994380746886,2.35959072427123
"165826",0.439017003300908,-0.593995812751353,-1.99187668483606,-0.133386406869808,-0.898511154826136,1.14346065967463,-1.21748776300876,0.378216756534252,0.851245093149555,0.917272776572371,0.806356721309564,-0.91239428730729,-1.15377966973853,-1.22865293073373,0.121188980153393,0.936487130362307,0.762603487238201,0.18239264560205,-0.0369904157699352,0.187992958993152,1.53973131425023,-0.368662018938121,0.575260285139568,-1.28664009446214,0.0892752261156495,-0.568254266574005,-0.0973678402232346,-0.283153299915663
"165827",0.764899630591155,-0.788409526920325,2.13526866512086,-0.955626746297185,-0.350312507462992,0.614841605242135,0.860541428467171,0.225986478604278,0.48055410416756,-0.15858218564919,0.832632540511857,0.436516779062291,-1.49302128376505,0.0763519685610061,0.359036575785521,0.265662565619585,0.456680131000614,-0.44434508228952,-0.766636430536965,0.156499101482412,0.239999933621711,-0.0380686244537114,-0.160059412900782,0.239858902397248,-0.33292594319513,0.228757440697379,-0.72739235607852,0.244999504181966
"165828",-0.709400236154626,-1.75823229848165,0.755131938915033,-0.329683082792307,1.01111396934817,-0.943606604053103,-1.30451470745762,2.05658427045272,0.777214789087613,-0.644334645694117,0.0378595323360671,-0.222986727064895,-0.0977626946124703,-1.06202429658702,0.436382729511146,1.21022405480375,0.610498828539901,-0.592660507175495,0.307749288340223,-0.518321470748071,0.652466644794577,1.27389705120293,-1.0240263429772,0.156075507752006,0.149486603712539,-0.194966045898066,0.0846431652323934,0.361696383701927
"165829",-1.26682402975259,0.404024944957335,-0.553128966328323,0.956625149252628,0.635270649951939,1.22722401176898,1.2863943809127,-0.070905450086169,-0.878690739853271,-0.499189301890156,0.248562844138495,-1.00062680591111,0.289455772503923,-1.6138996824915,-0.804992338696134,-0.0816325943817838,-0.130823860208195,-0.234875019533366,0.828042795556743,0.0120043294170838,-0.0767875618342418,0.76227622342198,0.988873744347803,-0.366917386794961,0.890937879487564,0.731253996978293,0.478253066229016,-0.185037562635486
"165830",0.886400534442859,1.03793584623125,-3.08487593844987,-0.71298489943175,0.319770759013108,1.0522031743589,-1.33277767134527,0.189773776146741,-0.273191423785917,-0.410995233527685,-0.0182405446276921,-0.579379571652681,-2.27231089994069,0.025408490574347,0.361514374780616,-0.912064152989708,-0.347232646531159,-1.08445450352111,-0.430253215188199,1.81475708794174,-2.46547741568615,3.39647220599505,0.828187980565002,-0.290287986740534,0.396054237787956,1.81000742277207,-1.50602761036961,0.177781216499748
"165831",2.3538760527617,-0.221074719945264,0.157515865112851,-0.763643952661697,0.843786774642182,-0.00321062122975811,-0.397669750085598,-0.251032041393122,0.811197379204011,0.0694463929871713,-0.0116127756488117,-0.690059978790318,0.99503577938714,-0.473303323360314,0.304608513217155,-0.345991871697394,-0.621288727127811,1.088676800942,-1.34307789808219,0.368740225900908,-0.427534231454125,-0.819693865441881,0.588570501666849,0.441620540791091,0.115630013229806,0.456089699271449,-0.128334666243932,-0.120887212339206
"165832",2.37537397085879,-0.569428222525195,0.120606239685699,-0.507846227198393,1.16788708223964,0.131736158270836,-0.258445160876215,-0.410947029172349,0.692398477944044,-0.038743785886471,-0.104628996553478,-0.798668897345468,1.20501186252675,-0.275741545037245,-0.183973247561609,-0.30406717561412,-0.41305315832586,1.07398602687156,-1.01049983224247,0.362725193497904,-0.107838723494016,-0.385622750456303,0.476704787571784,0.116748823918065,0.240911182176014,0.57602525179133,0.437778440755604,0.364517060433046
"165833",1.88536066193681,2.57799855281597,0.708817908971743,0.7846899313032,-0.517644884504604,-1.45677268157941,-2.90953050040791,-1.7298634186383,-1.13670681884112,0.989216430342602,0.75456338481294,2.40845836488847,-1.97161817212507,-0.997964518394956,-0.766280865150711,0.352976468524012,0.698317742469797,1.35562029307551,0.525348890977079,0.252036168143646,-1.15754631127762,-0.373766560240732,-0.323125206511337,0.0434754294153114,-0.0498187623869084,-0.215364309095804,0.481061176771463,0.460200908805568
"165834",-0.969412426503793,2.01949411970914,0.736174508076856,0.168773044696812,0.633565301215671,-0.367408699628963,-1.42842545928703,1.38471283177631,-1.85407969863448,2.69489355191557,-0.452453018778556,-0.12196606084462,-1.54209540113421,0.12775627817795,-0.130288163718682,0.255370240462873,1.12250776071588,0.0438862243368101,-2.10061749539584,0.223980010148872,2.13059007997375,0.144210313834694,0.877709780919039,-0.162038549763041,1.23918886960174,-0.693946373134034,0.455315249716653,-0.349016307535586
"165835",-0.135546975532561,0.79313232151807,0.981707399290762,0.151530396462135,0.638258424287986,0.403118228890841,-0.899205783417824,0.469356697683886,0.767298728611071,-1.13548673438264,-0.690684279810161,0.504114264295045,-1.67927347040028,-0.428874568598745,-0.269867496184042,0.167594735745305,-0.403509094243896,-0.191425929614655,-0.406905268952439,-1.13751795831526,-2.57742959574471,0.234448528488068,-0.141639682313255,0.607089191751698,-0.402791945442061,0.113538315723654,1.17421887293788,-0.357387426268837
"165836",-0.0580589760776476,-1.02794849239843,-0.367389145359335,-0.88829280811768,1.89422265478447,-0.663191620059474,0.719810371676013,-0.756631436742971,-0.312667337237764,-1.3224204821432,-0.243906064038653,-0.648652266988262,-0.244305324629872,-0.488774205552652,0.375033304608512,1.12791032655129,1.09055775983424,0.362797801684363,1.37163732314089,0.23932682230036,0.736882843613978,0.990646716293811,0.617667010984801,-1.44117094636843,-0.0934042539594795,0.777107894499877,2.49797460227003,1.17413002469201
"165837",2.1319019907523,1.96920092343788,0.844805052568329,0.979537461846979,-0.556612057553173,-0.936248520316754,-0.201041942694947,1.9077048864708,0.362226586522758,-0.794755958244246,1.15574410358422,0.0457899263865325,0.270823260119931,0.162285180156162,0.439482781450278,0.699308431069035,-0.204761790813263,-1.00090425122323,0.732983867189609,-0.131950099648368,0.61343937370046,-0.51208562780762,1.00937006039176,-0.815124447736803,0.326793493905321,-0.282633549742232,-0.737507476886268,-0.226386635918282
"165838",-1.6538287695097,-0.814836503140213,-0.21182212286299,0.990920744016486,1.10196603803185,0.107450160480802,1.98294039323582,1.80570639281839,-0.954469248512335,1.8182257709115,-1.90682851596648,-0.69222726763104,-1.32600265192126,1.27243665058276,1.32139689445327,0.0690101996833175,0.164617773824595,0.164531929771077,-0.849786339473402,-0.333595959469718,-0.0234616486143926,-1.24578928267187,0.660149235483468,-1.36480443067153,-1.11307539122303,1.40878140149754,1.24510561446243,1.17390621314627
"165839",1.28434213519694,0.875911983466109,-1.54890347007618,0.174387221797673,0.614825138851784,-0.0832734637690137,1.08934632487382,-1.28235593228272,-1.72170948359973,0.405812931812945,0.260018509998889,0.20934685231195,0.558452593922396,-0.208990830666358,0.501515200974102,0.564246022610845,0.308690758412743,-0.315373820531545,-0.0236408228552576,-0.238538454437644,0.257581501285653,-0.940923515780629,-1.65431540826691,1.189930219603,0.277799472456488,1.57809292731065,-0.574601993880999,0.751739618797314
"165840",-0.021747515215844,0.0377372093790714,0.675763851154851,-0.249063145958918,1.12975624788906,0.65255924297412,0.792394775763919,-0.392747506317197,-0.806106443571779,-1.1814304631322,-0.406758359452848,-0.10906048545494,1.06135528228699,-1.03909008863144,0.156543362717606,0.0928406735541382,0.938562033627975,0.642528046207844,-0.168033929152943,-0.14114687442246,0.384650065419316,0.603761287123301,-0.157945076188762,-1.30878944167282,0.161463789053072,-0.239720410230473,-0.515845771519241,-0.303137804523604
"165841",0.160523979462263,0.0761301549861055,0.645663923385346,0.534262074785366,1.3663540972979,0.0213682642154827,-0.755088357730598,-0.0687541418150601,0.675245648314951,-0.846213625928073,-0.5393364084358,1.39777282718915,-1.03399456192342,-0.510917013201886,0.387579350923124,-0.207415216856432,-0.203257638929032,-0.675145684173957,-0.0765851382959733,-1.01087813132037,-2.07036308401416,-0.141892850401117,-0.346004203617022,-0.283983948808837,-0.57762779314374,0.225733594729884,1.53109773619735,0.345973258502418
"165842",0.377111573575507,-1.49083459531104,1.4940255858031,-0.22910091543575,-2.00016390153753,-0.513762378578943,0.0744868990589129,-1.56496857993562,-1.40145624006054,0.648192017349108,-0.590065865167414,0.480977384227452,0.0662407122082451,-1.19228940203666,-0.121797615096462,0.0557482945548654,0.295243932631714,0.422545815548766,0.340090248948262,0.373555029992176,0.75455102725034,1.83417001087004,0.816971571303975,0.460344460011633,0.414415129871209,1.05109771857785,-0.495445188514969,0.350017032456946
"165843",-0.549605325710491,-1.42278442197462,-1.20851478813497,2.34014691347428,-0.23853910847248,1.47491694867225,-1.36539859414891,-0.0366538856969872,-0.586841866731809,-1.69131166262992,0.448423818259585,0.04792436207617,-0.0277219579561888,1.07337624029708,-0.667561549180597,0.310522975408196,-1.23396218807764,-0.347620911367109,0.0291010399948505,0.706830688034606,1.60450214742199,0.529060109295636,-0.465464332717983,-0.560313109327205,-1.32791096526548,-1.07559380520249,-0.488361692159405,1.00104635371755
"165844",1.13537608177768,-1.62247934571658,-1.00792308627976,0.115219710769363,-1.11068596597987,-1.34394963384941,-0.547830649665195,-0.371129598544378,-2.35545328754299,-0.681056478392202,0.105402654386715,0.471067372752989,-0.0633806218907554,-0.346392312539837,0.311429047836519,-1.42473558531378,-0.00742709542608853,1.02332919803631,1.74209810912981,0.59410583325016,0.507239968025558,-0.856204555372862,-0.802024656876812,-1.44143038948244,1.06540778324801,0.563903681881948,1.02841136441732,-0.263999430963107
"165845",1.60363464292666,-0.369985710902992,0.138612028777068,0.380087734118992,-1.13195748750601,-0.62601410268831,-0.513774437367377,-0.696525690849874,-1.11677405274958,-0.903599899219799,-0.160830422976948,-0.500695566293165,-0.373955963987258,-0.0859784488566561,1.39827996943439,0.416428358966199,-0.897050809854089,0.491626969210736,0.504235253853664,0.691564125667232,0.192056234443153,-0.520147133810356,-0.575455904584357,-1.39089101399576,-0.0865928727836481,-0.531186840604943,-0.853290696674479,-1.43715494512179
"165846",-2.23278016341848,0.636653544994713,1.25302880010237,1.7223124868301,-0.66430641609074,0.546730541398433,1.15216363759942,0.618452728730143,0.897221563576207,1.92836677651559,0.260610531278648,0.525267102467021,0.746817991330761,-0.495299224504554,0.0899318700791952,0.0897416643596935,-0.668044019704368,0.343433539150623,0.0621508163009472,0.286170894399768,-0.542400079000411,0.998849057705588,0.33501084887433,1.12046971892943,-0.781074692769298,0.701055871276866,-0.0647848364576772,0.185164755727467
"165847",-1.21745226371885,-0.300966284100537,1.10791806642289,0.813901193014726,-0.874907558942353,-0.578864791148804,0.324199595452771,-1.06139350356093,-0.0150937917655448,0.774257054616263,-0.653645332205907,0.832277458185371,1.17780345665342,0.043304932646859,0.797930219873832,-0.183232379459543,-0.796512289331621,0.249970443801865,-0.417679549455856,-0.158775629277728,-0.0563343632408481,0.333827944255484,-0.263547433188196,-0.932907799651259,-0.622339240207195,0.319334035241383,-1.27283349743152,-0.570429242652245
"165848",0.178628057304594,1.27911925608427,-1.15891173231189,-2.58426322126667,-0.504173083848677,1.34814771295542,0.94055463275451,-0.0741578927329269,1.53904068376186,0.483549931166768,-2.03409253716718,0.307045115079372,-0.832492457963618,-1.34341672881681,-1.31646072459583,0.401308886801891,1.55408798441762,0.203559569800357,1.10700362597012,-3.89866234719875,-1.19039694609693,1.15835081574743,-0.56033577735833,-0.554886500986365,-2.18445943380709,1.03207905472987,0.633008562121903,1.0455811558397
"165849",1.9138658172203,2.2779259661099,0.258081505607431,0.132144711063448,-0.00600086705141344,-1.04698030445765,0.486493723894361,0.74569896832685,0.589329082766613,-1.03057416987985,0.728051251354061,-0.398576829827202,1.20831198070348,0.680038687094896,-0.897437786018692,0.208961933371692,0.777845381060682,-0.428230042623897,0.3583939926486,-0.196568673654531,-0.509032679337053,-0.304193940140813,1.74342828866917,-0.154096121717021,-0.434970695748911,0.00949263844728009,-0.110718060523175,-0.271925335042631
"165850",-0.142198448255718,-0.583997205842397,1.19282146708993,-0.905079728327047,-0.85950369635941,-1.12815912050426,-0.463819097210617,0.527307979971473,0.181532323886073,-1.21022357300373,-0.199417878673417,0.162891908576311,-0.298629901101718,-0.294184493095704,0.847758939871204,0.447640582283293,-0.787516349325148,0.0212552302350733,-0.797471348686703,-0.229513972826874,-0.137025303545299,0.914407782713152,-0.325929868462054,0.648176186849447,0.460517624521849,-0.323611235373646,0.665738785317805,-1.04148395118545
"165851",1.88809899853734,1.83784241701596,-0.00381099768412563,1.69413409201471,-0.724135742427092,-0.556073400977824,0.119978142983972,2.05996171094259,-0.448175863986897,-1.67366099568774,0.823101102199367,-0.537675107212605,0.932204259043352,-0.192514433742682,-0.746211158540505,-0.48751407033594,0.729609477265006,-0.963399413996071,0.51371448376762,-0.3489363587014,0.0417140122145225,-0.299664170486196,0.962921089969622,-0.804505191118777,0.0742991158992957,-0.0728071403081763,-0.295029584897384,0.706801927088189
"165852",-2.42696302550401,0.605670320591994,-0.760928376544062,0.70419323767107,-0.752733230272695,-0.316898540923254,-0.224899734978826,-0.599744794398294,-1.13751906053509,-0.372396142241211,0.361705780268506,-1.12542300713884,0.874112433049026,-1.44375680053187,-0.754525378369196,-0.634705881112044,-1.11512462961344,-1.3030427918077,-0.788659208764462,-0.816426656799776,-1.16953926349131,0.368593022036004,-0.362887072195411,-0.0392452791961112,0.796466436696063,0.18836723878123,-0.403401442524515,-0.590498001438834
"165853",1.39820509712114,0.571420678473612,-3.04665669480905,-0.814112483878495,0.817528772589137,0.868461456940224,0.319113384222464,0.241281995887724,0.493716230537217,0.369897746217846,0.127164037091895,-0.014682045915679,-0.908308961353786,0.700317887563515,0.688889196019674,-0.724221977681783,-0.135976106154793,-0.42188492897245,0.698772386918747,1.6454845458796,-2.44025312154042,3.2108265258611,0.387820950952381,-1.27446610222437,1.24103109129727,0.640774405853041,-1.81521424480525,0.295657795787909
"165854",-1.60592132609913,-0.719135517442312,0.889964043489456,-1.58985105102596,0.244072430015912,-1.07034602436859,-1.42203533273319,0.310665263729457,-0.633032934358709,-0.377869212788353,0.881997522780792,-0.02535258810484,-0.886357944052691,0.741416989240929,-0.849050210926012,-0.869900667445326,-0.816120423410371,-1.02785668252203,-0.548514136733728,0.000325834192545275,-0.0475543704367173,-0.555115852695958,-0.684747401741642,0.277835178997254,-0.199114262955063,0.178800945893908,-1.64422372234541,-0.37915037233241
"165855",2.78489138725913,-0.745262076192547,0.108878837463204,-1.0007219545528,0.639811858355002,-0.399154828997548,-0.624785792889989,-0.816500865832653,0.198096700221762,0.0601237256687662,0.165287769977108,-0.528010366813938,1.41070886941243,-0.210636885597703,0.229525714472699,-0.0403174089615086,-0.444787284053462,1.05906484156996,-1.1157610120827,0.513808569275721,-0.0998476413284105,-0.212750894723877,0.602467867888028,0.150320098305913,0.525080505673429,0.835607549897984,0.721041632352407,0.343055387244531
"165856",-0.540351271616341,0.461609690581204,1.37494319825531,-0.930141081828149,0.779513542777303,-0.316788927273084,-0.53633776344222,-0.277431709343864,0.763561802560459,-0.225813025502397,-0.913831619565016,-0.617488519267373,-0.846698986226123,-1.29822150470549,1.3179958628865,1.14279989199268,0.0832949958832122,0.416722826531959,0.186854713646908,-0.29316164693273,0.150541302767307,-0.514461717721327,0.514716840348596,-0.184057387107745,0.306454558019964,0.225602468681591,-2.03490720165785,-1.10654910929913
"165857",-1.82291222774021,0.137697406467224,0.370096548451682,0.156169921698531,0.136193158714151,-0.91932431882095,0.840240165366435,0.727402937824385,1.52750732169462,-0.365045717374068,0.0105460030993106,0.159829822608847,-0.438356098276117,-0.667213008170687,0.570692390104799,-0.25833673028406,-1.10287820693393,-0.616471088452374,-0.371725475294491,0.0460663118937877,-0.370743872987033,0.391485351943869,0.211871802487754,1.71432256082699,0.289526517772235,-0.100436831006375,1.61517180674401,-0.45727364828555
"165858",-1.92059144118433,-0.783698495625016,-1.54737004384685,-0.261839672330789,0.883417771759641,-0.124388154394623,1.8784467021796,1.74817414681863,-1.84143210485503,1.15323238443575,-1.50359166153554,-1.40485065862251,-0.34793880005479,0.845953840993527,-0.0381325720118008,0.149449442464686,0.753765177768101,0.0823471318286831,-1.37018959158209,-0.952558701098194,-0.68358816462202,-0.707692449920945,0.835414747574181,-1.26812800617867,-0.80129325122822,0.576383370797431,-0.107264739163012,0.111756873677477
"165859",1.5151917586403,2.24372025118726,0.770178583891597,0.512513294218712,0.199967372939357,-0.941018115359671,0.625362780220116,0.845746995582751,0.55506520398003,-0.532731292225279,0.652553535404254,-0.916958490363924,1.69691509390556,1.42718564225549,-0.147374906019208,0.66412093190177,0.888097591958137,-0.163266876467773,1.21224208456746,-0.351550972161563,-1.23048679614855,-0.193462835000061,1.56928738565198,0.520091284231838,-0.810358783502302,-0.942027272598345,-0.588463711076087,0.791352967900734
"165860",-2.031889699801,0.0854918180672436,-0.413509089068304,-0.222675686909924,-0.88498503336345,-1.9854218715878,-0.136544171775658,-2.12178327951364,-0.800832920778763,0.836431397546355,-0.0783340594281228,0.633641889880071,1.16674150339233,-1.12440415501686,1.49374727103206,-0.575552538576452,0.133220224169912,-0.491363650114358,-1.26716159045621,-0.262302735556995,-0.384586024466496,-0.715175335818332,-1.16139744509279,-1.7724463910032,-1.13943171367438,0.398688240630775,-1.45330275237512,0.314645744214353
"165861",-1.88627682561514,1.20798820537394,-0.190224169851637,-0.356433224485243,0.825956919250659,0.0721205332161778,1.56629767814674,-1.30157669477497,0.381550736252114,-0.401071705248738,-0.271153779510064,-0.57025977923372,0.408344863475507,-1.04360902228999,0.00739641962345777,-0.0439080357972466,0.311933423180671,0.117898460976768,-0.0371071419683726,0.120383855725196,-0.346149574549902,0.0435298721434325,1.01162391636949,0.762267480783152,0.477019086736251,0.0904698583056863,-0.221935254562994,-0.601055759537295
"165862",2.40277106265433,-0.626413392327965,0.0253975128769205,-0.568102871543778,0.899617567891339,0.0246636737654343,-0.63638428212858,-0.161500788147095,0.721058443708466,-0.0244788527999345,0.0887500092456772,-0.48593597192986,1.38303026665182,-0.361619288546836,-0.102007253452627,-0.314557058992516,-0.436273735826827,0.919743690560695,-1.37226421749329,0.274475274345238,-0.202199492275815,-0.460812594460451,0.464705440437058,0.277424933542137,0.237532825882763,0.677411872988829,0.0807030926534598,-0.0777511626701398
"165863",-1.70029271615198,1.29692811710805,1.26823464699402,1.97442362102072,-0.687777706154767,1.6843764183511,1.23482122651273,1.27569669116402,0.103627988085925,-0.677626846262389,0.072205531478205,-0.331940129705816,-0.492603942905536,-0.979690730425765,-0.0199315293967691,-0.204572226439081,-0.70246353219711,0.211342497231206,-0.39976077859232,0.328850601437344,0.480080850324208,0.820939168762182,-0.485210163967003,0.481038988601303,1.13174129588388,0.481463106143103,0.902486384235178,-0.265001317236555
"165864",-2.04405752501888,1.11204210574664,-0.00732864346372178,0.296188302799154,1.49366008328645,0.132631533468606,1.6139221768125,-2.00431610211415,-0.169589869619764,-0.68067812819854,-0.189185598322833,-0.0846140073228945,1.15949861306657,-0.284989415489892,0.58471225650935,0.234511133422145,0.612747267037563,0.060430553750964,0.209367249229055,-0.0122996330877593,0.0378997911612856,0.384046844522817,0.750846800084141,0.265078221685572,-0.00803817944384008,-0.339903324453211,0.488240975932657,0.690544075858904
"165865",1.56240300609039,-1.25415695602151,2.2283314427884,-1.32070236520362,-0.477750555913169,-0.00407824571363503,0.742568780442148,-0.821338687784044,-0.61526140596007,-0.35849024970145,0.904037000003567,0.442210343621039,-1.10572629701842,0.431684632520142,0.237848952628549,0.605750562923915,0.383245472999492,-0.344443538891339,-0.377735575720807,0.626672748939754,0.913916695126205,0.881226326172885,-0.0966955856201928,-0.611303372039324,0.268309643297949,0.79497216029846,0.995443150390693,1.12563453011783
"165866",-1.95493794627541,-0.114865673069344,-0.715476366680397,-0.558557386441326,0.0308823508526809,0.421336722737347,1.07702818889549,-2.51255462284581,2.11888948448805,-0.192296624182146,0.239937650784599,2.35753472254647,0.636093640728553,1.95530830304423,2.48949800386983,1.83660706317886,0.310844029639867,1.11036776420306,0.0196966715969774,-0.379807013895169,0.794654035980341,-1.37688951393107,1.55612870786092,0.192255684847516,0.420537749665932,-0.104609052199328,-0.826804317894119,0.15530442184581
"165867",1.57090057319293,0.954546918217712,-0.192873415382882,0.36626510993103,2.39465140505719,0.514657953899915,-0.566624499387375,-0.0115909555443239,-0.526365872817313,-0.658279186249152,-0.280991528282476,-0.431641894425834,-0.0899527096448529,0.15848218523868,0.503792091484506,1.43166718633117,-0.562236640971384,-0.900872646073159,0.0380073858451217,-0.677348410281428,0.683593460751777,-0.9850534136986,-1.92577414308788,1.6559768423442,1.00131114482661,1.21547610039513,-0.863421072114299,-0.201910981153018
"165868",2.07118121611443,3.12047353618446,-0.350001559916705,-1.32189024198631,-3.31438858639316,0.314930963108721,2.27777977617018,3.73834246314873,0.403305655003548,-4.96864080119154,-3.17295006896046,4.78142265308782,1.786227437159,0.385325954260566,-2.34994610262865,0.465548613997337,3.37083587500267,-0.200969072567715,-3.16794523677641,2.94569311428707,-0.72739213352153,1.31927124612305,-0.256812605321122,0.666632088860522,0.123890156526278,1.87384632003762,-2.69479972047386,-0.577213471029156
"165869",-1.34469291441177,0.820612736690862,-1.31097807539868,-0.0724073470089383,-1.82329932231897,-1.32029195552725,-0.0364987837081504,0.0846314248397557,-0.49858007557401,0.539634015542531,0.545655290587736,-1.23365146653978,-0.482587053803992,-1.45069396859839,-0.722603598843775,0.348789479908838,0.933362473368389,0.621155336993443,-0.56284414650379,0.826455797941415,-0.603277178765516,0.726139054038735,-0.251495023273381,1.1747053612379,-1.43266829813239,0.410541669133319,0.041514250145367,0.0903701046138752
"165870",-1.78518205900018,0.0496507436864369,0.175642272616688,-1.73244217477179,0.259231264288815,0.127753912641362,-0.133302750921485,0.183665507085973,-1.16759308599317,0.182944156761597,2.17779040714387,0.406220083496287,0.461191467256009,1.97003736933721,0.124263006176914,0.37737056126514,0.800604121757499,0.367241593460481,-0.17250474494117,-0.866665743043904,-2.01963986507659,-0.687345625084159,-0.244358711991201,0.354321599170635,-1.22188802337715,0.0431716342516217,-0.617173867457623,0.21424938440096
"165871",1.57028404373782,-2.38091230047086,-0.247328168581328,1.77757645612381,-0.79501572376954,-0.541307926315694,0.578775647948708,-0.442869361397059,-0.734239152050451,0.885236982575512,-0.21124917287063,1.32258004250091,0.575632245337782,0.225303667538787,-0.749642515691027,0.593993216068612,0.889909260932012,-0.554338282888443,-0.360538339928784,0.597919609708226,0.342612536249331,0.373255416541777,-0.0775212925046607,0.533672588273588,-0.763419486028336,0.28200737480147,0.241974830508148,-0.832816997543061
"165872",-1.76919595940177,0.960956757799566,-1.66565560669793,1.15461205806204,-0.324075003546471,-1.34150412132914,-0.288369570668172,-0.852793779568997,0.708392953688011,0.531941486237023,0.439372227852987,0.26368813684272,-1.44004704396096,-1.85251914616383,0.790604028695233,-0.336486243676653,1.49459443323244,-0.416938864027496,-0.498053653021125,2.44917039282351,1.47412287361991,-1.02034697775222,-0.126836120889348,0.355696784312128,-2.67636035357213,1.6384182171637,-0.681531805237914,0.608399330618758
"165873",-1.27692622783886,0.946136555958397,0.296555963311764,0.610841033317082,2.07141493951114,-1.10481849582607,-1.17374739254034,1.77238153458415,-2.08380796648097,1.68009699822252,-0.208311050064221,0.978990127072371,-1.12893476155942,0.582370473525193,-0.108383473302258,0.799411550487055,0.0507063819382559,-0.0173749558614318,-1.08878568949223,-0.404252808347242,1.55824760931475,-0.486453356653597,0.463847419017158,-0.689756887668179,0.617005474359554,-0.633429244057518,-0.309355171938957,0.352799037593142
"165874",1.30867532291596,0.994574111176541,1.14968065964639,1.76330048183389,0.935903436734345,0.49324264075463,-1.28710093043391,-0.268880758181816,-0.0396645367875387,-1.31921127627404,-0.949669104413815,0.410921379789043,-0.583928686577137,0.394954851998745,-0.184193302363135,-0.0567650165214761,0.564028198405315,0.480240846802894,-0.0702919118476136,0.318883643469837,-1.18410066161753,-0.0155486378212434,-1.96050817225005,-0.971031469871902,-1.30173897920539,-0.696727292861771,0.320066822351401,0.702073555597515
"165875",0.0538294783444071,-0.973926041451161,-0.867642449076614,0.0909022795167506,-0.770097151319056,0.337419252040263,-1.19288977942535,0.00684115093924588,0.563445614323996,-0.816710395767967,0.0293494709838151,-0.23799453844258,-1.25423830904349,-0.142848461101609,-0.357580741139877,0.552421415140975,-0.247747951190532,0.644182229663833,-0.293901356024885,0.44628077117691,0.544262766246642,-0.184324502811794,0.394520372644257,0.943075580670591,-1.07810534002111,-0.368256269296577,-0.142246124257913,0.819529071785644
"165876",-2.54205547405372,0.162891161960607,-1.60541692862779,-0.874013368598335,0.0311780772538492,-1.98504684796775,-0.555863987401763,-0.687395072156628,0.442603015443723,-1.3186955498283,0.449677085294741,0.160566239927378,-0.440065026939762,-1.51051270676694,0.180305931838134,-0.262943951380884,0.0666958482836667,-1.61417374472049,-1.50831114492381,-0.0636089788914539,-0.0716183788492309,0.131712365845595,0.484930365325325,1.35214846833473,-0.0620914321103715,0.995892857642121,1.33948340568244,-0.615942139192491
"165877",-2.62125237648375,-0.989892680282651,-0.101484032992078,1.92669639307799,0.465005923395717,0.601265364604906,-1.65709076292206,0.855478920507376,-0.947082950790005,-1.69227483862137,0.591402421493641,1.19380548627533,-0.0969604158867157,1.54249345178166,0.30771039862646,-0.361171878714338,-0.514803364748809,-0.424366901197561,0.983673392295926,0.3525758162343,0.939285188990099,0.422354249633904,-0.173682590126365,0.531871070661699,-0.587198185093196,0.972715649845948,0.743419015740867,-0.205887084104094
"165878",1.4100030391689,3.00315054058666,-0.420839306966563,0.683671288578827,1.53641602736926,0.376894915603469,0.258431127042626,-0.607430424405252,-0.984097106613352,2.06351812278508,1.90937015732401,1.36291400885665,-0.449083364225477,-0.66210087255461,-0.649484018954714,0.918911479984339,0.77740126453426,0.603681500421532,1.13848879956395,0.130919249164719,0.643452063495787,-1.31557205952031,-1.99886047417901,2.69523261349573,1.4983397209032,-0.100588110340929,-1.62103826626694,0.589069776638768
"165879",-0.91896483809749,0.598201412257667,-1.3113128745529,1.08672927452093,-0.0886717510451234,-0.21126799593367,-0.0789172077362862,-0.55411982480492,-1.09530785249747,-0.630369171809522,0.87355704152679,-1.36840959665954,0.787112738877106,0.34582683072982,0.303407392715615,1.11847339421958,0.177281112877646,0.0646191652479069,0.857323899617627,0.508801169028158,-0.535385240823828,0.407458019045223,-0.385551521739098,-0.0605845780755036,-0.722758664034058,-0.801909929624232,-0.0700383301596261,0.0488667252290106
"165880",-0.9915280547837,2.29317547799558,1.84436686728125,1.24807057461187,1.55407766794857,1.93889862176276,-2.80335872804881,-1.59374490864766,0.876492771581974,0.816211341157846,-0.568716789964474,0.276950385247808,0.0582690146973716,0.840853064205619,1.27849473030655,2.11509771851464,2.485243199379,-0.169581001384196,-0.271748691846962,-0.973488925895475,-1.23526370194642,0.63796387428035,0.378994549978508,-0.16710142278646,-1.03744192694378,0.567779085268405,-0.0702930806873092,0.65075607943273
"165881",0.800029608412081,-1.31608472035003,0.000732432286815299,1.26805916410514,-0.643791203493525,0.0778986766451798,-0.0529885609615834,-0.272296983501401,-0.384972837248722,-0.93383056693001,-0.680646409030494,-1.05113760056222,-0.789508325465023,-0.385360984896318,0.258849393129121,0.00375828813375325,0.505021291232716,0.224221451211678,1.27232319546684,0.487956437642974,0.749322945473242,-0.183310056278832,-1.141524702457,-0.625353240714407,0.0482500535198661,-0.655208357850088,-1.17557384972735,-0.200724801669129
"165882",1.44825605004214,1.35184303472428,0.846952085983433,0.678567703536965,0.346951234502764,0.164079858135624,-0.447143418400447,-0.624298143368651,0.288181567442041,-1.06293215450748,-0.937419297047646,0.411798065870473,-1.24113882986992,-0.00920976290895709,0.368816065396454,0.0531604157122707,0.826095238696338,0.990984770228859,-0.105507662759011,0.0776696607209999,-1.5990796154344,-0.711312479532443,-1.66050152760559,-0.725998634634559,-0.740508425339941,-0.790970920166296,0.246620132054676,0.139453065992105
"165883",1.04836103208,-1.29003005401844,2.07304352148455,-1.19426293241017,-0.45510784227688,0.0705724039531422,0.376073088351307,-0.457040856728138,-0.0583067614118759,-0.0993694694625052,0.417043707400278,-0.306828749069917,-1.44892983155531,0.108780665656595,-0.182697296195849,0.227702536443675,-0.0668711065394262,-0.676373563671839,-0.191872935644621,0.0639633684239788,-0.117051429567815,0.333999384672599,0.457881655671765,0.342169138673224,-0.0770953086110131,0.472417151660589,-0.535010303265327,0.502622427829208
"165884",-0.33266619082067,0.640080499489217,0.748411640336257,-1.24668671587796,-0.321015247833254,2.32365611967338,-0.737474116444118,-0.20353337610948,0.932055668331968,1.05372200528356,-0.539035232752361,0.130113993767529,1.6347069239779,0.0957976872693043,0.601567177428536,-0.815549319921828,1.44877976261205,-0.540613558976482,0.175672060492642,0.256148012197814,0.822803234939523,-0.703482134768772,-0.0141706342719694,-0.152157509333291,0.301039694087261,-0.489443051779749,0.918093840909388,-0.472007446585078
"165885",-1.74376226011438,0.0136880170267454,-0.299121078878917,1.91243488989286,-1.2990494999483,-2.01704806948929,-0.435772903275756,-1.01240879003704,0.523240750970339,0.849416168266825,0.034135977612418,0.299414307137965,1.21532774706569,0.916788998257205,0.139560937438479,0.0537996427774879,-0.539080250086736,-0.224011001876688,-0.213494360029374,1.10683622917832,0.367671620141899,0.607299939230039,-1.15286760636484,0.305905315229886,-1.46933546240074,-0.0175376565659723,-0.0439397940407041,0.456178232402074
"165886",-0.686586599105597,1.13983424683838,-0.458068317214393,-0.372067443925526,-0.721843355929827,-2.13940831726117,0.396923507679902,-1.93037100982014,1.43615070724344,0.541831593716354,-0.01016345157765,0.0584314054928874,-0.532775748996459,0.139357693913279,2.04857020037383,0.801969979175115,0.0670645028900151,0.540212632913083,0.0691244803711062,0.174093221279173,-0.92093917013441,-1.67531608056715,0.00974289038410389,0.807516313006728,-0.409158658753285,-0.0531156864513027,0.437009412459796,-0.532663730355827
"165887",1.24172936167532,-2.39432518383649,-0.645875329035219,1.83594865857772,-0.722839135496968,-0.665522714696135,0.669832650539667,0.324248954701587,-0.0587539012671068,1.34825280631926,-0.190931163282221,1.35655057817345,0.626422293847865,-0.169885750679806,-0.58473817545934,0.353438612943518,0.959502186035869,-0.583493892486352,-0.512886065763777,-0.0538109583973338,-0.405495120863608,-0.395278587356839,-0.364342277253727,0.363218331683179,-0.822198429639962,0.355323643703777,-0.0213507352577787,-1.1131123563015
"165888",1.15850001192709,-0.783708975160846,-0.176810766629649,0.665066266046348,-0.61178564770517,-0.0823570460020505,0.382643269754181,-0.0222627608520237,-0.272084554990877,-0.402952828915961,-0.313907624924883,-0.947090143005687,-0.645448766397835,-0.356071454774064,0.851915019339668,0.354326813180086,-0.0398830938166454,0.746924786567967,1.18831674278507,0.191369706544204,-0.0708568056240313,-0.713866593545832,-0.99549538364327,-1.4439447321743,0.0741361357725812,-0.468823507401083,-0.511015475736655,-0.868077126332304
"165889",-0.477067910056134,0.564630210353082,0.417557706049283,-1.0185949853154,-1.4382687014871,2.32564749601663,-1.3563033802425,-1.08425854635489,-0.63011836458767,1.28295902447176,-0.194347093634436,-1.10325886370159,1.2997447241407,0.512343142825457,0.52838782059878,-0.395934701470693,-0.0710917059084679,-1.06120259030407,0.938172909834653,0.0107691759984107,-0.0321443401189683,-0.428750862488709,0.26589150405156,-0.506678988749735,0.616220763866903,-0.53606178321739,0.822622025530209,-0.509741766046678
"165890",-0.361594478413575,-0.645020702598216,-1.266806617789,-0.278864275861882,-1.38898909218599,-0.584412614220817,-2.04356965134834,-0.491338610080385,0.395356915313935,-1.01157279173707,-0.16962388026459,-0.460907325823211,-1.85051804682302,-0.642976250807151,-0.266268374333019,0.0705199850201309,-0.791107882355731,0.0881319769915848,-1.24224619023283,0.317923097250727,0.26062257154184,-0.774204403972217,0.206139362317403,0.818294221771765,-1.12215923325606,0.295466481460184,0.0621726599162541,0.502417804400477
"165891",-0.740706280328119,1.1022125941156,-0.421725272403421,0.390834947944306,-1.36907529609937,-0.389584027152056,-0.841901809104845,0.34843061034231,1.20937676167943,2.32279259475875,0.179930472429398,-1.35906491692828,-1.36115931050774,-2.16708953786962,-0.312147727689528,0.134957417291518,1.40569675230491,-0.0708726124488602,-0.72465220070475,1.75388329738052,1.41597027583231,0.845988595082671,0.36447820512203,0.704529317568444,-1.15168154910509,0.95452783345865,0.404855701482744,-0.857172968498276
"165892",-0.553973139541475,0.441099283506759,-0.574510412452833,-2.25233421173915,-0.413801617845096,0.606013651875678,-0.113064127262999,1.0463428571137,-0.331792163311577,0.150806613252109,-1.30941645512672,0.293101674214234,1.69514307775378,0.931511852440063,-0.648782102258818,-0.368456194834759,-0.929779256597189,0.879128232350619,2.15353685775717,-0.851055944968759,1.61669729890383,1.98218219305723,0.313895318162099,-0.357513774504495,-2.47208807776767,1.21315594062117,-0.154967516792536,-0.395757313878798
"165893",1.38052594345238,-2.3728157263643,1.67543766398301,-1.66130207649894,-1.20441191158358,-0.589500950124553,0.32211191922897,-0.293569476593771,0.267353680567791,0.504432901199156,0.514153811151286,0.0435389356810478,-1.44797242148569,-0.81373432518098,-0.460570277931232,-0.0870902055617366,0.837214540880724,-0.94390429259238,0.0200491052726823,-0.486381371467459,-0.240538051748175,0.121322125394658,0.270225871521616,0.83108816638708,0.766967095411815,0.613441550490029,-1.04309002395291,0.741941448199745
"165894",-0.64476884799932,0.61922642309574,0.175115222464216,1.31254572686055,-1.28584918273646,-0.553011624984241,0.666445309040687,0.866326193009259,0.789567219035748,1.28202574066996,0.28824510144792,-0.256579453319177,-0.356704912399219,-0.505613898554585,-0.107326374582004,0.314588298830076,-0.147787213658922,1.00015392092624,0.221846274415423,1.32810796189116,-0.0151188165778825,0.600425080335395,-0.321375990381872,0.775943611194626,-1.40159944271606,0.385737608059945,0.481502812257842,-0.0316556336896481
"165895",1.79876255180857,-1.80257079180163,0.232595562127004,1.91873772466977,0.758908890120078,0.276203463161758,0.02406119688337,-0.0620216636720682,-0.400463767639438,-0.729232168873085,-0.572399332205814,0.816601473534401,0.409347045538978,0.520911358468059,-0.515057485653088,0.621516745549794,0.85200044921736,-0.816203188492245,-0.674793833022888,0.350165685898659,0.27522838883908,-0.115009623363109,-0.288818741023986,0.74769995516421,-0.477156407790258,-0.177314619430042,0.509219333821598,-1.24616631839716
"165896",-0.490543746004774,0.575535335446325,0.286038983811399,-0.602314972166653,-1.06185351531678,2.40498287964355,-1.19297196946107,-0.946045879307825,-0.16794137190291,0.930244522106245,-0.416568778687849,-0.644382376768214,1.03312209011403,0.245269493503833,0.67645428410897,-0.605872369415642,0.504339795610768,-1.05616787413197,0.962637300758526,0.246105334341423,0.776431777992908,-0.785359340962685,0.298283012481967,-0.832521934963698,0.654694041894766,-0.167599304857364,0.826678397054141,-0.227773955450422
"165897",-2.21011838888007,0.679036821848678,-1.16802350470197,-0.613215501859373,1.78031169825687,-1.20171460700813,1.77648285535047,-1.85320244704709,1.3357247623765,-0.35908383591816,0.914576132863771,1.52072740878831,1.12814876400428,0.258346914113439,1.91840482008449,0.896063987045366,0.216556184191308,-0.549756617119559,0.274372956677914,-0.65796761864265,-0.463903581771806,-0.651699998278105,1.25967727420811,0.548057411982084,-0.769033485901656,-1.37390117830849,0.17774825567529,-0.350317841256356
"165898",0.977383972291204,-0.873665650999284,2.31053321163651,-0.573749373192446,0.395130364269303,0.882937319000484,1.15896129963879,0.214099434296837,0.300070449823209,-0.051426791194565,0.641457363943496,0.00738810926205581,-1.56913174683486,0.159640199463749,0.241792464671224,0.314777551143834,0.351319666708598,-0.272125161654209,-0.0597712369905954,0.429965781354084,0.40219789479907,0.19023390837848,-0.0731557669154135,-0.374786123215734,-0.532177680549162,0.474670179652776,0.221668848458878,1.09587672051649
"165899",-1.92928019551514,-0.526399046475801,-0.409348029367991,-0.394661139283452,-0.944000991171185,0.218800782495465,-0.801944050382883,-1.36245042072171,0.762979599204653,-0.414442826984659,-0.00942387605544177,0.89224071637418,0.211966736610989,0.560955702060309,0.529091788471844,0.821872442097899,-0.793662368011056,0.201236667186562,-1.03871646681606,-1.18207932136073,-0.360090052541296,-0.323625844274897,1.06862895457738,0.896334824443273,0.198057457194205,0.153599747153099,-0.395508738667978,0.429265945468582
"165900",1.76152874907359,-0.272215802246623,0.959442709150333,-0.16430869139901,-0.667479376429352,-0.46651516185793,0.190957308492265,0.26214935503399,0.054986424739835,-1.21443520358088,-0.657019500031373,-0.272135864653735,-0.530791034077723,-0.46029835902119,0.68397266085466,0.340783312515281,0.873868205633485,1.43643825267104,0.0316132902131078,1.03667696888317,0.999588273127279,0.137620284180127,-1.05517274401759,-0.383284788328864,0.101026578869448,-0.587136474837759,-0.224285149111268,-0.780634499673262
"165901",-1.98568657268276,-1.0265571133028,-0.114449334472006,-0.713644683570485,1.5286204603103,-0.925333839783747,-1.41002685539324,1.37808426067416,0.143285424016882,-1.01836070878763,-0.104572232520859,0.162813853593738,-0.539215563302253,-0.270461192435436,-0.614655134624032,-0.576289186328257,-0.704701976222338,-0.185114829145389,0.933874168267508,0.13508890967723,0.574174509321136,0.14136245157038,0.141903138378861,0.671439051896743,0.0162418197500334,0.159240175358432,-0.343065955803148,-1.26403637484279
"165902",-1.63449014936744,-1.0298230994063,0.0922860721615742,-0.533090076308258,1.8482036491143,-0.546938018181302,-0.872707311413244,1.71344144960829,0.219000317339859,-1.01726280718039,0.0945233096813916,0.56409689042311,-0.280642039688758,-0.12446586329679,-0.396681350422803,-0.350881941995742,-0.319952934911997,0.208726059104265,1.21525308932427,0.372924406716104,1.03164908096791,0.33329332806292,0.0308639742801478,0.313382470886048,0.115336996129182,0.0291281501388914,-0.00992616284502265,-0.984732036737173
"165903",-0.987916778093057,-0.603296605282393,0.0918046288990721,0.757409385776678,-1.63923538405848,2.22701761750322,0.522332677695213,1.17712082680936,-0.453360979840486,-0.971644530975672,0.621932606011121,0.449001542196715,-0.426897360142828,-0.722485063174075,-0.512209661752995,0.152459411912919,-0.902983877168927,0.658596950157384,-0.81922129626535,-0.672182016181697,0.733184976613713,0.825182556447662,-0.270384228330151,-0.109345858759495,1.22876915460195,-0.567466032948035,0.333589984487276,0.873193846676343
"165904",-1.42615757172576,-0.730541004651147,1.33226426855597,-0.275834124078566,0.196610488591731,0.506535441890124,-0.574374637441313,1.06928142362971,-0.262270871670937,0.23121041484881,1.04027894308413,0.255174797434213,-0.444811784307879,1.54615687316192,-0.991413598010412,-1.21492729282848,-0.959327656362157,-0.453219676661557,-0.171486615619616,-0.2702078441532,-1.32822036469552,-0.608535027082186,-0.328795915834206,0.794532407708724,-1.00003222838644,0.524771890256852,-0.821991758434872,-0.369044994817042
"165905",2.80301853646832,1.87238695406293,-1.59299218872823,-2.14983940419971,0.087323311834645,0.842857316401853,0.789929910372801,0.814699337758493,-0.0656811027276936,-0.0277531200345741,-1.27598528269177,-0.448070545668979,0.678781944690443,0.618643736779987,0.325632459292008,1.09569501934076,-1.43322304206999,-0.566378083627419,0.887523613352042,-1.44914928423399,1.76830795628458,0.60525176994348,-1.83676032108565,1.46877834391395,-1.51887420325862,1.78595532164881,-0.170112328974299,-0.0807977317160268
"165906",2.46708745676824,-0.711157865516991,0.25443102109435,-0.14870478412766,1.51757316694083,0.459759643140397,-0.0662244410002215,0.181618275872826,0.968953749576058,0.225420369636527,0.0366968817090666,-0.66451986043911,1.5099694695089,-0.263957280679524,-0.266842283967565,-0.393724746209231,-0.436448259043872,1.08509979903174,-0.818459522135567,0.504111176761148,-0.0352560339927477,-0.361467296026857,0.2170637494115,-0.092144735490271,0.122624038427657,0.405880141815228,0.233783413024633,0.348848490778915
"165907",-0.832261007915384,0.857953438057556,-0.866496415022585,0.393869329729947,-1.33099674365764,-0.601563794528744,1.58351340408539,1.28473061438341,-0.113623005533771,0.36658942034131,0.801143787591479,-0.432822898521593,0.243386719522623,-1.51039298317649,-0.717327752698709,-0.0325845906146834,1.45072061212121,1.285496061293,-0.544050592320839,1.22799037080479,0.44615578557724,1.01550473327152,-1.42710514498371,0.194504968360713,-0.89796492808695,-0.64131081444232,0.330418358429525,0.360967795106974
"165908",2.12514285184609,1.52277888148439,-0.931319986340534,-0.630850250019631,1.4124102144549,0.457346012158269,0.511080376971069,-2.36214227464807,-1.84384515190459,-1.72311145526731,-0.49940561546848,-0.484293211905888,-0.518240775768775,-0.410810649522206,-0.0290783281330023,0.437330435798554,0.0222794863723184,-0.67599990003337,-0.317498233078168,-0.403399971986995,0.559619122284826,-1.17081033347069,-0.611977827277643,2.29327591638265,1.05760030257066,0.835668465672045,-1.19228181067561,-0.313253267343545
"165909",0.109970550293926,0.610994744384824,0.693297990110449,0.454997888105958,1.07672809460059,0.532850906653656,-0.216426722473816,0.860855759501602,0.9950822898233,-1.43208528527908,-0.524855489315674,1.54214900442578,-1.26069596308959,-0.776240821567843,-0.0671841395676027,-0.315334910972831,0.103429770705435,-0.178112189764734,-0.778730280128303,-1.16326113613772,-1.78107268728164,-0.0256824153292062,-0.708549035764476,-0.336371750992728,-0.189820942726383,0.031080541877122,1.59633212004172,-0.308729743244137
"165910",-1.2790418845483,-0.357341420862941,-0.250121150737836,-1.58378127680191,0.765876252448767,0.0327420713828199,1.2947585922849,0.371049867407433,-0.461707843580924,-0.694958082777233,1.147981702746,0.455274576678614,-0.187006609978004,0.677154367232827,-1.11215247285169,-1.24212931795338,1.06935607999841,0.339199328231006,-0.0803220834006122,-0.357873725643865,-0.369557390717564,-1.04711410669594,-0.480385990201169,-0.767545545302686,-0.0121197040480824,0.0969015529887388,-0.480581800513102,0.0705711016921643
"165911",1.87516115282992,-1.72182555913438,0.139537896673826,1.06893705198508,0.39186844692645,-0.245540145442932,-0.170515509248587,-1.24547050235085,-0.540270276496571,-0.220636597138822,-0.755665954331866,0.210147286286834,-0.387079264223766,0.437943668896474,0.0217361370113092,0.8267920382688,0.397375650397605,-0.933565920626602,-0.158580357120762,0.595687372180478,-0.355297361386502,-0.60537208327716,0.713599904597086,1.5426560583887,-0.574597203030541,0.0304849601107503,-0.034976566900556,-1.52889374799328
"165912",1.6259476549466,2.30939718693954,0.118357997742683,1.78091141238888,-0.190874161300124,-0.533891617266657,0.147528209528538,1.14646797333881,-0.135822050766238,-1.35032978185344,0.843421221781159,-0.537779165399064,0.989246715421459,0.837651801949444,0.0944760986396896,0.425529021581778,0.650156761456875,-0.678351935982454,1.26620660504437,-0.211895851263085,-0.173523859706342,-0.654288745494367,1.67377978788079,-0.852734046003738,-0.475064263571429,-0.0179326573920081,-0.469887353191403,0.922953963110142
"165913",1.67633042825968,-2.010783018093,-0.0452986019387262,1.0221399579334,-0.0364418091143195,-0.520499353960887,0.171459093750359,-0.946757051739831,-0.474811437404518,-0.344125535559578,-0.718197160175882,0.44709738887454,-0.173404395093556,0.168135989652462,-0.174804774789576,0.685680897798683,1.26072776823338,-0.785409351652101,-0.465912641160002,-0.0495059142915818,-0.254887638306632,-0.483152610800831,-0.180188167880216,1.36959070882943,0.0359735954642872,-0.164225674348652,0.552840411974426,-0.840279686371075
"165914",0.225683699927448,-0.806700779562086,-2.00239161281808,0.0688804259588102,-0.540891734347336,1.0624102321168,-1.48039127239058,-0.160161487521714,0.667948210340268,1.24945345357631,0.785738350392971,-1.13412608080542,-0.981347867153852,-1.05583324609299,0.136777248878606,0.660467942456094,0.1193898039801,-0.378231238084264,0.138832857707523,0.314240680439071,1.25175345054969,-0.464298581420712,0.578692874107763,-1.24895841934616,-0.442800002684343,-0.805344277169401,-0.464855566578629,-0.247566078301067
"165915",2.5155933980965,1.5747740101815,1.42246263074946,1.16508322895528,-0.0442687173858052,-1.20833014292643,0.440205631724658,0.464835864155109,0.957887742818741,-0.99105608474034,-0.448873453869317,-0.368373207945895,0.420246622794724,0.792002442080442,-0.754411228000642,-0.687618258176051,-0.484298143012912,-0.734011339662197,1.00046244220545,0.312712080815908,0.170318904344022,-0.307732814271858,2.09472802342329,0.0975179528143423,-0.0446191822576251,0.456748709364835,0.650573865149647,0.278480439358813
"165916",-0.409187604079557,0.577225650607759,-0.00419871222863347,-0.519252087853218,-0.71633524695738,2.56570621517977,-1.02599014922444,-0.615328520163846,0.0185295906698001,1.29258678197948,-0.0515630435052501,0.00825241336778737,0.615536551446597,-0.462010447903425,1.52999035908066,-0.762022595889484,1.04369095738558,-1.13975033089365,0.774513452244971,0.1976150819377,0.813027893235943,-1.51865236468263,0.162122481552089,-1.14430460416261,0.198420716289297,0.353137069335262,1.32772613704781,0.108285458949726
"165917",-0.671542198135136,-0.610149842633721,0.271209447735923,-1.1238250292621,-0.449020246394903,1.13186518238877,-0.254696780385357,0.973426752902867,1.07578377682878,-0.400025959261469,-0.14252503012737,0.785821545100521,0.639570361470546,0.964364885883116,0.485473409799672,-0.89059954043057,-0.765118637539657,-0.746681770559353,0.854305393077085,0.04750124095637,-0.80326591766243,-1.04585098050553,-0.116898743846436,1.338355944493,-0.751472599622185,-0.642939441088144,1.66341144247907,-0.155141512618717
"165918",-1.56291989647648,-1.04451736682804,-0.286455730330446,0.670241874940933,0.553558698293289,-0.275366290048878,1.94462080947716,2.20511505897127,-0.802326880808663,1.59384092852146,-2.60941478696933,-1.50514412960524,-1.46255532296647,0.517922104972265,0.117985174983307,-1.1281637111386,-0.90440847413744,-0.256494694079121,-1.15884085295279,-0.439432816899599,-0.435552865037993,-1.33612691269143,0.74919357339657,-0.856809154441163,-0.487893584737439,0.717315242459649,-0.238608546133025,-0.0710231046784102
"165919",0.386476068470481,-1.31128983030026,0.414361405437831,-0.985282015516866,1.11515633290548,-0.356628828880525,-0.974040314068461,0.211152628691164,0.941486322244961,1.29499737489301,0.239823954059402,-0.282232018383781,0.546740804028506,-0.865963365853348,1.51442407059413,1.04682667791891,1.06807862983132,-0.748123101116363,0.436480734306936,0.0180964233751074,0.857762618798451,1.13850938714166,0.690620065974093,-0.704217889846599,0.17514389212893,0.0562820605507911,1.2446220143626,-0.834742722891693
"165920",-0.145810526541974,0.461005956412759,-0.0220303103170632,0.812312030547321,0.230812329363709,0.559064744834816,0.0246226039158953,0.533003802352851,0.276932179886707,-1.11438419125078,0.0219584092096239,1.1156966946211,-1.00897512451008,-0.112250754769831,0.28032303891095,0.28224021182369,-0.575212254423819,-0.244003968077052,0.0204422433223355,-1.65584692955945,-2.29051577610456,-0.178471996497554,-1.0041581432278,-1.46088010456074,0.614408044029576,-0.00876121412543478,1.77008312843529,-0.401280202382362
"165921",1.2147674053609,1.62173506720075,1.33058318902947,1.02064076958831,1.22328306677995,-0.491458419967796,-0.812817428680889,0.319359802460987,-0.117289985193809,1.49284456065857,1.44214541918853,3.68897430963117,-0.889347682223577,-1.26507437392116,-1.02095111102337,-0.122626971750104,-0.256071842788967,0.826371030611471,1.0791990516718,-0.449349742382482,-1.0305282708674,0.623571021989648,-0.331702577224253,-0.682760383259534,0.69559742345686,-0.956733302362606,1.96053409710509,0.810796666669048
"165922",-3.33378632716703,1.05790234017513,0.564666745507481,1.01057779699589,0.439607011345289,-1.25513417267551,-0.463074373129752,-1.67666719456455,-0.225890231716333,-0.224122293711439,-0.486094699011495,-1.39154226419306,1.63983012791323,0.111347956162792,-0.0234020542075098,-0.386321321622642,-0.691809335223343,-1.11196029505557,-0.513408428094861,0.184695201513018,-0.693262296989081,0.628062413321487,-1.12382242387056,0.648286488265241,-0.208115495388219,-0.577242313700253,-0.404882811350952,1.39397737126259
"165923",-2.49141319790283,0.695742181687208,-0.685209020899488,-0.647526948146546,0.0210806235043177,-1.56047178181825,0.374851576193939,0.419838393412616,0.858784751090491,-0.873531660338916,0.447616542520249,-0.387216725503661,-0.143484847605773,-1.18102843433776,0.272601605483112,-0.040758567296096,-0.0533068699812028,-0.754931523251525,-0.971809287633938,0.0168912107830423,-0.444122547284154,0.351439477788144,-0.259582485309289,1.36935903531445,0.131942055391842,-0.264949511499538,0.999422515685478,-0.0997093337396751
"165924",-1.29438039286904,1.31006845152768,-1.37951165257123,-2.42952030213565,-0.0776053222492117,0.144669926629172,0.0974432023821235,3.12574289695041,-2.16563110589615,2.87881709162487,-1.01825370811355,2.21152070791947,0.501682014146095,1.18369427520402,-0.785801919744749,2.75523498859185,-0.841120667884277,-0.731366293119466,-0.613572632223432,3.82595397563035,-0.0964171761099736,-1.934432183641,1.61578766991336,0.364259844128295,0.940545781544855,-2.15476617696532,0.789127245066255,1.20151131381085
"165925",-0.902208486898296,1.23243588932203,1.82610292609767,2.44642819040192,2.39770197755845,1.96407181266235,-3.36083294454498,-1.81910675968369,-0.424895979456421,-0.184137628604016,-0.844563308183036,0.393134461030807,1.68779352373349,1.00069807458496,-0.480180733288976,0.384470080308162,0.92713073171924,-1.67208167079379,-1.07185046986426,-0.591762787401591,-0.243676017686592,1.95014763369954,-0.750910527277662,-1.38238917493865,-1.26781097445237,-0.232583854803307,0.182116986655873,0.557266091371861
"165926",2.7111663208789,1.56254543765031,-2.04280947647936,-1.99309571975166,0.339175911016423,0.392846878450531,0.589041472550894,0.79050473902593,0.0816222656956828,0.0682598269864174,-1.48880484139466,-0.491640732597487,0.762069209655256,0.211313189592659,-0.0246894871294935,0.486156502864627,-1.78981068946358,-1.03777348588695,0.726175602891047,-1.68502511882373,1.66380776564968,0.214285710133008,-2.06831181250914,0.763996714040577,-1.48281658255979,2.18365291492128,0.098257005195008,-0.129104715165757
"165927",1.95314842577493,-0.0332030862541668,-1.39155222771289,0.936449458909772,0.259318174550346,-0.542594642419966,-0.952230501445917,-0.560930246110117,1.40967418619783,1.57936785761608,-1.20871079383142,-0.0192556938996726,-1.17792205884339,1.42181005944374,0.186196790619188,-1.73535473115552,-0.168188692210332,0.668114999529267,0.619624378140918,-0.907580229915468,-0.986983463222706,2.25405130356218,-0.368012260131373,0.338062611449399,-0.171548726521832,-2.8417591103457,-0.176606027127189,0.393670634252323
"165928",-2.20116563608244,-1.24904250984631,-0.455693056021845,1.3547451251329,0.618343787215678,-0.00561445969379701,-0.942390704924214,0.129572029715879,-1.08242337533986,-1.65411306705912,0.192418858492142,0.94054864238651,0.458163412686161,1.5776405807569,-0.0720858744795617,-1.05319064945948,-1.68183297391484,-0.562991184615277,1.1974083492621,0.281854782558323,0.632567072781533,0.20869304685955,0.0773888261428358,-0.185491479770144,0.00688052103994784,0.325558105778327,0.469244533271662,-1.13326901815737
"165929",1.49375361445295,-1.52542154062141,-0.692960436059465,1.9755337643109,-0.122835696536355,0.346610101712383,0.374431653218485,-0.061778684752389,-0.578014929857628,-0.275179995146703,-0.463939536724451,-0.0904240083912444,-0.534182603880196,0.0343363361423646,-0.277499797422936,0.509938460875036,-0.27755369705237,-1.01441033076115,-0.0683626732834408,-0.339026183725443,-0.82358116155183,-1.29105773340988,0.0353120532113977,0.0500019165080582,0.0936352311921884,-0.118976630688079,-0.206380262552406,-2.12547413117223
"165930",3.17299065692194,1.54755641385275,-1.70051850946228,-2.26652934819777,-0.0136306685922287,0.257289760019143,0.358370986977938,-0.0497753849107625,-0.584380508650811,-0.23442252665339,-1.46757245823849,-0.234677883656618,0.461672582852693,0.0429501807723409,0.177830501018189,0.485901795736889,-1.75774692861759,-1.18045393146358,0.691227769828515,-1.30445426746451,2.18002713970978,0.52672593553596,-1.60959834308291,1.27601962350261,-1.50237590809902,1.95737048190866,-0.160047254857878,0.130147861203391
"165931",2.3230323945284,1.76162282507955,-0.104807593692705,1.26404747981186,-0.647335576856923,-0.557731643975244,0.66942398067967,1.96856253539775,-0.525649687336243,-1.28545563882835,1.12822669997739,-0.330035405977959,1.14877848515424,-0.161842626598072,-0.477326270426678,-0.302061132841483,0.652572256457115,-0.68591981796807,0.740811597034897,-0.343571917045624,-0.135422826328693,-0.350575438937486,1.0287435074359,-1.22198551550994,0.271820791055842,-0.101531878699584,0.155157845292542,0.492159561647742
"165932",-2.13611761832172,0.573934540908173,-0.405841340974082,-0.625156956186202,0.532289219340538,-0.703119101055361,0.849319650349506,0.610722039763252,0.757503513101171,-0.494603714021309,0.686417979967147,-0.576993151160296,0.0821513709474914,-0.752172028495559,0.218864744489389,0.543083088254292,-0.0506060975773021,-0.338075585561029,-0.135689400982143,0.0575396319514805,-0.784616275139574,0.805184565842665,0.372312808285252,1.70985640182655,-0.160211373440808,-0.610648058675112,0.904535312889148,-0.183610590283597
"165933",0.186463900100461,0.584498481838551,-0.0866684427929882,-0.871052830271584,-1.12624432589069,0.225300120082766,-0.651902422423576,-0.694637240133148,1.04315120383927,-0.149615467625389,-0.881966917524888,-0.0385725862715952,0.105901227616806,1.03136540959928,1.21760604887666,-1.3100409147807,-0.367579898414169,-0.0632934116575864,0.782888675548577,0.951248117288386,-0.759760448928346,-3.05229150767031,-1.1060171612886,0.59847258540468,-1.57527113293533,-1.28359096843382,-0.35831677897009,-0.289979149705151
"165934",2.05933145720252,2.7297046033896,1.34214960665437,0.991091594116163,-0.402190825151073,-1.11417429623024,-2.08522216196614,-1.29457290239933,-1.16959474401573,1.03081597413372,0.80240314194088,2.30921049801648,-1.37160242338241,-0.524882717844572,-0.748506550277041,0.427670658538198,0.625405275873638,1.86596711438995,0.871057044416597,0.46674155502648,-1.00785406526484,0.1147484948684,-0.92546933886843,-0.101740175105742,0.186946176507709,-1.34600106275411,0.375999504712582,0.849821102736815
"165935",2.93936450456114,4.04369618235426,-1.26718639989157,-0.88337618659734,0.677414964960253,-0.745353210616985,-0.340095953516146,-0.667300696093233,-0.697825101939184,1.9546568805745,-0.412546692829976,2.12912856969152,-1.16515312285931,-2.15676148324904,0.106662206007253,-1.19758139431985,-2.48718310701212,-1.11355714590604,1.06359950154962,-0.887638587244232,2.98989638309017,-1.26021317587702,-1.36886273009408,1.26320448167559,-2.16936436766968,0.438043563958236,-1.57414536573994,1.14631319436879
"165936",-2.63394482076511,0.850648877194356,-0.461388452674352,-0.563477909459164,0.0593952396122026,-1.4828727641316,0.00498345247280649,0.148330905791118,0.541874775826794,-0.823499290335064,0.581410857691159,-0.550911628251052,0.217368681020729,-0.503158148554563,0.44663374685097,0.431643510254982,-0.383802154519873,-0.737791006168303,-0.855019262558661,2.59643486726774e-06,-0.785601577878094,0.668068725825098,-0.0731025658399573,1.58670666824369,-0.224227021039379,-0.453934397510946,0.928903863863136,-0.0708790098554053
"165937",-0.784860090817583,-0.106193318709881,1.62593225292947,0.674691036092589,-0.964684294438956,0.653065945559025,0.00956153729470222,-0.168776918486537,-0.515198159923797,0.823960022603886,-0.628917941744681,-0.311898571538903,-0.189223466425372,-0.691877476169983,-0.0955876990199373,0.236120342871871,-0.69898093222186,0.653375529595972,-0.0345841867378375,0.00888373296130545,-0.487329706626019,1.13789233492847,0.695968038844589,0.215353965661618,-1.05903217098937,0.966642655692831,-0.798503637117963,-0.485811328059383
"165938",-0.498520374796377,-0.531005526096389,1.17371624147428,-0.294710721798341,0.0117191873160856,-0.240204177735932,-0.720252010960043,0.725589174954497,0.53763667935403,-1.10777214265006,-0.390103434193295,-0.345984816632193,-0.764637762686637,-0.121145338256313,0.457871064830998,0.754499938361607,-0.768390302441499,-0.0524967919493844,-0.184755280534685,-0.257363843336417,-0.392115945685897,0.892877649265635,0.485971629159476,1.04375027412522,-0.382107392807358,0.13432413423721,0.418421985732913,-1.03570428007133
"165939",0.605005699700137,1.79927671890875,-0.31902481861359,0.748056508997928,-1.09903836826113,-0.889409578178697,0.884133777569719,-2.08647336061871,0.281106371600324,-0.378639028145312,0.85258248014533,-0.833204629797482,-2.09271176945587,1.91074244223257,0.988106330502407,-1.35561231156859,0.627272237409594,0.159194751237191,-0.982263453070979,-0.826759470272538,1.08454803326833,-0.533188022374717,0.646818554022817,-0.38759348018197,0.274636620228866,0.696829431876854,1.55377109330899,-0.454027591281509
"165940",1.2280661559472,-2.81859117843949,-0.785289379758446,1.90790725582603,-0.344625555670715,-0.673216570187165,0.671337173207408,-0.529918028810929,-0.349620842201109,1.40381731831545,-0.433774202950598,0.993214850146988,0.127052620239581,-0.301461756358081,-0.799266180545653,0.367071730370943,1.29358421578139,-0.798666539303443,0.112990197143132,0.035824771861991,-0.157840963150954,-0.234943808681522,-0.0252560938062865,0.377330826200869,-0.962739651974099,0.832184931232244,0.692565110266484,-0.161152610246937
"165941",-1.57659370208492,-0.838039027502321,-0.790188828639285,1.01787714492164,-0.764225063971858,1.35382492073983,-0.0541223017757541,-0.373542167300593,0.169819948233065,-0.667949949670514,0.131566401078165,0.670551953212728,-0.461685513489983,-0.504533819540576,0.114939683329531,-0.218216533289945,-1.48992408871077,-0.302588120634371,-0.438811397120898,-0.778614749736907,0.509910879903761,-0.585284931754736,0.579569964468178,-0.591750321250443,0.547335018491204,0.0739035376169561,-0.464719081547585,0.584395075192678
"165942",0.0478246005141391,-0.759103688755859,-1.28007277885297,1.44500227222741,0.423867870792333,2.53176728095882,-1.93001278537859,0.970321243015224,0.160761208300195,0.755554946948835,2.746793216268,0.16227975394808,2.21808010042476,2.00917749889336,0.0656835189705541,1.82375427865375,-1.41349251230522,0.700604673197669,-1.42029086639447,-0.661456706566808,-0.853712079979702,0.287629414834592,0.047424958703826,0.404132847935861,-1.40398082145694,0.0237057644475246,1.09213757541041,2.59183701395538
"165943",-1.67070369987875,-0.649458652451206,0.26467776296697,0.0939590263274597,1.72229895466588,0.223344956899639,0.899069096916956,0.499461540264685,1.12911735754649,-0.713651021803838,-0.410821105591658,0.806441175534016,-0.853042011114789,0.923239344399518,0.317119689995431,-0.740624916576488,-0.125922675756638,0.967602599068744,2.10425209713702,1.05777600380209,0.813477104690653,-0.586494955964392,0.851438147087157,0.761114572299007,-0.0736155755628237,0.554502951524448,0.615506301503036,-0.829372385048817
"165944",-2.19313511897898,-0.814204629847552,-0.0316845142157968,-0.720027990771519,1.45548651190017,-1.06396423373782,-1.33678895809284,1.08900860415443,0.213173959956027,-1.20195420490317,-0.241257571165891,0.0511447278310229,-0.423610338717356,0.202928444973231,-0.523711704402498,-0.32694842803155,-0.676576505984144,0.000747494493157481,1.0150239234575,0.179792869619764,0.667783972780184,0.218735523782026,0.109545434977801,0.658910584281767,0.157764578061443,0.0172426547702857,-0.347100856326482,-1.16320660592258
"165945",-0.839771189628764,0.924511336597907,-0.942573854363225,1.16333969042458,-0.206407139755991,0.391249964499958,-0.0321919280234567,-0.0135542126387612,-1.07769670028237,-0.97626032620113,0.622662770065413,-1.97633282201929,-0.345335040526248,-0.375527386388437,-0.405688238081201,0.702219135099377,0.110627516697881,0.0915231115893006,0.65730085146729,1.18720172930657,-0.0108071250665218,0.660290907256251,-0.361242375560722,0.39515151256256,-0.772177745632752,-0.556561692943968,-0.13460794794077,-0.0843310699338796
"165946",0.680286091240579,0.380205906491477,0.168316616857437,-1.14911895019471,-1.81782071241279,0.352772141799477,-0.124194017733586,0.469782316474248,0.654469767855842,-0.734936060404869,-1.13957706940286,-0.783212359783605,0.0677520535070974,0.622892719586147,-0.109144966217779,-1.42891289278004,0.0382439980975903,0.67797355815676,0.678280746693806,0.905031407950523,-0.391479042608984,-1.86859862358849,-1.79479686565511,0.349400956563814,-0.242087529321974,-1.19839778699694,0.980371937891237,0.0608905993797714
"165947",-1.28958956808868,-0.287904139141373,0.490044900692105,-1.33574753071982,0.331841795023067,-0.240340430009416,-0.5591336827311,0.000294268106951115,0.347276252216337,1.31214285422742,1.25601924978605,0.435470321069147,-0.180058713377315,0.651204007835713,0.108017394232235,-1.03864780790272,1.59114389928408,-0.728680678781711,-0.94048232298603,0.0310825169554351,0.992915265375366,-0.634299914272165,-1.04809261988779,-1.37694870934253,0.29589617941121,0.768280720105631,0.995704595026217,0.140350705734355
"165948",-1.37262342904671,1.0250018544891,0.676355901840666,0.91580855933541,1.73183728393353,1.52329001267303,1.42270371388214,0.246872982023353,0.224765288625695,-0.542477399982559,-0.18772361405302,-0.601016124131732,0.194240753331819,-1.45968003728117,-0.395816112322027,-0.0614527803418729,0.786848704852617,0.267604236675824,0.533543359841306,0.794299556354841,0.427914749874422,0.843905066816543,1.09623374443369,1.02018350894386,-0.257818467823903,0.167369699687443,-0.112762095849511,0.42534847806591
"165949",0.595259640310375,1.60754533367818,-1.30375548375253,-2.08677479018823,0.249404233146071,-0.864433512644341,0.815813382817476,3.0586661893588,-1.43965050276189,2.87271075316914,-1.23888435684785,0.721954794629122,-0.333833985975439,0.62672916851229,-0.381002946943865,0.292039582277803,-1.10930750044346,0.623497989691557,0.379410504680457,-1.07726425253524,2.4323405123213,0.858820092436432,0.621416168442243,-1.91384022555255,-1.55957173936715,0.412143397566818,1.30630679712116,0.516623276795907
"165950",1.32001574427542,-1.47459542855087,2.13865403241106,-1.16648848932068,-0.555573545489727,-0.0643565937775376,0.468484495691605,-0.161222156154786,-0.104715695293665,0.151198845938242,0.689973156708912,0.152814128924997,-1.20838268283464,-0.364268259772552,-0.144791338623289,-0.210574140964997,-0.137912255642816,-0.894646106035007,-0.50710039572972,0.00613025278335077,-0.0354713721177748,0.216193701695471,-0.093422170521347,0.0247390836675164,-0.0388781721167977,0.171086953549862,-0.620416741452622,0.554595304008168
"165951",-1.34650558960695,-0.77071876352222,0.0850035291450913,0.295051553017119,-0.183639384996167,-0.159778777664783,1.65448977085498,1.81866296313755,-1.55976890854715,1.3895876917675,-1.6765806152684,-0.391057338239971,-0.980787881142163,1.26848971640616,1.3027596038019,0.0973991643006904,0.0665018486706548,0.214052215352833,-1.61980883271609,-0.469496289614436,-0.135701033971122,-0.702654155028649,0.678945715810855,-0.286235180114483,-0.567173509764133,0.553094147234592,0.225032888354033,0.341577816227004
"165952",2.15764529598878,-0.405255891152637,0.156862038228676,-0.331859521847794,1.34176753240477,0.268486889204769,-0.654362404868428,-0.46944097513533,0.812226742366418,-0.000797842132293204,-0.121526050954407,-0.85749552566536,1.34595723623479,0.0625033907631528,-0.0852442404911061,-0.230991005026627,-0.904786559666422,0.853186204718846,-1.0287488119791,0.43726802992632,-0.39731317603974,-0.534102533155309,0.860734021678178,0.443746062833824,-0.218296518731063,0.444014470950747,-0.37957309504225,-0.214928799339106
"165953",2.54640747353742,2.63317174277989,-1.40590148260688,-2.02158982648834,-3.31421822503456,-1.44339858081756,0.391593126584879,1.13997215325513,1.08501526689323,-0.0607428623326205,0.222445352710622,0.219614767545525,1.07738124652351,1.17231757998763,0.052820374059427,0.637879175409272,-1.06322487407453,-1.38405100597822,1.19483926775895,-1.39091565347129,1.44238608547479,0.700948243002133,1.30170759912633,-0.800473335774903,-2.15246339903001,0.919293352571169,-0.403657482692694,-0.798877567513883
"165954",-2.25287242161511,0.831919226112853,-1.04857200259011,0.663802715575456,0.540542298917644,0.23146267207994,1.64294780546385,-2.24497069707963,-0.547120529858919,-0.757966818347741,0.104384618911776,-0.107724997962026,0.997771405216797,-0.507321080378615,0.336714450679718,0.0388790630499233,-0.113163996086666,-0.53106963486664,0.444419919891426,-0.799828887149344,-0.262236525862086,-0.225120531427434,0.915705631512137,-0.434470133173711,0.772349584807427,-0.474310712396665,-0.598237975612661,-0.360126199457144
"165955",-0.934895359302584,-0.197852922366823,1.22011030379924,0.65160361226265,-1.04417316582535,-0.295768754821382,0.54205107885853,-0.49488232934801,0.0514926080199489,0.838104634646564,-0.609863450631985,0.746283110795637,0.478626292392207,-0.676075036398469,0.78105315019671,-0.259791185572844,-0.394637777974993,0.510081145037012,-0.436275321962542,-0.0656163477660192,0.0332245653462261,0.258549754898677,-0.212075224714108,-0.720484890891176,-0.524575865232522,0.597511629983654,-1.00700749265589,-0.404092099628396
"165956",-1.85078273603272,0.498409807373942,0.631985132728128,1.23863789497498,-0.310232415254251,-0.268152599095862,1.90388824011427,-1.11934212815346,0.797673843658195,1.45025924346439,-0.232025620210449,1.12594139588545,0.427078509096172,-0.751580314530374,0.70936139231502,-0.3338374696981,-0.446072932133922,0.262895146371195,0.31362327140809,0.461084317877442,0.332461386254835,0.276970266220697,0.958950774975144,0.251455779495346,-0.301935450464967,0.970631106303555,0.502315739518375,0.456132937730286
"165957",0.93037644075103,-0.986240728121776,2.0390795730234,-1.04222727706317,-0.39395495977704,0.39938793287521,0.53934000033239,0.12391400339317,0.201229458463847,-0.15153010697997,0.697615943409288,0.151609486234629,-1.53734360701881,-0.165982099154559,-0.015452194813753,0.0455308303850524,0.070657050723541,-0.669350768043298,-0.77154559182861,0.0597668633554226,0.033778177725775,0.0632909164760676,0.0267628666915358,0.140159936607466,-0.297302862585965,0.454784053422622,-0.550475787892636,0.18101908124056
"165958",-2.11393604288108,-0.057803432281866,-0.463075708823809,-0.129098513494971,-0.414363055225763,0.536542924899402,0.336390505339302,0.234046810807952,-1.84379977700864,0.0370362439078426,0.333536117658685,0.86298404748096,0.741660954821745,-0.630008003363137,-0.954058254138955,-1.00309202853241,1.26966222845035,1.51649148254552,0.398495376151779,0.291275003613289,0.176103892477267,0.612356361101173,0.472719684683504,0.122133211512571,-0.559460854947366,1.14738026687998,-0.691256050528708,-0.397668380199009
"165959",-1.74681747391179,-0.360174479826822,0.275863989640537,-0.300891269246605,0.313783583994971,-0.00533766486857987,-0.701691316074458,1.17970909086851,0.209488288036503,-1.11176718199714,0.239724645044758,1.17925043569711,-1.24492903651055,0.262739394216426,0.563588626503631,-0.463114151355516,0.251694190100969,0.736221488312308,0.471630958371882,0.544474128694599,0.384467328935068,-0.226795101727425,0.556162114932043,1.62930768203656,-0.289568522966183,1.33524324465832,1.15636133451264,-0.971750520871406
"165960",2.32010422726825,-0.652043452137118,0.140247966041686,-0.557155951002592,1.065399501338,-0.0698525150941817,-0.717906274722813,-0.713696452351747,0.629600594460333,0.128200152186687,-0.0746303909886377,-0.8136961048487,1.50206410327343,0.00697785925339747,-0.0962058044522813,-0.262129972831916,-0.900036631305428,0.774434555988976,-0.986636729245692,0.363773721829292,-0.4481121941225,-0.438888947055878,0.781565581819177,0.47103209649195,0.0342931596641027,0.362576653477041,-0.359991856031506,-0.0903485767342097
"165961",-0.833541394351818,-0.878291849976977,-0.44022736848645,0.0384134260262199,-1.47001534354003,1.40322905684832,0.935497340270852,-1.07486204472882,-0.5174097181426,-0.962788496459383,0.461500172647171,0.912133145714761,-0.0291343975093746,0.261568788471044,0.305956901070405,0.671733649531845,-0.913739779531575,0.645920668990997,-0.0634319657339986,-0.460198685896514,1.03814935783892,0.471751851445211,0.745762956286418,-0.334360150942347,1.61047574166787,-0.537815469202231,0.172759522966673,0.612359926238127
"165962",0.0747650960450751,-0.674786538139228,0.16495442316065,0.558270284676426,0.502890180319072,-0.938768807995575,-1.00212906696212,-0.240808022411187,-0.693575362483105,-0.476694067488886,-0.764346629614029,-0.333072579693899,-0.347470973453519,0.62829572402508,0.0750425028473038,-1.09722319163517,0.117316492931511,1.30331185068664,1.89459746823696,1.40304839469185,0.353806429209982,-0.870999877566488,-0.465906606700222,-0.03689646400153,-0.663794680825335,0.453295492017094,0.190149569134883,0.122328784391686
"165963",1.7600641329257,0.424297919699801,-2.25947743547072,0.127707239256162,0.348127932074306,1.21869019572269,0.0605031562788098,0.945536193120306,1.39772075839504,0.227039620787893,-0.133491161909627,1.5046869323343,-2.01581794481211,0.391422749224652,1.66057426465066,-1.16983277766534,-0.19202161459209,-0.520942595571782,-0.00867468347821107,1.83673314754765,-1.46123081358154,2.63657631222973,0.390060877923516,-0.883574935952365,1.33346315985775,1.83338831588657,-0.932874881587693,0.0814851441001689
"165964",0.959842252138528,1.31078089688999,-1.69140451354701,0.13553724961464,0.912219087446522,0.451838548028045,1.87198892649808,-1.0202625938949,-0.952608435741949,0.620090848361545,0.343790838788654,0.123846095519413,0.426316430725095,-0.197026293685585,-0.249096931031127,0.517191336155554,0.133806274261574,-0.0897031330133942,-0.173012724139311,-0.720791409824673,-0.0436039696890152,-1.21209967306355,-1.90684678175261,0.75380442099314,0.233577732967041,1.23286864337317,-0.740938636942026,-0.00798945828538549
"165965",-3.80208328689455,2.50707509613479,0.516777736744787,-1.06219152340358,-0.163331665143012,0.986052235383161,2.52526059314073,-0.451603151884752,6.00608502875267,5.77287356357639,4.82861621111679,0.243575207424679,2.68480202018202,3.32971441170207,-4.96998100526372,3.29097138224877,-1.79497632674848,0.0890494038352145,-1.03363316918224,2.27357323502034,0.0948348726303097,1.19252788101679,-5.81803276216649,-4.16046021982723,1.2329292085462,1.5924345298754,0.136784055624944,-5.73065976323289
"165966",0.121631458717779,-0.728848691437443,-1.83583907687872,0.12402184455957,-0.398309565350883,0.676382834732688,-1.11237121829678,-0.316070550728281,0.938345702715687,1.75308152173762,0.780422243391758,-1.23332832880245,-0.638865171804418,-0.713867989874836,0.605611179404716,0.689080731985274,-0.102505531628415,-0.260012750138851,0.526876101424017,0.433216506395006,1.07481722541492,-0.761684173455348,0.0827998992869402,-1.7120347623672,-0.375046444458696,-1.20097487956078,-0.456716956899224,0.208512950089541
"165967",-3.30642001346096,1.77608562234617,1.13967018148901,2.92324303263016,3.44919443095343,1.42559051327311,1.45988453107479,-0.486471478997057,1.99321250058581,0.935048755855777,-0.153408023069612,-0.108627303963271,-1.88223427335884,-2.56572596260461,2.09374930571248,-2.26533116738214,0.391212044493295,-1.87697722720331,0.187526875135461,3.65165699613292,2.17237614240566,-2.08705946257037,-1.47665523554967,0.449010083382846,-2.95146539294387,0.221328506171635,-1.64953108087554,2.35235553800109
"165968",-2.87355166990528,0.55433815004124,-0.324742809729043,0.287462926895704,0.961549427314975,-1.30676974618332,0.10550918750099,-0.212751832107092,0.8201726868451,-0.932262069829584,0.123496698702961,-0.712531392073754,0.404364873618844,-0.314830590659388,-0.0171212089680799,-0.317006947434088,-0.944790181798006,-1.37687694301701,-0.439062879771988,0.685386430309453,-0.0769813968029417,0.630946634882022,-0.240604623229876,1.2734606511673,-0.607838457089587,-0.856671032522603,0.162131072138765,0.0960590574465745
"165969",-2.33197790747827,1.1033661103617,0.506186664146263,0.619603945145066,0.829371330394937,0.313210689517136,0.528952925672868,-0.615319897681152,0.0160234512847735,-0.484751796623527,-0.41304371429889,-1.29488875927493,0.446128164918244,-0.906287550991826,-0.484598692017622,-0.146495046151458,0.160090453755818,-0.273003712245651,-0.0326070716029749,0.429039703645837,-0.288797155783776,0.793071183102678,0.34543578326977,1.27123535911215,-0.0698373237915911,0.0251802659208582,-0.283903403746752,0.510138897671316
"165970",-1.16214195115227,0.628491472997076,1.39780489105844,2.10577851553997,0.260232090751489,1.76450619439701,1.61229213383459,0.636971472461777,0.185361264194182,0.248063751529924,-0.112124226051667,-0.768758642020322,-0.18540936315162,-0.758247440489204,-0.120328869082401,-0.252824804991221,-1.40026589615186,0.00968036360335959,1.1470158001968,0.667153480296921,0.146940467824451,0.748892864560587,0.329794677719999,0.314153978714472,0.845706347541989,0.162967241468211,0.349479799435757,-0.0483155582475386
"165971",-0.476560893338917,0.719323738186514,0.672433364153826,-1.13664105430637,-0.0293018121083209,2.17545595606421,-1.17113370063396,-0.6793966491716,0.829193383885777,1.26250084076577,-0.625002312143475,-0.132764109894364,1.24215651141274,0.0324299111499868,0.786900809138147,-0.801495289264176,1.15255143817932,-0.834479021699823,0.338369378178123,0.359325971157995,0.633308698577947,-0.983092878432256,0.282685141124307,-0.269201715480878,-0.205730620039351,0.0147647522383645,1.18947048467525,-0.161963061884339
"165972",-2.53546369250759,1.19901326329079,-0.167317428857293,0.607752003627895,-0.707143145304001,-0.37316396626171,0.599980528533651,-0.795772975525619,-0.944175647905838,-0.318689283252592,-0.0202350312565229,-1.92414487073334,0.912686830788784,-0.518781606816688,-0.319291970671166,0.0327135299413985,-1.13531965298542,-0.355418282764688,0.125977274753176,-0.493754677496664,-1.27079146325699,0.556605126895635,-0.39593840623871,-0.0890020407545773,1.17896671725232,-0.437577217221992,-0.152445719951034,0.13993100237898
"165973",1.98217495280086,0.501627773086753,-1.2528471146288,0.444248513904116,-0.91794633656939,-0.747455925950005,-0.232636693324989,0.118678653336947,1.40107709895357,0.768764548282679,-0.831604969451676,0.989259631607368,-0.987680621980057,1.24030460417132,0.755153110730078,-1.86486216748971,0.743886181698631,1.26924458751291,-0.75698207758774,-0.787659103163003,-0.0814543658434129,2.38407441463652,-1.69183342350826,0.286687913448461,0.842124674366817,-3.45421621034141,0.0687191987714682,0.122016884350759
"165974",-0.208971687364339,2.30973909596392,1.83633136536782,0.599131780798449,1.29890880715229,2.10773511629619,-1.83921812627187,-0.71103962283577,0.665669045709318,0.627617110016685,-0.975054416811393,-0.394167189411378,-0.385733968782318,-0.667497070195032,-0.0174009581423248,0.401740902841438,1.03951395146704,-0.314861791698934,-0.90148471185925,-0.796909509713845,-1.47737515730444,0.576226816895945,0.184558151665502,-0.435840065654532,-0.392428499629148,-0.284977239711486,-0.593891109079893,-0.941479569283974
"165975",-0.25320304298298,0.817965794611574,0.638574240523631,-1.00946188866473,-1.53626537288333,2.90828515139553,-0.686154608519165,-0.501204516018911,-0.430681557475534,0.976883952337326,0.156908566563707,-0.224602896045906,1.33513948185527,0.385780215559557,1.08949486808451,-0.380154920596666,0.605264238157848,-0.683701952116705,0.564319561980876,0.333300800422269,0.651838561999004,-0.455631256573596,0.0235597187782916,-0.233974151686738,0.715773751020837,-1.06479223264961,0.369005300931512,-0.818714727475429
"165976",-2.14408964842003,1.37494183515534,-0.0481809158465789,-0.1398952137158,1.02631172067584,-0.171539353312207,2.0616628557848,-1.80055384110032,0.459086774144184,-0.519711367438725,-0.227915644509794,-0.0358132605562003,1.27809871818586,-0.159852232886359,0.806545410322616,0.164697210959803,0.442832647552197,0.307091726737175,0.0653766148345449,0.0819038645135343,-0.122528459503441,-0.0573274142661129,0.554495416008178,0.422448386446752,0.514822798106594,-0.808103706062416,-0.439437377904932,-0.195962543470694
"165977",-0.283479994164491,0.261629865267264,0.548422565225429,-0.80457537624761,-0.249129589579595,-0.0950299801822075,0.394989416271841,-0.482807731457588,-1.13864430035037,-1.79844499887285,-0.115625349027151,0.597154837046136,1.01437350286179,-1.26421396214219,0.697133042826266,-0.000101074533013938,1.59223811368741,0.575730366458174,-1.55995685023588,-0.208871579855361,0.84551917274369,0.620551102940878,-1.06313674737398,-0.928402697631299,0.790487048658727,-0.225799522203334,-0.382122379139301,-0.40241767911719
"165978",-1.18494686094791,0.712801049490308,0.775561102383633,1.51760299055758,-0.712979488269276,0.624911857547674,1.4778395250921,0.441731746478419,0.102369916770754,-0.157459599345876,0.177808900373716,0.315441527154338,-0.142784102293233,-1.31488161373887,0.492663241169348,-0.403411704351586,-0.545514273126995,0.0280706550940663,-0.118400144686348,0.0915456243399571,0.562913339592733,0.251533951868991,-0.575772476877083,-0.492778456319039,1.6568549607261,0.807345288859882,1.50657176993701,0.178055549815975
"165979",-0.820463695415601,-0.0594467139923801,0.6573265597254,0.945748837218925,-0.801626976209794,0.00887427278584012,-0.210550399318532,-0.782081528038488,-0.641687170063012,-0.653700711916582,-0.264955429884188,0.529858161086541,-0.0422582102810143,-0.751848906015084,1.79533704867066,-0.29864055439474,-0.631609172904751,-0.440205113689502,-0.749106598016999,-0.528498463412886,0.160667228486362,-0.787346547976691,-1.07270165431807,-1.61658692724194,0.618931801211521,0.729962558339979,-0.283357021145757,-0.625353076539399
"165980",0.296221314663523,-0.647294266959169,-0.255935345628368,-0.410280298876408,-0.350608092458738,-1.30248299046144,-1.03970857870279,-1.22243644770326,-1.00514705557017,-1.05582029243299,-0.759574270376112,0.118726916255853,-0.442862285253397,0.34052241771424,-0.528835813338566,-1.37824762062248,-0.161898222395357,1.03832189293415,1.02870103062196,0.898808062307657,0.356793595211442,-0.843853280426248,0.121943803919715,0.421062465026469,-0.140897140461615,0.092096792252255,-0.598288457314113,-1.35676214737522
"165981",1.6565586332276,0.851133186585269,-0.186041411944458,1.34065946446715,0.249890920141068,0.886582484196521,0.877943875886279,0.661486680752949,-0.373066824950235,0.956526777590186,-0.00181871650846131,0.681147382290583,0.11653499719963,-0.0325691606380765,0.251724477110265,0.338890032193843,-0.858973919449845,-0.102563751622116,-0.183644991781774,-0.457074694266183,-0.0226525893604677,-0.991607237449147,-1.64017020631959,1.85369019700462,0.292924094304859,1.84556724634236,-0.777851758763046,-0.333052902512792
"165982",-1.56252476988223,-0.850028123833529,-0.717868194517484,0.971031965700061,-0.615217335129948,1.7549788063473,0.0369088575429778,-0.582119823062651,0.143117626808236,-0.503858341175244,0.472110559810327,0.882922420570075,-0.00738277308879128,0.257381323045742,0.259934710947056,0.591797063297873,-1.24101219930052,0.00294110504454635,-0.0615992159885763,-0.972364920814954,0.299138060222093,-0.235043730357908,0.973511295892009,-0.346310048512162,0.384728868438701,-0.0853495187013349,-0.523727212614923,0.455696148686611
"165983",-0.502241249206145,0.663429030814158,0.281269379327064,-0.693572390366941,-1.20015508172011,2.61682974453429,-1.17459227494617,-0.691733042940365,-0.257955528483804,0.873253502278634,-0.22862942206951,-0.506057299949033,1.09309719081713,0.183454569915281,0.681265279268487,-0.626831847099059,0.474337549010608,-1.0459283158141,0.633986122844044,0.138959489660648,0.638198376273305,-0.72348281383746,0.221024749629022,-0.642979492844687,0.577437737627849,-0.340239651147635,0.691605597108181,-0.595735941344931
"165984",-0.0545114333283402,-0.460864350445976,-1.89515679076443,-0.288736623734941,-1.49250500649605,0.659145506511904,-2.40896707879317,0.0352116015374071,0.306109885127861,1.1919474558343,0.897819733825077,-1.50297166985019,-1.20384356151273,-1.23255303150201,0.0414682642902015,0.668856411438624,-0.325889528620283,-0.585126660442688,-0.697639721026962,0.0354078028477713,0.580885254215541,-0.380151135447717,0.368314903703819,-0.638077542336785,-0.501081632825874,-0.730511292179035,-0.699653254698906,-0.653220987918818
"165985",2.30337143597929,1.98786760560308,-0.0999880308840102,-0.0654291653337185,1.86341325766616,1.64279292793256,-0.115181685515182,-0.712057027659186,0.466331174964291,0.903050436552313,-0.437113450371204,-0.891131883088696,-1.5679665518741,-1.12209193114033,1.15880775387946,0.900737988220082,1.29871703926205,-0.739351713314018,-0.239242529619824,0.263363432912626,1.7965876439715,-1.4186125842591,-0.706443520359671,1.75646078672763,1.21819075284535,2.03718371485021,0.140090983030078,-0.578133127200464
"165986",-0.960297847321446,-3.70690276450209,0.254791021681674,-1.90362183861148,-2.01626929335571,-0.826921913112509,1.36634788016292,1.23974180589871,3.45276373987758,2.54898737661511,-0.12868467587931,-1.54002766675679,-3.44550326323854,-2.59632262855936,-1.36718131717779,-0.473972683477713,4.04381066944274,-0.938195719658137,1.1395450098789,-2.6395878741951,-2.06631449635053,-1.75572100333013,-1.14535522340764,2.87923025108218,1.7767646874422,1.24452854117127,-2.08658516100561,2.13161756263918
"165987",0.366606650675656,-0.524077971165954,0.533005173862068,-0.941989874436506,1.38979007138649,0.0109861897118402,-0.375266240281673,-0.561554545124857,0.644528998275031,0.235164501354675,-0.49206388821374,-0.657927789116921,-0.773708101577812,-2.10564329534557,0.0227557120947855,-0.309414401306243,0.338434926779593,-1.10744679451753,-0.440138006999447,-0.354639698638611,1.39729719244133,1.00041864904196,0.775248491693801,-1.18178139322794,-0.0929438548738316,-0.603766390966497,1.36031239523626,-0.97440302177844
"165988",-1.3851271973448,-0.553928516900582,0.707697960628655,-1.00306709650478,0.408381005125963,-0.148422219446106,1.17280386765812,-0.275758399205372,0.610052176843855,0.571408599094407,0.874222076474068,0.914651723758871,-0.937413741619552,0.966978925448762,-0.731532387585244,-1.76471142680632,-0.550742478116728,-0.282002679064561,-0.052347338668612,-0.720597456058385,-0.95315302465812,-1.88249932506359,-0.652778246309984,-0.413226400051284,-0.353691407059479,0.125554620308069,-0.525674154862849,-0.297440238704251
"165989",-0.165529544485019,-1.02602591556835,-2.429741299739,0.236113836428445,-0.130624626724784,1.19977348019205,0.356343834775057,0.372418630879454,-0.148937573476111,-0.201152406313869,1.4487565162436,-0.796485371808806,0.284332379678952,0.143485800576303,-1.03044275706058,0.9152976698381,-0.461425254781511,0.625396633311898,0.82275427014866,0.332635136819694,0.189320450549404,-0.193283178371055,-0.6304143570159,-1.56137949130819,-0.695190507789985,-1.69997955718294,-1.11249130518033,0.233347791902858
"165990",-1.13656439327275,-0.844868901874687,0.922258983040843,-1.34427263035188,1.1872972531318,-0.24550963417244,-0.463114594613294,0.946020314071909,0.069969810118776,0.402448971032476,1.23853540667196,0.365991139785421,-0.892603447381175,0.692625858373569,-0.506597097224905,-0.273779357653957,-0.0566006442264603,-0.36510848854231,0.528626558335581,-0.107243542822669,-0.0839702526628445,-0.839706959128483,-0.307103632013835,-0.215725461972189,-0.413552937653772,0.396822376689255,-1.21798630736814,0.0558747957559346
"165991",-1.33397645821829,-0.309414403255302,-0.0604376594559431,0.0286271921631283,-0.349085841736537,-0.749132777462577,0.443108862002646,-1.40981158982298,-0.869251883483446,0.397411678249538,-0.35544347626364,0.211938628596857,1.36155262127257,-0.77910567312871,0.43885631556767,-0.00505269153434523,0.586425392075855,0.271012735504109,-0.133694630981691,-0.184712027060352,-0.0671165081859614,0.429659625777292,-0.00772866551044681,-1.21514073899044,-0.78421497467095,0.199140435525762,-1.59752722090562,0.16221104802768
"165992",0.463797495245749,-0.95200862110516,-2.37833859613206,-0.137134309187114,-0.704682926697615,1.00984829529705,-1.32192046942079,-0.0800561776095506,0.367800330121278,0.715278981870604,0.846483388077445,-0.46619433597708,-1.17598550628458,-1.53602106968446,0.725230931781088,0.617565179877331,1.02414088616531,-0.206250708937218,-0.240357643093693,0.14911892149245,1.69900738660048,-0.590248293418567,0.710819353849409,-1.24329221483898,-0.171629130829709,-0.376411275514006,0.235161201446526,0.0155979499254744
"165993",-1.59903881757846,-0.923453934844963,0.00947199583082486,-0.715630627587726,1.70428790749223,-0.67722168694081,-1.02778273917924,1.66540976341461,0.0129501742272269,-1.10247004500514,0.0795103805790784,0.573244420964233,-0.298283856329651,-0.233058920935761,-0.174926375659424,-0.405878453680181,-0.516085051438226,0.175635161508883,1.00097034643859,0.185964719439185,0.724346208047529,0.192336616458379,0.244597389099138,0.455317630425197,0.036796825348352,-0.0214937077325384,-0.097010254139709,-1.21163441553199
"165994",-1.37226542997647,-0.123086956461749,0.0220757345364637,-0.647185013438177,0.796668447244194,0.338805747357658,-0.239987091118096,-0.943589857041896,-2.02332799660852,-1.22755924420764,-0.203765842351689,0.148425288645058,0.987897559599593,0.19317519866312,-0.520879531005951,-0.603167851540708,1.08573843007773,1.23615391062475,1.04816222470056,0.214347796593156,0.106561872035289,0.434698554355923,0.794121522855314,0.353673565382151,0.397802928083009,0.597651929282107,-0.307833499066819,-0.251315847110893
"165995",1.83608689894744,1.78660927041362,0.144291802051162,-0.542418506453521,-0.733534240024846,-0.543338597742281,0.71423191256662,0.306840212376822,-0.46898096971589,-0.798593698573346,1.77924140148165,-0.393285300927514,-0.398396611873477,0.421272332090353,-0.426719566538326,-1.96264699961987,1.75982358861507,0.518704325794861,-2.59565999804434,-0.107825439982362,1.35906859005873,1.09911445185129,-0.202962902019657,0.380312549033971,-0.0947676878207955,-0.718250694203445,0.416397825341902,-1.13587609462281
"165996",1.07058333862304,0.984355377833207,-3.20500726975834,-0.534454280399243,0.78521443030721,1.39120324477972,0.0413140354273202,0.776902198021491,0.491246363136671,-0.285541782798486,0.384452287960829,0.60712171731294,-1.35336840228971,0.504921384364678,1.12459478989745,-0.50171553078452,0.744258555319609,-0.306164473311744,-0.121512857575767,1.62543819453839,-1.92900944692961,3.14353585842255,0.271603008073355,-1.08892470354204,0.879181019052242,1.28173678510249,-1.2843521880794,0.345833877145147
"165997",1.039555220317,-0.881328663601264,2.13714288882882,-0.836934892211996,-0.0825679857068789,0.535720864937541,0.729050747832261,0.156244845451993,0.137742390039796,-0.384326881279305,0.542975257497262,0.170259985050058,-1.52101126821122,-0.0821525422082714,0.145300322620502,0.0575687658040124,0.120356684893696,-0.497428814958272,-0.588807541970516,0.200167273860626,0.275449779960755,0.0947570508113474,0.168928745985578,-0.067642459725388,-0.349319035201544,0.423802102424055,-0.327174271268311,0.452444987028856
"165998",1.19828549166265,-1.22722150221372,2.16242538114751,-1.04994255989524,-0.262847707180777,0.190659247103868,0.432191706713634,-0.424487916602231,-0.153061512239924,-0.118916407529411,0.626527994894397,0.0703803245586221,-1.37083923715934,0.171896499737569,0.213326258510127,0.325548186229909,0.0819855207340957,-0.628013810830382,-0.230626774565273,0.36167839013623,0.24159567537575,0.342298462348474,0.343762166406991,0.0732896031068356,-0.234662665224726,0.601907270473089,-0.218410979780055,0.71634985932919
"165999",-2.80250820671257,0.591837118238688,-0.533395253149305,-0.229575474238288,0.224645941024985,-1.63368163837663,0.00943398478032928,-0.0329586902910129,0.446755246308462,-1.09569491977045,0.470176767827516,-0.31657025788899,0.634854631277197,-0.351519303775773,0.390626903790018,0.101986328180515,-0.333045269222512,-1.02164442121242,-0.987307323247311,0.0491442395041536,-0.385768561416428,0.776299483339447,-0.487159838422246,1.34440166569445,-0.173743508592767,-0.701029924714012,0.914925939735121,0.206731878803317
"166000",1.16837498103071,-1.15326077629573,2.22096544556236,-1.12793972243522,-0.324384307661058,-0.0312701517524529,0.2582362195099,-1.14337176410935,-0.575782476349894,-0.502220244970169,0.40024727681329,-0.00210977651136877,-1.37114679340542,0.503914072472953,0.52956640134258,0.506586397859853,0.0829635463410694,-0.613443459949474,-0.114591652796223,0.406677339288356,0.346858592099986,0.48383466655452,0.756776073535471,0.334006794728502,-0.265877610721205,0.492744019708135,-0.184654888148036,1.02456446719222
"166001",0.317291171653843,-1.03635422432025,-1.0754231862685,-0.114027923726976,-0.820727651947472,0.485130392566537,-0.450267314444779,0.630006177343463,1.22141740836289,-0.556468242688393,0.307955732289025,0.297970510769848,-1.34040274778489,-0.731774226182086,-0.615891883695195,0.131422626959666,-0.0268263720156891,0.735614996276898,-0.603370594361422,0.59685766364331,0.953201590878224,-0.540038756631615,-0.163810704008131,0.403999321378125,-0.625246475649015,-0.341537485349867,-0.235667382345556,0.146151029380086
"166002",2.26790942036123,-0.108467544032259,0.243608131308388,-0.229513365035168,1.53283982373234,0.195035958686226,-0.666420477012254,-0.652369158892379,0.588887824531357,-0.165455841029432,-0.0502472915223148,-0.59815322525315,1.29501792139026,0.0306711621476355,0.307921800411782,-0.361369550604292,-1.14631726030509,0.796977097996775,-1.29637379258683,0.752165052752431,-0.0776094853201738,-0.67080969981644,0.721745550661179,-0.0564914156881806,-0.454912365239613,0.547587591952543,0.0401492609498863,-0.0722461339193604
"166003",-2.72192263336989,-3.42997873242434,-1.38181543485632,0.237992610065525,-1.46057682292939,3.37166517642544,-0.603679090272565,0.995879298806033,2.09318786550254,2.5126720958236,-0.535148476484571,-1.49443610063965,1.66474729730391,-0.241097519069845,-2.29088928701381,-0.353426424774992,5.34890836403992,-1.56029456235295,2.90344449863725,-2.93502715383429,-0.500052870535169,0.0997961144424357,-1.26851383834934,2.23391979138687,2.11859852716475,-0.224217578000721,-0.339972657413032,1.82615993197923
"166004",-0.150473252749493,-0.758504309825259,-2.26662772094702,-0.939305715942601,-0.193528487918856,-0.249974755650769,-0.802174837421911,-0.75590837392595,-0.0149864802444154,-0.975211974178028,0.47000715671541,-0.460458421856176,-0.632582198124004,-0.611617962416339,-0.203878912538203,0.705385401180359,0.702507335428084,0.631391460609031,-0.196521212597867,0.387979931917479,0.362355917120866,-0.625028353798412,0.493866281752614,0.113303044177392,-1.19757552920935,-0.73564037923483,-0.713548165057919,0.964661703453106
"166005",-1.31706392221583,-0.276917882408442,0.494846968285794,0.321965572446238,-0.690369819069738,1.31359540452469,0.453223578451935,1.05411709719445,1.28650681703868,-0.600558375128637,-0.12316813822244,0.612134512359229,-0.120839454813032,-0.402826363048416,-0.500569207668461,0.228971998305498,-0.263325224269013,1.07941879658195,-0.925593337085666,-0.693569552451532,0.566889498844835,0.280032879171693,-0.157443427494207,0.24803540786224,0.802758102532958,-0.356593563415172,0.198672655826435,1.16028204280694
"166006",-1.88697838033741,1.27314225116851,-0.249052901133061,0.862834345630292,-0.14547150194706,1.60558483276547,1.01985521633137,0.543513249204398,-0.808170845767841,-0.880342541062821,0.544236096378118,-0.892778371275899,-0.343934810673862,-1.66315542740802,-0.258488377537448,0.247040809567963,0.422569904188896,0.0487279993030752,-0.165031916246147,0.00261073995339311,-0.128678452543072,0.704420452747385,0.524293249517952,0.606266156879357,0.61106040714403,0.595065479466422,0.18716437379623,-0.341304967276096
"166007",-0.900039235018864,0.99455048215144,0.206867488950478,1.87508623775171,-0.967265189795922,-0.320314850074776,-0.241610184899682,0.338397765922094,0.645030172837769,-0.106672184098034,-0.490618645052602,-2.27591345565886,-1.78746700562185,-0.509016933278329,-0.0716083811850978,0.0747597590863849,-1.10253815803812,0.0665446205205068,1.02114169108212,1.26735057504703,-0.177673498001132,-0.428950539859479,-0.543757836271472,0.718867596512293,-0.220310657412353,0.180659320096101,-0.0505440260955958,0.0757096593906277
"166008",-1.56388792266898,1.2693702354341,0.637910779834564,0.178899023207165,1.28709808696828,-1.52246155382714,-2.09216749017924,1.38599059574651,-2.52735141840428,2.03512793297235,-0.231630769930712,0.1026216378858,-1.66383073878674,0.697087024310348,0.191925559239698,1.27910153806426,-0.317570653282336,-0.0609999884064532,-1.0471699689549,-0.545744574086566,0.57383420891512,-0.412968755051696,0.795100099257895,0.373648269650977,0.314712486840964,-0.561671249959971,-0.568226226569084,0.647626664605793
"166009",-1.24285370209078,-0.314126892666667,-0.154988284528865,-1.46404305441504,0.643029264666827,-0.266312639814251,1.33701836344589,0.657122400320401,-0.247431427568976,-0.741624508561567,0.956119644079496,0.355786711724179,-0.260243535478801,0.517149049199051,-1.20410476691128,-1.28550159684233,1.31824388217518,0.538863760119471,-0.00109988632629476,-0.382999645840745,-0.15995514149313,-1.09215103698091,-0.812437317885612,-1.12721311084149,0.351989102833815,0.273527087436363,-0.123671266871924,0.599312673603407
"166010",-2.10851940528279,0.307836787607796,1.30823343635146,0.998681599249994,0.823397267992974,0.709636161275518,-0.660383269177269,-0.309127212266417,-0.218457963618777,-0.544703622814935,-0.697598910094398,0.629311371739655,-0.215722202536814,0.726084170660266,0.449337291518525,-0.951150825228521,0.164189678853211,0.909934661294493,0.889475121131843,0.802734031026043,0.507106842173482,-0.585066465321023,0.139870670698975,0.750380312727508,-0.29641766593397,1.33572192412267,-0.310906190003564,-0.120634402924676
"166011",-1.0855993838146,-0.987250723899171,0.764628094050191,-1.34032026822166,1.29171852882062,-0.241931048216535,-0.193453368545628,1.02038251631452,0.0696147856059842,0.408835515227655,1.33548731630212,0.619201502456045,-0.678443641865374,0.57791635745548,-0.536486054206764,-0.480666594306298,0.00528567783167158,-0.414619461729659,0.385370937015255,-0.227529991625453,-0.00281594888658585,-0.88558565118075,-0.588185972705805,-0.544929444640179,-0.318889792829342,0.293771842258656,-1.00369425002048,0.0192408863173555
"166012",1.48684493126063,-2.17234110825131,-0.540244431166002,1.75511292987657,-0.453370518694101,-0.519716890381146,0.543498874348537,-0.461567948805274,-0.501360656275624,1.18424406010501,-0.137418686465369,1.42314551549576,0.251502840225639,-0.0498723653119118,-0.372590940813603,0.622333415684343,0.8190297190182,-0.600125559806833,-0.371663960582907,0.300568852994667,-0.0902023352977558,-0.272245703393922,0.229872046120686,0.254024506820408,-1.20435275815689,0.704555160820791,0.459025502071107,-0.928312074703825
"166013",1.7101616164762,1.72291389389291,0.269630358280142,-0.336178401048345,-0.376465092443807,-0.311512578425001,0.666427499075267,0.0913215408245328,-0.545406831039089,-0.595102314009067,1.80752228744403,-0.554285673712359,-0.0444818388410863,1.06756384758421,-0.172935637218152,-1.40636842327436,1.81874634608346,0.677853841292544,-1.99074901625745,-0.307873376793106,0.965738258879563,1.28070444942168,0.190168544985665,0.632059134710426,-0.437725769031402,-0.927845265071297,0.336275271691637,-0.778691617360968
"166014",-1.66856730738312,-0.748636944751111,-1.13514904907015,0.600440369302282,0.545312718733288,0.100988261398011,-0.119050858512094,-1.97258924646981,1.97443070719414,-1.17425851262712,-0.225367253859924,3.63621692423619,0.648044856274438,0.250549097294386,2.3040357344442,-0.129877816500127,0.119328802480219,-0.387710970953701,-1.16312828116726,-0.425930002611107,1.85253825177713,-2.13443697173962,1.62022838266274,-0.150432150198865,-0.166818496471928,0.155341152980286,-1.9673552603666,0.0261718179111635
"166015",0.167677029872281,0.531940218188017,-1.50130048391975,-3.04524582049812,-0.138474561615533,0.906480522987558,0.420342436068158,0.0577065128768422,0.157924045849415,0.277649328914714,-2.21508521123494,2.18468687359105,0.445128757757261,-1.62175619909333,-1.15704241620457,1.58831197974499,0.351697233026845,-1.31685436814714,0.287190589996108,2.90030910333549,-2.19400990519122,-2.004332865618,0.286557669422553,-1.35358601213,1.32152925938448,-0.0101809344916892,2.24186082799649,1.75680621018643
"166016",-0.581904940117388,1.75518570514244,0.626133807048663,-0.0566127941664402,0.921846892952789,-0.178310540670208,-1.8511532556136,0.834687250954114,-2.0476953682705,3.16227628787294,-0.189241262344553,0.0553866762787869,-1.40072658717477,0.429227638470792,0.22919431719738,0.901087641618288,0.955081925893903,-0.030983388578899,-1.45449235148465,0.0705490086610634,1.56167418441546,0.0969781078825243,2.18486649186249,0.336805258975047,0.73349316774197,-0.435203628403449,-0.0361284721810049,-0.762678121487011
"166017",-1.79544456806114,0.071043835941372,-0.0777280145443504,-0.664684216796643,0.804565419543611,0.202617247499904,-0.493588890263096,-0.849002051991654,-1.75777263990905,-0.810333060851159,-0.309218334112028,-0.416126576408346,0.776958256622115,0.114194372287507,-0.656314148336338,-0.74121435247383,0.528261726278452,1.02860361224815,1.00476682313469,-0.0851554599620748,-0.7051051145352,0.0278139414074236,0.740262415560694,0.442350278911578,0.0739141559959418,0.611166975371097,-0.60841148076398,-0.508002704818471
"166018",-0.805195985676958,-0.916845361594368,-0.0654001529218367,0.0388658263018453,-2.35301502848142,0.820008214900358,-0.0462200121371455,-0.306497901357566,-0.792971256670687,-0.680198033735456,0.527509463240594,0.494960992934849,-0.2013010650278,-0.43309942467806,0.0514616355467271,0.243071676297545,-1.31555767842355,0.283805972018785,-0.644745464133034,-0.469377454490175,0.633807811146423,0.587977469939898,-0.00411089782146205,-0.0368793000352086,1.70193773048869,-0.446463834961747,0.012897095147111,0.920532972234772
"166019",-1.06838604659214,0.749249846516186,-0.408971758962876,0.371856359698155,-2.24432996860181,-2.0336197717935,-0.0403704546611418,-0.223595842218281,0.839886711346868,1.77742432302243,0.278871731011701,-0.362745151768343,-0.717816803651709,-0.622672336927772,0.760523338723105,0.486129523496129,-0.295078403787674,0.706243593899513,-0.146226079300876,0.793474373925093,-0.9418888411868,-0.359819176287352,-0.228168292302974,0.955581171452721,-1.17927537321153,0.974576330217983,0.488741549346766,-0.136682590057326
"166020",-0.770025744475632,-0.0237569299667686,-0.110705592828871,-1.1367719039182,-2.31851261721444,1.42446261264634,-0.149942143285515,1.65630834896603,0.0786340526366476,-0.925953075019117,0.16915805796068,0.00735747635647613,-0.709083736958194,0.061665610825716,0.403328687477441,-1.05161970573597,-1.24195675645492,-0.657112219341926,0.395444146376843,-0.188004640537631,-0.902855743400725,-1.18286425817193,-0.664081852050414,0.972528601991054,0.312654802612525,-0.482687512234652,1.90114940516779,-0.519650901622306
"166021",-1.07746909757137,-0.378740616492226,-0.110602803756102,-0.660974128204654,2.42500384365926,-0.833096064105816,0.273474567677503,-1.95683852087579,-1.62409647697129,-0.741533535787162,0.697068315923158,0.0577890771781893,0.0562914783199163,1.60138015938452,-0.626360972010598,-1.24233861650962,-0.439268687812445,-0.506919709052315,0.838338413800297,0.733697351214487,0.360746518502208,-0.94078324599163,0.0096713750220869,-2.87484228709423,-1.17127325822412,1.28103069360941,1.59705173524754,1.90959652760881
"166022",-1.05094451414735,-0.652142019894222,-0.498264231525614,-1.67634791778809,1.11571608699689,0.065446735737329,0.917019842410623,0.255368407626945,-0.581867347993521,0.0888343363116486,1.42965441672762,0.363357492787165,-0.889833506631811,0.103138095405641,-0.581339480862141,-0.959087332093819,1.37978707950044,0.184423256051703,0.434600670485318,-0.348458783591421,-0.780586500370127,-1.4534032266482,0.0215625940592305,-0.80739738953685,-0.581405862835417,1.2477859564985,0.406369731092577,0.759498357888179
"166023",2.05196911051256,1.62360600017921,-0.655808744299372,-0.615120636216582,0.831078970001524,0.494108043552526,0.954996808372721,-0.658964539015402,-1.53706724628338,-1.53010948865855,-0.172286396467229,-0.506720309663,0.0593620259634162,-0.309086936584925,0.243161071576542,0.574423265565333,0.468842583195004,-0.013956130876331,-0.638841369168036,-0.357230309601699,0.414552295541616,-0.912942345714377,-1.95779270030127,2.15518472488855,1.74692434569905,0.516853368528946,-0.809461436917593,-0.184842103721981
"166024",-1.84912021760538,-1.02103463265257,0.499054941107412,0.397987070220213,0.937256484753552,0.110413298625839,-0.880470940252666,1.06808161316713,-0.11579020820246,-1.00322165148974,-0.00744651520958091,0.691113959842563,-0.185575811399556,0.835802453614088,-0.319958249388746,-0.941066365516979,-0.688172735618927,0.150002534496573,0.955250872527602,0.568444761614518,0.203475342723304,0.436103376706931,0.28776469612809,1.46755536459638,-0.541972027870175,0.476853192800159,0.593966961231262,-0.836890066663583
"166025",0.345449636666349,0.583984812692464,-0.161179675740301,-1.78817474522498,-1.33399009581863,-0.0838264497950579,-0.916511576875939,1.09435592324378,0.408095638035725,-1.36350422458365,-0.493605735594064,-0.169512633876514,0.189953434763456,0.047566045294524,0.372417495129428,-0.57939267199767,0.9249868320793,0.401600438792313,-0.198271557582444,0.833624670120431,0.905941343452529,-1.55095514045416,-2.67511034497616,-0.265231506813059,-0.101528528090357,-1.58142635108321,0.538296348353606,0.0495920887120333
"166026",1.99074647494933,-1.97075729113377,-0.151912739905447,0.925679497581185,0.403794612221817,0.383008861771738,0.297296272697116,-0.835748535497658,-1.00693652130686,-0.526144432837091,-0.318583347530247,0.717284431921396,-0.205905680090413,0.187812021914152,-0.0381376339959546,0.804373868197344,1.02948799588784,-0.801800619535219,-0.660149279082282,0.212788094093154,-0.267762513688608,-0.19624404066035,0.437131146375331,1.58564835935799,-0.540120368235974,-0.0409174706839351,0.762127700184964,-1.64266098686603
"166027",1.96682919509798,-1.67314234744371,0.408728190786495,2.22464801995071,1.81161702250468,0.610405515485054,0.776029169268474,0.0635015346623326,0.349739224926317,0.269101109375617,-0.87594419428758,0.0414855096990925,-0.754263052126769,-0.138158432542503,-0.402460483143084,0.518194617316712,0.879347662835383,-0.561729696484308,0.643685793108646,0.785995115292185,0.175801896023035,-0.875798389974976,-0.0404956518733691,0.109410762993928,-0.92650640721976,0.421444347428831,1.15461132216128,-0.146529361041717
"166028",-0.445542891892303,0.388591518845687,0.457564105204304,1.80828403264713,-0.627355734660253,-0.48363732650674,0.960664006996103,1.00288040220376,1.1826310948696,1.63384060200696,0.0252186409669205,-0.505841620691916,0.173314391765275,-0.144731501289779,-0.434384082184135,0.246088804493862,-0.567740198831175,1.05430960966805,1.10338561191291,1.50946402285288,0.0162304625548198,0.654365015382712,-0.240510314439206,0.320234694086902,-1.39320561167167,-0.0368758325190336,0.0183829395586998,0.201567752751993
"166029",-1.74041070589179,-0.255061864429285,0.302577618665539,-0.999522173542061,0.363544237374922,-0.905052025101336,-2.10248715177185,-0.766129187643746,-0.999457777618373,-0.82910968382623,-0.182364437830897,1.00763294977125,0.311190106572565,-0.191111482555663,0.181657926785418,-0.287010982246171,0.0180678294643377,0.157281078595363,0.0281624868469919,-0.193822610045374,0.572678481454506,-0.310493856756929,0.506686712363316,0.541602354148409,0.613176113896056,0.973507914586681,-1.58437663852087,-1.64927855719258
"166030",-2.08053892929008,-0.881511434754405,-0.575334431874433,0.666894594555453,-1.4905603830213,1.82924464358979,-0.311115199392022,0.365912672150379,0.497348772920157,0.444794535592837,0.786261805707119,0.220108787879368,-0.759186908814524,-0.1691613265406,0.646881667003362,1.41821827344109,0.00421980987363644,0.481600049830296,0.259141282561607,-1.87368152232213,-1.0071131121888,-0.380110769658686,0.702500684628905,1.02819843414271,0.345279029806487,0.219522643383078,-0.390665997961003,1.51106859595407
"166031",-0.0902314177178981,-1.00466130116539,-0.275140277869219,-0.93709502322358,1.36986405637015,-0.362589896445597,0.491836674806011,0.636189758529082,0.156192310422858,-0.901097824408983,0.231360344929943,-0.113958266247948,0.552388636294514,-0.847485876474446,0.245961349271907,0.5554782241789,0.344412054058421,0.0029349161714693,0.470494623930049,-0.351389548739207,-0.284770693882774,0.612508219456936,0.32256690957775,-0.581185573735588,-0.328094229876295,-0.544020798745165,0.0792546014733968,-0.725381242056262
"166032",-3.52302993555169,1.32949832259359,0.571719533406503,0.618112214289166,3.26731537876828,-0.581580636564932,0.920249653131417,-3.09185450288769,0.779376494042489,0.297574945372523,0.365353563282254,0.218315741235598,-3.74635772295721,0.369080154654129,2.54335968034474,-2.50743898562374,0.785808180173976,-1.60733210487078,0.735988846792276,3.3110769979854,2.12239564004497,-4.30278543386605,-1.66236330464891,-1.61472544550934,-3.56458640654554,1.21276649862997,-0.612491606418811,4.18309209782679
"166033",-0.793511635730144,0.247458518118379,-0.176166903675423,1.09008615593522,-1.34720157912285,-1.14029034980486,0.168014661057433,-0.0942669719782284,0.69542522693457,1.49904851427964,0.0183790178498101,-0.55172129754247,-0.814399794734218,-0.770267376484903,-0.0742914243401502,0.0333274857582744,-0.369635656056638,0.397075236606796,0.428212517829583,1.43258128299838,-0.143039269366281,0.226787506160526,0.102031827562713,1.04645426079152,-1.51743905711684,0.865082832870863,0.25579997732035,0.0643529882140016
"166034",-2.8996014118141,0.212335357576263,0.800340292203512,0.567997335822183,-1.78774114795873,-0.424951490797015,-1.22833038877871,-0.0241972623535423,-1.14236424860644,0.774185147165044,-0.373427954555396,0.26097376551647,-0.516845522313058,-0.0202303771352136,-0.334889722293941,-0.971969998409142,-0.10445398015933,1.10341309778319,0.0628507551084343,0.0890682188293127,-0.598910903190544,0.16862159019677,-0.062450472481661,1.06144668599957,-0.660000461172267,2.17171044299425,0.0952836454661366,0.279501020427098
"166035",1.97418989968633,1.90934808968824,0.00482505638450526,1.23362576599198,-0.913290735211962,-0.776358738049197,-0.036451422579461,1.8939213546004,-0.535696457170783,-1.11847280639408,0.876407086312338,-0.999463801812822,0.919294591717865,0.0600728164327257,-0.297204262088118,0.0896106375828448,0.497435891481408,-0.677917328633265,1.0307403506918,-0.667343644098043,-0.959808047417801,-0.457119575469442,1.57528602174675,-0.407626319052527,0.00141242524156105,-0.0143684816806871,-0.355262480971542,0.658768401669631
"166036",-1.50330642289997,1.31990162094619,-0.160844135854394,0.0376644164766793,2.34589797840485,1.6114062503575,3.27780368247962,-1.91427068669381,0.800882568586565,-0.74052026007309,-0.157190997995543,0.367190866482852,0.263588559795946,-0.450409770513841,0.447603722524333,0.799905758637912,1.69703973808452,0.990026580258408,1.17074519805476,0.282513098084816,0.780560902234471,0.138369722143779,2.11672095493615,0.519096362618522,0.103447193134444,-0.176228853693018,0.167756916899737,-0.088870234229135
"166037",-1.52170854800253,-0.278706851430246,0.342968293917552,1.042588152118,-0.060083144559592,0.740843142474287,-0.28296127421811,-0.569815696181296,-1.51694391640274,-0.631598687828575,-0.288990609798215,0.620563465316307,-0.16440141437664,0.302270169841607,0.663626793993002,-1.04307314175295,-0.472937963030441,0.679119385037047,1.47665697346159,0.059046889658122,0.15463427202232,-0.780704023119876,0.507922704396018,-0.288946605294431,0.728531389575082,1.25880745499891,-0.146272675694148,-0.479591471596398
"166038",-1.47270056861666,0.0223648890312997,0.905338579319748,-0.380735573531952,1.11363396964426,0.0265941156188831,-1.82897472080815,-0.418148905751461,-1.33312272637905,-0.967558756313493,-0.0267623004846888,1.0798015501847,0.230812785901859,0.0942347839641412,0.616536394279773,0.208994261069026,0.391791267595581,0.617759788732414,0.561286361442598,0.217498564292788,0.98846888426018,0.152058038964554,0.730396488795614,0.497701695024198,-0.0219621389288551,0.884503597330285,-0.937555422921846,-0.675476100166271
"166039",-1.58385348658764,-0.718484180792515,-0.336048569667878,0.882851535820413,-1.11151271355603,1.47591881852791,0.0912712761326856,0.214313075547848,0.125392804013205,-0.335433548147635,0.0407343716488119,-0.303034927471216,-0.422888796524357,-0.411570740506423,-0.616563922578299,-0.0934958865713442,-1.91082397445304,0.0496993869883617,-0.163543732187973,-0.993564783695612,-0.184392889940453,-0.0685192412787139,0.246197447494594,-0.358353334352663,0.820624486620306,-0.419747710308887,-0.438550382376578,0.688439394048152
"166040",-1.72906845084899,-0.0561824314657583,0.027844961697832,-1.56372667267159,0.327465146788,-0.191930573025684,0.568782973776575,0.425108637866408,-0.418725712083818,-0.379748640915479,1.32225974146843,0.369095167093873,0.319680287784288,1.11055806417851,-0.842449353254995,-1.29003470583037,0.140607720218364,-0.0830968066216889,-0.542095783175024,-0.533884145992854,-1.24791084969613,-1.25556327858482,-0.609264464739709,-0.00893931469537957,-0.519076230188154,-0.778924049691793,-2.1138007895692,-0.759958058805995
"166041",-1.56955949810369,-0.0832072997804953,0.363131327060554,-0.111355501989755,0.987669370413564,0.300071196254228,-1.77451636963172,-0.619265800881865,0.112886923703321,1.2285841502348,-0.68600530461485,-0.302941575670642,0.219654996544501,-0.993397305988604,-0.238427067694797,-1.56622972756028,0.95627220538009,-0.318346104662805,0.346076178952949,0.360610222456252,1.0515532302727,-0.347977834600256,0.589896293562274,-0.358933492279773,0.471594542506238,1.26562217630752,-0.349177177633747,-1.27726100808775
"166042",-1.37217669311257,-0.144909182637277,0.520259468389258,0.921381600411844,0.00861687154289056,1.29326880352105,0.262088579919641,0.169754306674808,-1.2053505674759,-0.234833909412968,-0.0503451581129442,0.393070107137187,-0.00698482302017108,0.486692223392308,0.395991434313212,-0.596390764197844,-0.393893345733628,1.25944707442539,1.82694510741589,-0.182806951854244,-0.319830966070997,-0.564943614115812,0.507615067917288,-0.272682338481469,0.855756389360311,1.01629752293746,-0.0765371271198886,-0.763404550678582
"166043",1.99827139972814,-1.75590155025319,0.0116160632608581,1.09666610294572,0.481307299722968,0.406172265633823,0.843277914064038,-0.0764581777482509,-0.00379634370900332,-0.125638887766724,-0.53130711765181,0.483177221349547,-0.565317972217299,-0.190646892170529,-0.45008382312097,0.827881050920063,1.43795590861612,-0.308496940287823,-0.218035702557508,-0.0468205034372759,-0.287699815612601,-0.590332589249903,0.126969545420522,1.15147303832687,-0.143149989133737,0.00944479862532734,0.730836698262828,-1.25876956905146
"166044",-0.336178262863748,0.468046026674208,-1.73499831539132,0.0349864009981949,-0.83779290327165,-0.996896404027817,0.400929343217927,-1.93898907946287,-1.15923223287485,-0.99719626930308,0.899030021898187,-0.830946563044348,0.05410555102006,-0.245860298898615,-0.312479455122103,0.852683772143528,0.556285310813028,0.00566136989864336,0.406149741898112,0.999544993651454,0.801516753380656,0.444727847357537,-0.488737552571009,-0.819916243601061,0.45876250946335,-0.0189520088182822,0.830484704127473,-0.301211524069572
"166045",1.80618381948029,2.13625831450246,0.0518486707228769,1.45877804015308,-0.792654985038164,-0.820015597450821,0.195101604063606,2.14423156618293,0.343296807022329,-0.936885824524349,0.901861100380463,-0.895662947060262,0.940140863151693,0.23860027743743,-0.801070989535504,0.000937639831179581,0.344003558013298,-0.663049326660912,0.96486256366343,-0.209381678251122,-0.386977743717345,-0.649732895007233,0.97796698294627,-1.15052849167047,0.269799780037454,0.208147646311354,-0.544628076142731,0.238174916040446
"166046",-1.41276441806055,-0.391699278712853,-0.0781075093217831,-1.0497634011779,1.11229300777384,0.364238768782495,-1.64763891921376,0.455945760182876,0.509450465092606,0.658721286694149,0.18256291182489,-0.264154023163439,-0.179796155067,0.20578680154177,-0.0290078852630822,0.0758139455078258,0.728395140438778,0.0690690957141832,1.00307246116813,0.255656087261254,0.586651076753899,0.69040184392358,1.87282427624424,1.07453887270576,-0.0343020175014085,0.513992550306691,0.511318702763323,-2.13557913999249
"166047",-1.14452523248207,-0.706542577582511,1.0582685262172,-0.949288847285995,1.4724340147357,0.29009506084351,0.121369115047613,1.66240303550995,0.267227479586471,-0.145847133186021,0.982186427629101,0.3735051736398,-0.912315909205164,0.375145068918743,-1.08068493340472,-0.97203787961587,-0.169133322505318,-0.331161462134429,0.190130848643266,0.129702660413061,0.479470142184484,-0.709164875583706,-0.732999950178407,-0.419174888987273,-0.288349486456274,-0.128696747762594,-1.49855601590678,-0.279721805841199
"166048",1.94601786684309,-2.34997966210396,-0.428940931098587,1.50533692329183,-0.594063430805048,-0.265167404972499,0.963808234900044,-0.159566132603634,-0.63892552457611,1.21762170549611,0.0327904002558368,1.48622232955498,0.341621977974301,-0.22674646427662,-0.721810319935082,0.615091325753803,0.908960506083216,-0.359791235669525,-0.300923497010812,0.397738804129538,0.0694814244153209,0.11686952858758,0.180088210736444,0.226814099419495,-0.828568933191314,0.535765122543208,0.62763624724147,-1.14330433615696
"166049",0.162758592082996,0.367818697739488,-1.51145270716869,0.375902701718858,0.0469500068671271,0.0856091133371708,1.23246393283353,-0.175786542152349,-0.539380004997211,-0.459944330162446,0.527794644983607,-1.48151465557637,-0.27833319729883,-1.05232013401943,-0.231744526628502,0.356266998431801,0.220638813498423,0.425139335948599,1.40813009736586,1.06663061920651,-0.018488658305612,-0.0820461983062438,0.377566078842869,-0.210595936150246,0.0867935264703221,-0.590560975144696,-0.37562298723895,-0.828826747200163
"166050",-1.48073031929703,-0.57124414396472,-0.199220431186275,1.45575630602656,-0.354591992913396,2.44895485722858,0.596166830979234,0.0845796738435517,0.314471728244364,-0.736163558264553,0.78988108491734,1.51149292257383,0.688210683621769,0.841653967717034,0.534841147595724,0.889722580884701,-0.901735228388281,0.461410463889144,-0.0924253855461578,-0.749713413246325,0.821910459399796,0.149983283926154,0.530979235909473,-0.414446596873941,0.312186726727849,-0.944394534691395,-0.885299691753148,0.490993074753459
"166051",0.105594688539127,-1.18821939961258,0.835964327978394,-0.855650220663193,1.49994044711276,-1.00335932574002,-0.282953562206919,0.86159157362721,0.412638708277974,-1.0736277748611,-0.148025563449354,0.0461460079024154,-0.277908008086908,-0.900306737500841,0.716270350127819,1.18807908991578,-0.0329085765899592,-0.14323309088626,0.560665489450579,0.035258463850416,1.3262764553343,1.15878272005528,-0.278534482024238,-0.911022975376059,0.364672903928615,-0.386032913399759,0.760371603269631,0.00815911108763621
"166052",0.478608339935062,-0.777632945171578,-1.84866842667591,-0.283898147637922,-0.929352154653908,0.855636301050631,-1.38175170899295,0.403794351862682,0.737455158398241,1.86937335298534,1.20507677048609,-1.16024484119893,-0.135147624011316,-0.730474167173605,-0.00879192896569202,0.941907611564213,-0.444002091965494,-0.0942886326049233,0.0907025804412073,-0.108134301312702,0.408727682770724,-0.29879673916561,0.185270647167122,-1.55014368207291,-0.121435649637327,-1.3103171903177,-0.617097528780328,-0.844184837097491
"166053",-1.77693994119677,0.563460853711949,0.568491412205002,1.25843710681587,0.391401202705113,0.637237003768746,0.368836208931643,-0.337550376898967,1.19350426899505,3.16348909651345,0.156216090649927,-0.0567658919899332,0.893865032719785,-1.50963891427963,0.198640921686068,0.0735435959307086,0.914997661864869,-0.529783421041792,0.120520778018243,0.733009080667572,1.29376138273181,1.39599077019672,1.07208250724005,-0.355518147825628,-0.435087991586911,1.09771587097107,0.776988007333427,0.204931816881956
"166054",2.43558599820928,-0.299790338620642,0.385758618874243,-0.763161035042886,0.875007554231242,-0.0761853417693573,-0.10774068032033,-0.201577838837454,0.814272541700514,0.345172622352527,-0.0200451093594489,-0.915200353298187,1.47801409852025,-0.161662803031492,0.173016299791522,-0.341421100126035,-0.973069666395581,1.20726352936301,-1.02920039930098,0.32524699994702,-0.692915979460184,-0.633644464149374,0.343706432737028,0.305437895929368,0.274563968866552,-0.145238929240162,-0.328179963483792,-0.0636944255747084
"166055",-0.796640101118634,1.13690334726871,0.878294457053636,0.553869295159291,0.683875697514056,-0.784215778022653,-0.476972061470777,1.11761034257823,-2.308997788512,2.12089289315965,-0.6920858642339,0.180186571758018,-1.51061253273781,1.16910481911711,-0.351511108782343,0.2901885339247,-0.854023988003017,0.620794452655611,-0.619871540934531,-0.335248786864308,-0.026383122985699,-0.50298670374709,1.44963765314596,0.616810265582023,0.77223043234257,-0.468977854312899,0.124211257428849,0.0469043458772174
"166056",-1.51601078909639,-0.996696458821014,-0.145439061855876,0.962509208272378,1.20186390498834,0.0313611325584213,2.27856516942088,1.82654302986195,-1.0369754517597,1.9773505026458,-1.97587990982384,-0.963031777099752,-0.961198812372636,1.52524100636547,1.12586858073478,0.212279026915086,0.106191106158874,0.402240562545357,-0.425673925805958,-0.493066900473789,-0.218014264408211,-0.975919289659757,0.55862834249837,-1.65090547038924,-0.836770182152693,1.21411691837882,1.63040842593143,1.49175509075017
"166057",-1.74560009040784,-0.704494830032257,-1.32609469445402,0.639255936047112,0.546853608735665,0.146556205213679,-0.355192884752214,-1.9774884002718,2.17216166262898,-1.12271248611105,0.0332635460045537,4.04899764763965,0.2115158679031,-0.0384197954882146,2.50238029135031,-0.110905010395658,0.491662766726188,-0.58113305926208,-1.48635487366705,-0.125502739755678,2.30065055726866,-2.39380429944606,1.4847672101218,-0.298399323664906,-0.34909812076473,0.894750913041222,-1.66417691224797,0.00329041177360728
"166058",1.67171020734279,1.31463660970176,0.00045680274283455,2.39433131336048,-0.392190854501805,-1.19171364914009,-0.540567766883517,1.68733293574129,-0.0540716622686211,-1.53177097940241,0.450235515825988,-0.580327683615905,1.49587510625775,0.203472490978795,-1.14796140069504,-0.679675222595696,0.517441927397766,-1.51925212388625,1.00859507856814,-0.182350962449186,0.424904034146374,-0.329190985831175,0.78249130591585,-1.25157176346978,0.127885408663175,0.112439195262843,-0.801231223748031,1.24703051861615
"166059",2.86245174773842,1.71725306311128,1.42097689144355,2.15212205053421,-1.48804274153588,-0.847214838651783,0.380833404234371,2.55685456390581,0.366751350078653,-0.985210482460966,0.510945949835311,0.261629481471587,0.338516877399585,0.0528028350253158,0.327987481913651,-0.368906473878735,0.153529673843229,-0.341268194777434,0.922879869399017,-0.0770851843487282,0.437843286856933,-0.543126137876664,0.849152482591446,-0.861866977954416,0.866239332186232,0.522296305047569,0.929318994428064,1.18985359438787
"166060",1.54965404616695,-1.68206568690974,2.46512718758795,-1.20338303446191,-0.584555358466102,-0.309656025784091,0.723202738491633,-0.304585370601911,-0.325259677738447,0.449409289212842,0.640086030527689,-0.126657396984619,-0.635817507293904,-0.0720774162158487,-0.284721889776096,-0.28367920136844,-0.594110964469154,-0.837683790576131,-0.0901688901331961,0.0236827225787067,-0.260070052851565,0.531809338291891,-0.367967613989058,-0.140077689649281,0.200021330294937,-0.555156254810537,-0.76013476410171,0.847378442538276
"166061",-0.436008903498595,-0.0963816123925197,1.16452744014126,0.689848657635388,-1.23366982483137,-0.18326000202004,0.180163797988657,-0.627273758394198,-0.986430563865126,-0.720841938463757,-0.351230281046833,0.126840975021929,0.908315904162012,-0.0822182721749001,1.27726253779993,-0.04739884339934,-1.10284838846395,0.0853239389860817,-0.435506891088233,-0.71044287008874,-0.123807755493147,0.0580550894360658,-1.31433337071997,-1.68535749868901,1.3772888463931,-0.325314584434723,-0.414151294384279,-0.690667488018069
"166062",2.6167525587516,-0.64784319586347,0.166652779008015,-0.747667696905574,0.554607588540118,-0.298764206918359,-0.375501577489976,0.071570346065475,0.676437193230713,0.069893946207077,0.173670414861589,-0.380007492907972,1.52724489131928,-0.474341204642539,0.132422403624733,-0.313065311537052,-0.19747586818909,1.18730526753865,-1.40147495389716,0.32350741354177,-0.0743266500311373,-0.404298455846462,-0.0410692005049081,0.0234326642641266,0.702581603065622,0.554106902971342,0.469963764323934,0.326607331963317
"166063",0.145021248131454,-1.38383893144132,0.391873497664214,-1.48460069522247,0.66359061959731,-1.66438960575491,-0.850162844942933,0.734268311830036,0.208425228156688,-0.833357586356367,0.307513040698871,0.674066705510796,0.047667854513027,-1.39909412077835,0.794314293030816,0.813663447946635,-0.377093038422452,-0.703652616090928,-0.476655074229668,-0.624604748748607,0.695573840519067,0.782511519946898,-0.530284387984913,-0.745414476939578,0.474969486050376,-0.507064746159042,0.196554808782361,-0.981533344766093
"166064",-0.642024484961788,-1.84521452398662,0.927163023140809,-0.249436068074216,1.10627814757782,-1.01716125172579,-1.0880023170249,2.17480254018341,0.748050613819666,-0.429469719189168,-0.00934249911781045,-0.391297413827297,0.266987379387736,-0.941276397471331,0.420930564945136,1.08981535073627,0.326233974462623,-0.549701745159391,0.541696001347605,-0.58396976374037,0.41315578432154,1.33557409910931,-1.24974895692249,0.0196649005546959,0.203291684150651,-0.691924059521368,-0.0558582052423384,0.529837135330097
"166065",2.04364158051636,-1.9505792719319,0.00861142070750176,1.62560154366346,1.16036013988785,-0.0252815519977725,0.385901608826983,-0.57403205844072,-0.22062657870417,-0.0857417689709351,-0.836183326029426,0.264262018894219,-0.0923217401384576,0.204432159577149,-0.499440056962969,0.707618473761172,0.753332808711402,-0.656065088588862,0.231968184105057,0.118369689788591,-0.229533609279302,-0.580150824191487,0.251053976574666,0.27702553822674,-0.433145649298255,0.30434265227361,1.17909097289652,-0.693784995122205
"166066",-1.0628292904594,-0.650048853456214,0.24185891382053,-1.66304279333669,0.2269825407584,-0.134436482502218,-0.697106230251391,0.19237463320586,0.599433927618043,1.59904200409159,1.03552729937215,-0.0579207677025606,-0.453535145136659,0.233814140882778,-0.704966151297176,-1.06312009771709,1.42128099864851,-0.763007112581498,-0.523371688884474,-0.470134311723643,0.310660030902679,-0.676622796460146,-0.176537224539271,-0.832769308210023,0.485329042090097,0.950180156436907,0.338590836175194,-0.5600988126861
"166067",0.649132266965098,-1.07547817406934,-1.9899913035942,0.658120079496774,0.431002559110501,1.69525781273551,-0.978065495611092,0.705534297896915,0.832578640637016,0.777444504319813,1.70468740747482,-0.373605677190757,1.24498497280672,0.356213123785734,-0.650323325494241,0.109042826663356,-2.27297827011753,0.383088444020023,-1.23539228428218,-0.51420866090248,-0.806229523173225,-0.945833156013376,0.636469391787024,-0.125126170841354,-0.410546679996964,0.0816690677009014,0.293285950426645,1.43092823763878
"166068",-2.50679745134634,-1.35693396316612,-0.112448411031044,-0.169402188785522,1.56020521961779,-1.32940655559256,-1.89745787175482,0.775356432359416,-0.113907050087394,-1.59073173225308,-0.324197725074966,0.250616748555878,0.668377940638415,0.910032869470473,-1.01560549039226,-0.395003323344214,-0.762094660518972,-0.470589607556394,0.890541125425908,-0.102465922813162,0.887732137704372,0.831164041685459,-0.287346708689172,0.476592968142284,0.207729885967744,-0.290020660585013,-0.447767348696857,-0.886179571481513
"166069",2.95643770727121,1.95243593048919,-1.52619387340398,-2.30506382428526,-0.189124481540159,0.903026522788225,0.663356167820868,1.01084827493273,-0.200355824930266,-0.231053154441545,-1.3332322667307,-0.548473012881664,0.390240951985732,0.254263698445548,0.0576483066972938,0.866995425467835,-1.58742434958786,-0.616798102982015,0.594823132328704,-1.35411477599416,1.8258768152732,0.695720849465449,-1.72858755902097,1.72532389441846,-1.42680406304489,1.79690274429977,-0.37355320641428,-0.434235105561167
"166070",0.903275017653813,1.35991087388099,-1.80386443420723,-0.0434405929747224,0.813107037664823,0.558910917394154,1.96712830578173,-1.03950689262944,-0.58461634780406,0.900702917765345,0.699848613882998,0.309843780352632,0.434027186360679,0.027253552781922,-0.548857012234799,0.856746220232902,0.259370141070416,-0.0108808008461208,-0.258727288001776,-0.60697776635545,0.112113064658244,-1.14314115858337,-2.13338963418786,0.471825850355963,0.381232206227626,1.60826417201079,-0.534953145580106,-0.439398506953793
"166071",-1.51112205399024,-0.281543540571783,0.366985467569679,0.953380717527789,-0.134501058479,0.728092911505145,-0.165306501714544,-0.542998610538729,-1.47754045719692,-0.567587177979834,-0.251951613638086,0.559225587429033,0.0328013627804633,0.478795471366516,0.518107734590188,-0.938969159487659,-0.545698447000502,0.788237488831952,1.52718043336924,-0.0379307045521174,0.034773006240306,-0.662357575612446,0.437601602326087,-0.339496627160657,0.878951068139815,1.10224782978873,-0.166643470997225,-0.611240626229594
"166072",0.184128693450381,-1.1967757411617,0.537353147164082,-1.18338816324499,1.42253865140335,-0.808355323503476,-0.0180591636398381,1.22961318626384,0.910360224085029,-0.570833370037242,0.255340482239236,0.359445295512578,-0.32967577616529,-1.2338941883274,0.460989261407903,1.18263156743615,-0.035700239154088,-0.136743822101424,0.326764017150198,-0.302224993889826,0.960750680147881,0.80846456332735,-0.344558778954269,-1.07055652339204,0.4044465364745,-0.258672782707637,0.539503313546907,-0.853696429898631
"166073",-0.718426751290182,-0.151888611437872,0.96914574616937,0.847490910609464,-0.828253775513469,-0.0719984293220406,0.383148785694287,-0.597309311602317,-0.654341905656694,-0.369674927962315,-0.369224514506436,0.0321582144162005,0.885249282999213,-0.0580947749092007,1.47207247639813,-0.104914742602005,-1.10692014549978,-0.000286312474301907,-0.186583739490106,-0.85830378107167,-0.450499292892274,-0.340579218970078,-1.34462035964504,-1.77377439692246,1.08325456278544,-0.325008313468282,-0.495853922656538,-0.625293591480932
"166074",-2.1640011996178,1.71345384567946,0.941353543489524,0.679715131302866,0.602989982204431,0.912095657812519,1.14665380456268,0.358262074158733,0.188650710091046,-0.716986559894654,0.0301892361567227,-0.693095206478691,0.13520416305746,-1.14714454678488,0.0620268491047785,0.102612453089113,1.00032021129185,0.409030498809679,-0.518220456134835,0.778699117837378,0.381660596330248,0.876967083918608,-0.335474071586171,1.19271588655787,0.0376727340807198,-0.0931793827569561,0.208322640976503,0.792371003679735
"166075",1.6630336106385,1.19418599033688,0.151052075010029,0.182035660847857,1.695008205423,0.227670327508994,-0.55335073798057,0.0998357993441662,-0.76824446829026,-1.1032609164271,-0.363680007108161,-0.418902809331726,-0.280295724735051,-0.0971324262950589,0.44621235929597,1.09177012941477,-0.558435698881803,-0.849933936675569,-0.534430212119582,-0.273324521491042,1.23201058702365,-0.735036523984666,-2.51233138266103,1.81505679406536,1.47072886154071,0.884055218343214,-0.95088487663873,-0.133348404932258
"166076",-1.47438125606223,-0.892567708290715,-0.0507626263981817,0.77117039509836,0.444979536934501,1.24624093648163,-0.0755242007917629,-0.398174737504701,1.12193592138937,-0.264410127964603,-0.142377384048761,0.97446806555812,-0.298014856352408,-0.380156427627097,-0.0181470043936289,-0.0423895024331022,-0.500374070768565,0.027250598399236,-0.410432560037566,-0.303013031597963,0.850989488269378,-0.285091767245756,0.593281136203359,0.00147252018746011,-0.271305778332569,0.390743426383264,0.176637993356435,1.50165248137054
"166077",-2.40800698682974,0.182834248330931,0.682072350348002,2.22635719834685,-1.78891404100454,-2.89584358714836,-2.67756668122709,1.52109910167648,6.3197169408963,-0.883058869316512,-3.08976942792328,-0.0134618527407453,-0.219682952303752,0.0672546841162091,-2.68206395428766,0.557268637263173,0.349663471467518,1.09893979132838,0.489223032476619,-1.30731715638548,2.03515118195111,-1.89660693603167,0.160268680176158,-1.42808799211955,3.42116655129985,1.99451281066041,-3.39959079678618,2.25118859995335
"166078",-0.763510259052412,-0.923772019522219,0.420898856698903,0.683865933530639,-0.100150505203837,-0.798489165429211,1.2881061430093,3.72746322468103,-1.13109137111562,2.57882340993268,-0.574145439862071,0.332978040594631,1.1879651808454,2.68476242468218,2.7967693250513,1.0305908835986,-0.487894836367761,0.779982853226362,-1.37250622924,0.908201865114162,-0.00792104556202,-0.527115760664218,-0.846996382949745,-2.15061187629442,-0.0835265446108836,1.40701431729685,1.25427658594187,0.121841604733228
"166079",0.384711572189913,-0.570658647721908,-1.84779144775221,-0.0833171924998933,-0.849073646241593,1.07199943733958,-1.03758723065622,0.372748424131827,0.905311315374285,1.07867724073302,0.770258759983755,-1.07384059812318,-0.90657903190217,-1.00583857294151,0.123002640481182,0.921626690684694,0.545965184923879,0.239595531397407,0.133127236870532,0.199208668676263,1.39790570868873,-0.333462296505214,0.35293764091415,-1.39517985437062,0.133349058772503,-0.934288461477232,-0.215384898121451,-0.179025149849207
"166080",-0.526339914233087,0.755098425813818,0.851304705713354,-1.08371840575039,0.0372497716860027,2.14598278587827,-0.924673661761171,-0.663588271997474,0.905224600505702,1.43003275655434,-0.667750531019823,-0.332978627747971,1.51958470197506,0.324335465032921,0.766600941923057,-0.768376388478929,0.940768248185825,-0.716537924137293,0.572906227897364,0.390355150801464,0.494049280310961,-0.901703430036888,0.0617648031645287,-0.373432197944406,-0.13229264732241,-0.399398873380665,1.06743984047438,-0.0557824717991053
"166082",1.11445922433337,1.35601778233165,0.338454046632404,1.62780419384718,-0.0116422223093193,0.918174299613832,-0.423677179232948,0.116440686714655,-0.117241513764386,-0.648935993158678,-0.528970253298839,-0.310593610098344,-1.25096068840654,0.121277333609933,0.327628910370408,0.135668572627325,-0.369918055084184,0.677747610656085,0.621354546582917,-0.459219326547956,-2.51190487136115,-1.10474715148483,-1.72831977537787,-1.47883997876765,-0.64435951669147,-1.088401362154,-0.54684535243038,-0.443869326355923
"166083",-1.63774368467493,-2.71452825237236,-0.691072378085046,4.11855576322995,1.3240027901746,1.28520657178083,-3.20045584706933,-0.760741909218161,-0.840795663173336,-3.52556238866718,-0.127105305734696,1.45237408245274,2.24377584930753,2.51318606509471,-1.94974217818582,-0.392305108230309,0.100744858006357,-1.7957451416654,-1.36721992885111,1.26724308278335,3.9624347087894,2.56289672298273,-1.78685687153244,0.0740763681125679,-2.5054292912123,-1.25732538869943,-0.185746807045303,2.67551560658398
"166084",0.845812336705127,-0.853511908634909,2.68854512047379,-0.852508715740251,-0.222455978737428,0.435665433356418,1.41223773983063,0.128014220393082,0.416534599674314,0.269361067662706,0.673724357763242,-0.10931039836673,-0.717859694492987,0.703587728114193,0.257079026269933,0.207975930048874,-0.237677560911556,-0.250273345830857,-0.0851831148157409,0.260826839665009,-0.120046166063615,0.291393753312143,-0.627925665590835,0.0458205576356409,-0.123867650843771,-0.99464806138577,-1.12807885662585,0.641732399192772
"166085",-2.07104242793131,0.900495640215223,-1.27507101411028,-0.675838472882376,1.67453695919554,-0.972420569957507,2.923065694089,-0.488537934819175,3.27743682046664,0.414603246327518,1.95108735939306,3.76131886688599,2.42409036217498,1.24216935600922,4.0991438932242,2.32827700958297,2.1238799473422,0.731591904818071,0.636316676046182,-0.772952262527856,-0.152458636857297,-1.69413226566693,0.987056172929488,0.504411012683755,-0.162308857566255,-1.77788330958069,-1.18107707996142,-1.09206466962774
"166086",-1.0080459956353,1.94037517289542,0.807177501345526,0.258179383724408,0.950885921658364,-0.289128785648086,-0.917146046339963,1.43613219978297,-1.45976941059604,2.98387357936098,-0.621572418896993,-0.395139781734863,-1.08889881436897,0.529016511692495,-0.401717834982403,0.261273757730815,0.796962817154835,0.210629389612813,-1.55474673246567,0.0962532098124071,1.83413908432616,0.119587959672768,0.888534370805308,-0.326886999753318,1.38645049151904,-1.29147965528453,-0.0470558620502179,-0.556139345880082
"166087",1.14889760201017,-1.62777155432277,-1.10399340338138,0.00411722414843476,-1.19253026466086,-1.29456166575677,-0.550224488491954,-0.333841178492841,-2.22800754088034,-0.58564206972074,0.27739312408783,0.602118079282872,-0.0638837990606883,-0.353499943620538,0.123196649764787,-1.33391160536179,0.0351148031785252,1.01843109485114,1.61319277337188,0.553962983390919,0.529773993271866,-0.83821870367175,-0.862914803795029,-1.54428084942866,1.13138181387177,0.737964040923401,1.08894481078273,-0.549929208592915
"166088",2.34777956334913,1.7523789848272,-0.126740609760726,1.29810478237969,-0.644702854620861,-0.569248255120013,0.56606337277357,1.97195899784415,-0.654083023057222,-1.43163654247232,1.03265685185679,-0.32206075809301,1.04706579893722,-0.341767214223526,-0.410501705472664,-0.441635400596734,0.655585861698067,-0.760806158494597,0.660198922162776,-0.403295957093598,-0.148157595695684,-0.406315393768325,1.16345808086718,-1.09578962130139,0.193422080101359,-0.112011506586563,0.0923887717585345,0.547158601599829
"166089",-1.52640361767821,-0.56144752112102,-1.86646282438151,-1.14762992202079,0.684303341011192,-0.18366803181114,1.03982842644616,0.680912653467481,-0.771979975506715,-0.22770859888916,0.950173763401784,0.106586398407063,-0.877031043113053,-0.652555918143531,0.98918493570775,-0.279135687031076,0.404001693756868,0.968942945061396,2.31093177395545,-0.389742302447253,-1.00709348434578,-1.4308905600698,0.916373933087242,-0.456346097152468,0.39328519311922,0.510529394018654,0.627213204849927,-0.727262269822
"166090",-0.614319521803243,-1.38350474526429,-1.31746240052598,2.36812921703019,-0.254664347339,1.44454780214263,-1.59051871449674,-0.145307584356536,-0.594226131479136,-1.79826868377958,0.473748742734435,0.21115103945736,-0.331777305054395,0.882673351342619,-0.497076550980347,0.271944811130249,-1.05240505401794,-0.49150461844908,-0.160448191746817,0.833470289749435,1.8222416147323,0.371405463256649,-0.397768363345698,-0.511984234333861,-1.46902623883451,-0.697084941695936,-0.377703957492825,1.05752864923205
"166091",-0.045881770861851,-0.106829301202425,0.57657853315407,-1.27242809269563,-0.535681971669376,-0.893084299818328,0.334580665422368,-1.20413886450665,-1.42973615436598,-1.26276331301716,-0.252699268871482,0.122331315219804,1.34704814173786,-0.965363120916616,0.883324381249727,0.252230765429623,1.28406104223807,0.637833371321768,-0.848449221202841,-0.382504627792865,0.251104831455858,0.69045536329535,-0.858818749850912,-0.938165502546342,1.18981420796972,-0.374974200505034,-0.237936285173014,0.0780345957991382
"166092",-1.31384125592253,0.46049717054132,-0.446695753867066,1.05881847466691,0.734085170817566,1.27139637480917,1.38513649571219,-0.0357030079849685,-0.809416066754636,-0.421139571094449,0.224586617438086,-1.05624232238633,0.304524008394977,-1.58798068545411,-0.762312931171424,-0.170295515315079,-0.24471793257898,-0.255201696680721,0.888735857796967,0.107904279206964,-0.0729506367779431,0.708404818384393,0.867816479433656,-0.395780979799606,0.803321907632538,0.54218713349449,0.335929064457803,-0.11855434642443
"166093",0.42344201157243,-1.28200627455613,-1.02275516401226,0.0339005050252522,-0.428233011540415,0.550993908235165,-0.557103172354541,0.456551709508309,0.947398765130598,-0.54298099197527,-0.0941142675222646,-0.315274609196874,-1.27458102711526,-0.586601304594213,-0.730983434869942,0.137318351672104,-0.377021068691898,0.717144906518032,0.0880779384462087,0.513852310533558,0.537515672155894,-0.387297090662639,0.521670467509094,0.66792406314539,-0.805204015874011,-0.456536649127615,-0.366880932382068,0.406220543250545
"166094",3.07255674737594,3.96029117832565,-1.0326614586471,-1.40483945437428,0.315002859778969,-0.969500347788474,0.396911045376213,-0.855618351717332,-0.80064093617277,2.18821772473189,-0.524563127137018,1.37935690141131,0.0120187532904248,-1.1850621671433,-1.03017362364419,-0.833936355518061,-3.25874668472118,-0.547174463898025,1.54899678210293,-1.67296732472378,2.08591122775529,-0.422516436775678,-1.61344652806257,0.967744425273295,-1.26586995513889,-0.857532846784948,-1.67538015640368,0.6695330539318
"166095",-2.26375623618747,0.551666099561135,-1.25797090564564,-0.813183955590734,1.76038258677432,-1.77709560569432,2.05177364265852,-2.98958804172977,0.814497146196057,-0.888718646361208,0.210941505073392,0.737043074041722,1.30103278429371,0.485601081142241,0.795060649647357,0.516961834811162,-0.387269852866674,-0.634329005172,0.453182701293077,-1.12400950001945,-0.491516531815807,-0.148483918033308,1.24832090991949,-0.0238113622197801,-0.196653581328088,-1.82020030743412,0.822400897360233,0.0424985630172763
"166096",-2.20034194617465,0.594184554649062,0.982569622856914,1.53306515377053,-0.893634898467417,0.468514420272167,0.823180536557312,0.506468049352644,0.777246580115368,1.68788774306331,0.329877463843531,0.756459200261168,0.506280891636179,-0.71101602449444,0.0671776188863361,0.179141673630072,-0.381554795082667,0.263959531557495,-0.263849979062378,0.152365514210708,-0.428350566668727,0.979407377063125,0.593948227472544,1.23659752305201,-0.721320865113297,1.23771537037564,0.17611854552666,-0.0140360908114928
"166097",-1.46841769454199,-0.38118124090317,0.24855413724928,-0.842410538160796,1.3552085777408,0.322748229146393,-1.22152593608141,0.523976215763059,0.657491829767351,0.986565266966452,0.0793350125905255,-0.582405617323624,0.299250518730766,0.622111036618707,-0.0261445735766796,0.0146823174360873,0.327971192082562,0.198164674409186,1.46138341752531,0.363800499417271,0.395869677165422,0.763641623166477,1.46847106154249,0.823999642817531,0.0111480905678772,-0.214488633550591,0.264129693167199,-1.84768740346442
"166098",-1.17963508833811,-0.345176495584637,1.11332489008315,0.878094927111389,-0.810118829023397,-0.589031685814655,0.278671896316539,-1.03422495567198,-0.0844545738557691,0.7661160146649,-0.702843011252305,0.829805975638435,1.14706689593922,-0.0960656491834727,0.84750336286169,-0.318767743330518,-0.845995726738924,0.169178627876429,-0.415576634311565,-0.178266089369578,-0.0872841796468236,0.273931591055415,-0.225130233214069,-0.913262635366398,-0.708971077973545,0.281353839867848,-1.31792693599263,-0.481547167705555
"166099",0.704842842826779,-1.79153490584694,1.98380848157147,-0.351873334508022,-2.16956356407207,-1.01215068340333,0.30372356313134,-2.00712450995592,-1.89812779825994,0.904032778912772,-0.765344667978961,0.0163857629834994,0.86824506553734,-0.64970756554286,-0.187535631768261,0.0570872441169639,-0.296794663308997,0.533886596531792,0.983116775611069,0.447243047300048,0.488805775007335,2.38071433625068,0.587300835114119,0.399491744945759,0.830965793948504,0.0445205694984702,-0.66455464616124,0.909861661137039
"166100",2.26294847036565,0.958690273731631,0.131374532065893,-0.728707177602967,-0.486531125213748,-1.11472862119549,1.02761185818668,-0.390142445637858,-0.654279489026554,0.0472154260886168,2.01094284537692,-0.50944433336627,0.50344196424598,1.40232451548772,-0.00918239896307897,-1.05356055050663,2.13825628308193,0.894464586945909,-1.1748108475865,0.164076928003582,1.38236017985307,1.60528464123279,-0.301540326648247,-0.333943895343396,0.491506232418835,-0.317429230229266,1.65485209986039,0.0506325798883903
"166101",0.674330956244906,1.74568221032021,-0.503092544553429,0.569346057386532,-1.34437440915626,-0.936575438019481,0.654380183169167,-2.02106403435023,0.16935395280148,-0.573549499654215,0.919744478267796,-0.636289459767802,-2.11139483801939,1.79606525224666,1.00449938055695,-1.26272276884805,0.820739204972362,0.164760208265777,-1.23954276626691,-1.0171611300758,1.04726420324033,-0.505254069436258,0.872264230565437,-0.195621342272096,0.384131993235599,0.94128442115279,1.57626933739928,-0.731458726687351
"166102",1.96466141228748,2.25106748784347,0.0592071675267326,0.0647076447337417,-0.139866601294357,-1.06685494680559,0.14082227801131,0.703709957801395,0.387379871937789,-1.368086753728,0.682350220603969,-0.200606742857488,0.88613043464856,0.329983863409137,-0.780622176682797,0.140674503457071,1.03450240304409,-0.55369685222491,0.0563613505742351,-0.286361164316433,-0.384324567447626,-0.391068077217793,2.09507567427837,0.102492777301333,-0.509393184241492,0.414429145839837,-0.0279383911116537,-0.339410615830371
"166103",-0.0752360790425517,-0.593880018140197,-0.868433771378887,-0.449975653561299,-1.52794440112702,0.020210466753026,-1.29530522882377,0.279190944459225,0.54288505613082,-0.894291015453764,-0.191439532971155,-0.965701178540785,-1.96995900523831,-0.616123132337993,-0.699985111895395,0.474595694576758,-0.36509709492496,0.884390741969052,-0.669210935355704,0.231703864422669,0.0925757625836243,-0.238998597855935,0.255115266139981,1.20469373718316,-0.655843734010894,-0.107635896475366,0.18811587218903,0.671795851334325
"166104",1.20027508021692,0.477264622808128,-2.69623801950661,-0.211682894117931,0.0773315212751035,0.0420714546593258,-0.41099058902709,-0.068113374806886,1.49151939261035,0.514306376385122,-0.490943116529665,1.13358562801921,-1.5197830744178,0.655568349818372,1.57861404173938,-1.68229452966651,-1.48481363737504,-1.1925631689314,-0.337490533663932,1.10627156484427,-2.56797833208295,1.91557942835948,0.343000085073985,-1.11241012998808,1.29901781015098,1.29096713649123,-1.82956533271421,-0.630144087178087
"166105",-2.0042457226162,0.758173584373282,0.462582697051894,1.02856701321075,-0.0832041629876508,-0.0160307090808115,-0.0522470531658032,-0.938017757146485,0.88743246325284,2.79452910485122,-0.0192070244673674,0.02881839652381,1.13625963678828,-1.31625983148941,0.421466542128951,0.0228940447564661,0.658317782194971,-0.691392969457475,-0.355798743392768,0.271396023231174,1.00194000383406,1.26578059232196,1.12907788774687,-0.214176643510355,-0.336782126494404,0.780717306892888,0.501478315373263,0.100357864552798
"166106",-0.0947829203568263,-1.05814432288085,-0.418567048125893,-1.19806903513302,0.937068254418068,-0.426228979375048,1.13394200846342,1.12177289160946,0.205623665074568,-0.996415446916687,0.413018423275732,0.185815504500126,0.472203737670438,-1.33288591778682,0.276318127863796,0.348962186016761,1.10963343483397,0.303086412463365,0.012020498086519,-0.653469376952092,-0.0701987501512228,0.618678452959982,-0.565835557925157,-0.818954706562274,0.257365952239942,-0.660017190932822,0.817762244113086,-0.363280585515387
"166107",0.156245457792321,1.29824077213713,-0.935260240888463,-2.48241796446935,-0.370339989904434,1.31200339884977,1.220713361607,-0.0892154818081754,1.5233249559617,0.60950663485393,-2.18581710619953,0.000556753858751535,-0.563114421718425,-1.1259439709117,-1.38422897766268,0.305218806431022,1.23731810193232,0.289493633080059,1.39728469335906,-3.921935947045,-1.38888571796734,1.24709401468766,-0.742467562974689,-0.650725799914635,-2.14905777622681,0.469093654658955,0.47888374997481,1.26665406248012
"166108",-3.08866613065291,-2.50660629851852,-0.53156189636411,-1.70246441672339,-1.96711342326767,-2.82583432664956,-1.80495888499198,3.21506590977163,0.152756402024617,1.70592430812645,1.50349677975581,-2.15181070139674,1.0003558373142,2.54322395529712,1.08303225692102,0.643050414569272,2.653505069439,0.432080840092529,1.21868542551096,1.57475435163582,-1.78071253049493,-0.330249555114578,-3.52576991992846,1.01517223999179,1.9709153194035,3.52005988994921,1.0217671330598,2.43145458321193
"166109",-0.817004368547844,0.891880702237329,-1.12209004343939,1.00015768012203,-0.411975069626483,0.292889708977775,-0.251712933801745,-0.105595358956744,-1.21865405988066,-1.1999090206652,0.619339587317878,-1.87311625309412,-0.43781317921132,-0.456949503563882,-0.414809084639571,0.797226327982477,0.298623541343964,0.0901082366969469,0.458862740394378,1.02434231201634,-0.00091659720582197,0.698613386607659,-0.142768078965744,0.52330473086101,-0.665750473898776,-0.266357122173936,0.0268357977687558,-0.204994131794981
"166110",-0.940304981471095,1.999157439363,0.904756914792563,0.181040625383907,0.683463046266068,-0.366893768627007,-1.15587549020954,1.46680971101621,-1.81521469364269,2.86759412598277,-0.485773230653263,-0.328765478414891,-1.18922012390363,0.395400406099317,-0.251419125643791,0.287961391113862,0.882717095428722,0.189619272208703,-1.84730941182337,0.16138532839137,1.91235300098964,0.289601228957928,0.714372475202098,-0.253565484445244,1.3656995596192,-1.16328973194759,0.313262528147318,-0.325172079384663
"166111",2.17736513448653,0.126893488206469,-1.16143567172624,1.71465001177806,1.11178843975786,0.439531474743861,-0.407955953954963,1.07534014731556,2.63897602849463,1.92626722259617,-1.21933460726142,0.0203911788062508,-1.68002972790357,1.1140976190018,0.0156605519373619,-1.25760053325342,0.847250598583856,1.45678106486348,1.49780434116064,-0.676329849428585,-0.513646255943615,2.02081150215267,-0.223274094300477,-0.128247783664806,-0.229074279030897,-2.02340275078328,0.191216132120054,0.936419542716597
"166112",0.890064524703466,-0.120624368665472,-0.93226114569411,-3.14655277637774,-0.658662055777422,-0.491894211197937,0.789499870994026,2.40450997289582,1.6509826642749,-0.262844035533732,-1.15190340903012,0.106233178399621,0.484967778212088,-0.675813258024665,0.268505786233415,0.587954874325796,-1.17553208576257,-0.078159130210353,1.00463148988441,-1.22692680385541,1.82820047813708,2.09253209357434,-0.114041573604166,-1.00105603177685,-2.4913081276159,0.289778479856358,0.506274856711463,-0.903531647509853
"166113",1.69225391762014,-0.458726747859078,0.353881560314711,0.41071408241474,-1.07301363884966,-0.692119016175059,-0.246993064030269,-0.619587163192562,-1.13129040863372,-0.647182543114753,-0.184015146729797,-0.70823970041906,0.0700135249638348,0.156104966959086,1.30505556637404,0.375971496978631,-1.22791043846146,0.584818880090897,0.802326528745373,0.645826675811525,-0.0627718522942628,-0.370131928253347,-0.803406896924503,-1.52074570331657,0.0343878610790565,-1.10272799887383,-1.03937093984447,-1.33808240269869
"166114",-0.305799221730057,0.701339930449026,1.62722677948758,-0.798079972386594,-1.42379264435906,2.30087118410617,0.194333309954165,0.869210645286022,0.0730288471510536,-0.748980865528158,-0.789034651779835,0.319259859619435,0.762787948393743,0.298894999409179,-0.0986106620206508,-1.37717275082717,-0.153976969002782,0.36537629238487,-0.0229219761968422,0.276573350280273,-0.291529190259164,-0.676754615755374,-0.834922397049285,1.01974624088892,0.270693984784114,-0.529701833410143,1.05093163616057,0.0496186046368015
"166115",-1.44157406397082,1.67320797815985,-0.536221170678236,-0.314610545286344,0.59396809121149,-1.24273494023852,-0.431293569179123,1.08279380880989,-2.88738908928603,1.14984426883296,-0.213918260717928,0.286297686584069,-1.22088874534767,0.274309395171752,-0.398975166850131,0.176278507682872,0.751435455346504,0.568124216119671,-1.72000605450118,-0.553398278766984,0.285884673413536,-0.799294710398279,0.831916623743603,0.169320496099598,0.820733630277621,-0.726782137942636,-0.399280441217589,0.117184062972476
"166116",2.41029379392897,1.81316886698156,1.02092614899224,2.09497434968134,-1.10099785053018,-0.520679330609103,0.124149312912429,1.6341143837831,0.346491383969892,-1.29747953707361,0.214779664228167,-0.0876333195839682,-0.159501497247595,0.0707211648824916,-0.273280268796328,-0.911756515208491,-0.790709439358729,-1.1146401361908,0.613836111837957,0.167393390360845,0.365293141872195,-0.782805044461619,1.59952519560293,-0.399800838208695,0.225140651457032,0.536247652356266,-0.0347616683962621,-0.134962819714504
"166117",-1.38218658283252,-0.354692827599396,0.0480870604185462,-1.38264347001912,0.547528979608914,0.382693880669233,0.295960847635352,0.760456095999972,-0.753346432815211,-0.57237020745868,1.29775881127674,0.0923316200956137,-0.566160966038249,0.497292536689469,-1.27474866216945,-1.13064404489405,0.834741325972419,-0.0125313858650338,-0.234078651675149,-0.165033149453064,-0.703653146358685,-0.764434679365001,-0.168704703318423,0.181672942212149,-0.635616986257493,0.37183604282421,-1.02330732982304,-0.0547199615838118
"166118",1.82443109495867,2.62678672427262,1.12942082722544,0.937245421602246,-0.343803258491957,-1.51784855683467,-2.39368786748258,-1.67288217998769,-1.04269251656962,1.33131024850752,0.617796087279687,1.96237440285255,-1.37448835084144,-0.460259408994223,-0.791260443602103,0.316097712533716,0.177660592404414,1.5611272037169,1.03804332680015,0.307700812642551,-1.48628987459531,-0.213023082527655,-0.763004696485254,-0.133285148171226,0.0589568938470107,-1.20720055165663,0.12859948003211,0.733590969120773
"166119",-0.554436398078552,1.09396037777717,1.00593397758119,-1.09118917263158,-0.290375485076993,2.11369388819966,-0.972381484895395,-0.363899314432574,1.02284275810905,1.0907228379971,-0.62074551875728,-0.0027921648589877,1.78665987640482,0.450197573781695,0.831185041878947,-0.858374127527616,0.768225829757915,-0.645580802556142,0.0336128775408177,0.43359334794121,0.650002942293182,-0.919349076697662,-0.125682582143908,-0.275057628539981,0.00640704617071311,-0.834342020162456,0.419710051781088,-0.665392980599542
"166120",0.598935036825182,1.60419650416835,-1.26513906070604,-2.0982373375039,0.239145210736053,-0.884632449348626,0.876821120505443,3.06644450763172,-1.45289616160503,2.88812967808936,-1.26512203494913,0.655997656542961,-0.230366982768406,0.709517422693766,-0.407866025070253,0.308866142563016,-1.16853807345158,0.67242259451356,0.438783657746273,-1.11915543408831,2.35866773089198,0.908467088912907,0.596401377027015,-1.91785626471327,-1.50711634034924,0.2782383357904,1.27288820057968,0.52567382889645
"166121",-0.169726623056073,0.818487766369876,1.0972053632752,0.154709555882593,0.647450812889301,0.369327541874088,-0.728039633514289,0.470764932006645,0.816059293825005,-1.02781187061331,-0.713608398088186,0.361760211502145,-1.45650061601538,-0.192083800256164,-0.309686863814983,0.222381370558929,-0.551074878138732,-0.089327771899618,-0.253260930230969,-1.14468805108061,-2.69549475889155,0.317403544177594,-0.287905614742537,0.542989560639252,-0.313986504259022,-0.182283120241372,1.08967583367464,-0.324887531904299
"166122",1.62126741095391,-2.66626318743593,-0.298706404149444,1.48761610305185,-0.89626756177342,-1.40255365148197,0.234865012513465,-2.22427703430796,-1.60598349966159,0.642403930468587,-0.719741441002962,0.948910127950008,0.735859127874492,0.315286518367218,-0.999740995568882,0.0578149632055614,-0.0425641108996797,-1.23266555576873,-0.253420365675489,0.366878554967987,0.122514708779981,0.472984748361337,0.368813913060087,0.60697279278243,-0.80267003161036,-0.358421032988485,-0.0771375773916093,-0.565371751302364
"166123",2.43414143542609,-0.808139052015405,0.326430514303104,-0.277584528090151,1.4380017956575,0.335633681405676,-0.249953690559094,-0.44044995868436,0.630834790130037,0.0770558444182027,-0.179959935740248,-1.01630883383726,1.61687578802743,0.124123585549135,-0.396521313240847,-0.231080694988473,-0.686408897527004,1.02464324284602,-0.536205295211724,0.482543942198527,-0.200521370874852,-0.0625897648989481,0.664916839305064,0.315425765368528,0.135532770453681,0.169982197841453,-0.0235560997719936,0.361165160378266
"166124",-0.0701341371743317,-0.637140516355235,1.14279856800804,-0.979030660783713,-0.923515340557583,-1.12318035114781,-0.497315062221415,0.548919091932191,0.121194800367361,-1.26004613212221,-0.184440558299415,0.190381604601147,-0.273708959711332,-0.325184026713353,0.772020303208753,0.489002112151325,-0.742552578099572,0.0493532221160108,-0.822859097673419,-0.318830593107758,-0.16992633411587,0.98264717211454,-0.225075343526878,0.688059850150182,0.532775636695044,-0.269257267080478,0.709031461067631,-1.12674634539336
"166125",1.28748549395544,-1.35610537052156,0.0329703848234441,2.04913557330252,1.38432261265424,0.496144376766196,0.805684506299139,0.798038138617409,0.707082043092795,0.447415949135216,-0.281931625912943,0.678660150201704,0.291447378449096,0.568505668522273,0.477011029165878,0.935949769895741,1.01493242121168,-0.338159822370696,-0.217031948665442,0.00497115339520301,-0.739964283325654,-1.27195203504705,-0.801178058914322,0.166470807102956,-0.942795898353712,-0.0659523562151508,0.813002038764373,-1.03654118110703
"166126",0.304094153536832,-0.790732255467651,0.733560858405831,-1.13179117020824,1.94334351710333,0.0449397983489531,0.61313649904613,1.96679947793608,1.3865710529626,-0.269979539394905,-0.0512626495696272,-0.318716007567894,-1.35307707225289,-1.97548282965363,0.346295010032945,0.98936503685536,-0.14436348260607,0.240320362095256,0.876009964635631,-0.385855431729764,0.396491402223946,0.309214989894649,0.378589170017064,-0.588741118480857,-0.0525368547865629,-0.433649553032272,0.0578155363505051,-1.0189264974882
"166127",0.371954643279097,-0.721007535020123,-0.422038866201346,-0.587149073035659,-0.538012095583314,-1.36161539915664,-1.16672198638474,-1.19464377576889,-1.09172655718226,-1.14696736266575,-0.698020780259757,0.2273440968104,-0.400075644504791,0.22992356167998,-0.693673149908868,-1.34935513253703,-0.108293410934505,1.02487621475811,0.82643333728697,0.641861167135838,0.242187419659824,-0.791062471098449,0.243538645223421,0.456207616092323,-0.0119787837027318,0.228525783461424,-0.527921711178979,-1.62036908668888
"166128",-0.0100562652188012,-1.06519098451532,-0.356702796200179,-0.924245458457656,1.87591015102334,-0.669962616296329,0.77381059643731,-0.73988226628942,-0.366114568167525,-1.34446671098732,-0.276561024239876,-0.711485479244473,-0.154169935225634,-0.437340527929073,0.309879389154181,1.16556718533834,1.0804478049662,0.434471340821651,1.44056190369497,0.159975349513413,0.668527738250132,1.08005164234431,0.655736185480406,-1.43924961832855,-0.00659197387569461,0.701208357461767,2.54001940271575,1.18891764226562
"166129",0.836511463647233,1.07596133005676,-2.86219736550712,-0.655262267024825,0.386845154675195,1.00907650563068,-1.03862008948106,0.217808450009239,-0.200978829033087,-0.216720957942817,-0.0790681075790589,-0.826891954948407,-1.91305651574927,0.370377499796295,0.330113149128384,-0.891938730575526,-0.630877885482612,-0.946897808677632,-0.155539452705879,1.8267745511809,-2.66421941356738,3.50012218655707,0.570904919692548,-0.394832711323328,0.488884908577148,1.26185307752623,-1.69517736762745,0.287064756985299
"166130",-1.82735244363419,-1.01738115689326,0.479147347705238,0.314730582976946,0.820852166671305,0.0939957021733709,-0.996932156974791,0.999710441829648,-0.179388606346852,-1.02703936932047,0.0791273013738209,0.78858597420774,-0.231049881877853,0.887513738904137,-0.18918657537921,-0.731770424415269,-0.486450473065783,0.213409106216782,0.939423811701015,0.546081149324009,0.227819123756884,0.485932356536486,0.393650463105641,1.58446507019792,-0.527450889213753,0.645882237238933,0.710100791274395,-0.778545117465393
"166131",-1.02781151131626,1.19020211783176,-0.731072216418307,0.11336830965296,2.09077462229257,-1.17357236820299,0.164644601088356,-0.255131607223841,-3.15739930184255,1.18565269231427,-0.693170628113344,0.158914622718498,-1.45626868098378,0.442288751095801,-0.107296898366773,0.177705554052255,0.883654280478762,0.510433546470573,-0.281484196524001,-0.027601624368969,1.01846946601388,-0.899631532651064,1.68500521594646,-0.824694376771013,0.479456549223614,-0.124372515095387,0.856031670915891,1.50062439301308
"166132",-2.26981992549603,-0.384815346291264,-0.723123600114881,-0.26770030222513,-0.329370301213575,-0.604963327734534,-0.218037236727735,-3.8760560860596,0.498239935444033,-2.17558924887069,-1.49769015497299,0.503076359814223,-0.0442658078618408,2.05346104734326,1.13017725930664,1.54868106202462,0.24159838279195,0.890988991891324,0.2145789808185,-0.560264116022422,1.3711457055858,-0.0564409708710232,2.22846583049794,0.361061118882822,1.09486478227915,0.811076522148491,1.02884474961718,2.1370432721991
"166133",-2.22601169026604,-0.244787506904648,-1.13360662162604,-0.527644886293145,-0.0617989455921752,-0.226689768416408,1.41335529916865,1.94800550960102,-2.10713761545916,0.906301912967871,-1.35283171960592,-1.55293235921063,-0.523412237647865,0.957964799711354,0.176595576034446,0.340861383873776,0.698191066304367,0.181630839624385,-2.09229780713337,-0.960718429709591,-0.927506483875079,-0.479536867085425,0.494080173383143,-0.393629426560768,-0.79702314906678,0.132848831087675,-0.628727336729431,-0.092330909424738
"166134",0.716629350131445,-0.935552202872551,-2.13276033029037,0.417801184211555,0.280363819150034,2.02399340163636,-0.914761377765618,0.800137974508444,0.851556479851728,0.471288173263418,1.51568145876026,-0.555755574548525,0.0802275401270213,-0.399246183784085,-0.712643936552447,0.128714263208547,-1.57095215450393,0.58378398941014,-1.26887825068377,-0.523795705525346,-0.597250205842685,-1.09199040221143,1.20087538533522,0.424602762612248,-0.390782710753675,0.739317262738736,0.637533155990782,1.60060623190104
"166135",1.36343797322997,0.801763455083273,-1.6254978053925,0.0106631470794314,0.459616414783732,-0.148901074293219,1.07415056574861,-1.286171492197,-1.80037721815629,0.371836327021031,0.292394233997477,0.210068483076626,0.71010513302461,-0.159596835633941,0.324238155887578,0.655570746793042,0.304946178760163,-0.248400946722509,-0.0672974625872814,-0.447870280658109,0.120664245296075,-0.805071629839714,-1.58508463526938,1.19180659269596,0.463518723392158,1.5699276932893,-0.506083972736374,0.578937073459966
"166136",-2.16656791142512,-0.655775252251416,0.360923869678492,-0.604498934947258,1.42383468743577,-0.747705631507825,-1.57335942522253,1.51235626525737,0.00257988012001013,-0.780591021033234,0.147548227243053,-0.0623211934104462,-0.292777442212979,0.382951191249847,-0.273895933063639,0.104669503320853,-0.739477435681814,0.157195870558142,1.11025682341234,0.0957144817582985,0.174796837952187,0.463044289845272,-0.0235936623704773,0.907465304074564,-0.274223902909013,-0.141665522363802,-0.233044786333035,-0.849059300921007
"166137",2.38766328255645,-0.600364976434587,0.252506550751427,-0.409407017409151,1.28271259522664,0.0929652469864772,-0.145828168456745,-0.417432596779666,0.71604302300808,0.147096667481624,-0.115086609490564,-0.886568743475023,1.33228880733365,-0.226511674412107,-0.161916698246188,-0.412016458261628,-0.604859305765838,1.02947730555282,-0.857841028300882,0.452900694986457,-0.153354907539797,-0.401811090767863,0.289868084285701,-0.00731068279660158,0.188691578053404,0.332579040886431,0.348662415715802,0.5280831091576
"166138",0.0111116827955404,0.00835208884374061,0.641018740226744,-0.299780510863407,1.08365072320816,0.639887021848397,0.776674926205149,-0.384637481933985,-0.836607967670582,-1.20214289918615,-0.395673391711016,-0.0976188224368143,1.09324311298547,-1.04647232824249,0.102247193844576,0.117433834016897,0.952964940601833,0.659262086789327,-0.190162259245413,-0.211392273070474,0.347775567653944,0.642207893096019,-0.118538453993651,-1.30203946759115,0.214100650437921,-0.217947190194971,-0.484320743898152,-0.359669207813521
"166139",2.72744954217232,1.57301896673433,-2.23363843665192,-2.14974587107306,0.134186487730614,0.37524797856831,0.338711551282513,0.717689134629863,-0.016333878772708,-0.182808982984092,-1.45610335816827,-0.317162304730047,0.549875668030186,0.0416269996983141,-0.0590690744627423,0.54670371526926,-1.57754969766307,-1.08570582436779,0.433750919343859,-1.79513013880531,1.7535700292636,0.21007650717941,-1.8192846530049,0.939593984765331,-1.44241249617456,2.53884462760627,0.185323985951302,-0.359933892972614
"166140",-0.0212827883060527,-0.408247852644993,-1.03447359031705,0.367610123338952,-0.737301712878372,1.2195200341121,-1.75990448308802,0.249890383458274,0.294531494813379,1.42979505296784,0.815532038421775,-2.05517840311327,0.231853296391863,0.486658327061914,-0.028868295508968,1.43012816984858,-0.870193443787087,0.0867467716575461,0.580091733472671,0.283361745267287,0.341907000666864,0.549141175791257,0.267481026903966,-0.825842290821395,-0.568385830483909,-2.10264189374875,-1.04954684041474,-0.164761144919681
"166141",0.178018312379349,0.0436769150363355,0.793900890755816,0.467859898866305,1.32268639086173,-0.0758223235554435,-0.485718926956813,-0.049591099019573,0.693767124043396,-0.659538370271176,-0.556518073140583,1.17241611426655,-0.578121213361023,-0.151222187172419,0.219323534985442,-0.117966147173429,-0.471567569065317,-0.50241587861514,0.158806129664589,-1.14619831429992,-2.35133587502012,0.0553332134997575,-0.561088881204822,-0.416768156411752,-0.349641293955808,-0.273672420539584,1.43668822648381,0.335219190525097
"166142",0.283728066711563,-0.474307079487743,-1.77400559941609,-0.116893510765059,-0.88032825101399,1.4750569022986,-0.784733386909363,0.619496947584126,1.08102186294032,1.10673192313125,0.839939172927322,-1.10716766919386,-1.19878933115309,-1.11828029941721,0.140445967751832,0.941807047192,0.783941922601278,0.347745021340963,0.123686401134584,0.299522685368619,1.42183157311212,-0.353745348418979,0.364994175769302,-0.950261540733286,0.0476464608326904,-1.09577835174449,-0.535628089834993,-0.353305015700482
"166143",2.15345437388432,1.94383797431093,0.950894081415136,1.00145179953389,-0.519741121863169,-0.967539034617201,-0.0578694859517833,1.94140811779443,0.371913500938242,-0.66455952838388,1.13878349980001,-0.0670821353667384,0.48229295822721,0.279975794773071,0.378516303881128,0.662216457496937,-0.388370975596618,-0.962683854587468,0.866268511569293,-0.16352440265341,0.478514933207601,-0.454099156280606,0.874861331090205,-0.894180596392999,0.375401311757019,-0.582355627854503,-0.83897180599674,-0.185707472670762
"166144",1.36831439389164,-2.20200232615788,-0.390188575402275,1.65544155213958,-0.746133005077812,-0.788402536336472,0.427644685633282,-0.391028123510378,-0.559749192409189,1.31661806341556,-0.301330952476799,0.938950309856465,0.570653823703573,0.115580388844034,-0.69366242599031,0.446240216137737,0.235784929009343,-0.686279908314208,-0.366197801475275,0.127363380423293,-0.608044512431166,-0.13829064488243,0.0458712332394134,0.470718753772108,-1.03785605948159,0.148216704619957,-0.0750244406073419,-1.17124384084836
"166145",1.79809242667425,-1.37114884709222,0.314861624246227,1.65683707688607,0.755072370441626,0.635233928793631,0.742462959065236,0.373026890040871,0.0475938419567411,-0.388053613980772,-0.500355353894291,0.751361199462861,-0.0180523387927831,0.0215569802222101,-0.443390247939641,0.353530943827898,0.689108017383119,-0.578146552877344,-0.794365908130409,0.106753405503601,-0.201956742043303,-0.652982011232382,-0.349474796747549,0.909934611208552,-0.599981267633151,-0.777351990076291,-0.0568309176021551,-1.76072986587177
"166146",-2.21702148918159,0.0361175363107526,0.192813411645794,0.130787242727876,-0.119583256404269,-2.11738278032868,0.0122819246771977,-0.303641889638763,1.23418623630794,-0.24621736391632,-0.216690768804089,0.16050426326005,0.244378995808669,-0.194063523279763,1.12573667894118,-0.35301240721272,-1.74584883391295,-1.16868085782806,-0.489882270427441,-0.511493531443356,-1.06472403184152,-0.0215734017179361,0.202589028253955,1.646110429627,0.131024287429293,-0.45530755524507,1.12598485118998,-0.16755066402804
"166147",1.33764594833281,1.09455832813314,0.430383082560226,0.235555226345703,-0.474880547987435,-0.889464628185465,-1.44000609542037,-1.2278942361133,-0.207308024624292,-1.34356551233165,-1.06646149910363,0.329355046861094,-1.29078729738886,-0.114532556799926,0.369079278334223,0.141278782572619,0.945986354073403,0.688517389812916,-0.573063995698991,-0.279271427393716,-1.75401508128094,-0.645412936145887,-1.61541575287538,-0.667061645615368,-0.292528048518716,0.0313413075265385,0.867795514994161,0.358054226992111
"166148",1.25552254653402,1.98339286908022,-0.125485248027938,-0.159996525634026,0.366915610833576,0.120624513699737,1.11155310622786,0.096361753580793,0.275629256519072,-0.397867924602544,1.64136234449566,-0.681744732987843,-0.263568918826506,1.32715441680535,-0.101132179122762,-1.25790226210603,1.78893828368493,0.797822525141703,-1.6271582436621,-0.487772696189464,0.643984377064501,0.616072584239785,0.66264408471573,0.468773630490851,-0.82395479988882,-0.727837245996799,0.0204015897671474,-1.33553502441929
"166149",2.53617474438656,-0.777297462141454,0.205873302137786,-0.211378950155457,1.4580289096746,0.424418560461479,-0.107172019185845,0.202738687968041,0.901380544614498,0.213886029304844,0.0532077404420937,-0.636095022381429,1.56573545624226,-0.330638291110158,-0.346700263000954,-0.418215722042856,-0.45580318426999,1.06677690793681,-0.867188269745467,0.386821041660335,-0.11045308097479,-0.325927522561773,0.262674083836011,-0.0907327668309785,0.175876562269757,0.407983464000048,0.249685072777202,0.273773561588617
"166150",-1.03188884155201,-0.665493096172533,-0.254376017022236,-1.64172623649578,1.20971309593738,0.0579265280304546,1.32823363001453,0.332974298747074,-0.543157001582479,0.288545319493504,1.33733465751383,0.0249994441579109,-0.426926655067764,0.514209609053781,-0.723920891970742,-0.882065137839754,1.0958662610603,0.431564124161453,0.840475638161685,-0.415384213367573,-1.0466793792518,-1.23030899811581,-0.205033589606459,-0.954815178865146,-0.385121243186185,0.620898076231741,0.313342763918799,0.909549322156583
"166151",-1.27094765468661,-0.213992498373186,0.827136597944977,-0.0456946950003749,0.870841843683913,0.016898287242864,-1.93656245632854,-0.414686657060658,-0.514367875965956,1.26529972409987,-0.979495563642154,-0.925333965602066,0.944273089837826,-0.772231918687362,-0.389499080215116,-1.7048029187611,0.154926813200925,-0.224871451425148,0.697561476912576,-0.00141952684149611,0.279375218761596,0.1110205860064,0.663549618787928,-0.2010430235101,0.569548433678648,0.301779150172728,-0.656626800003629,-0.941653272804671
"166152",-0.642867355332181,1.81437860543889,0.879428052009489,0.0600849186269173,1.04895900289407,-0.182035765491661,-1.54707296156992,0.866294835217076,-1.97784611999449,3.32520593099523,-0.288675220223835,-0.209855667989198,-1.11131475470605,0.753742207577515,0.265302793612711,0.901838415603734,0.703955729320903,0.108416536548154,-1.14015502378473,0.153507280256457,1.4233977361578,0.177718848377197,1.95294247236952,0.262238988839408,0.771995321305749,-0.972675888228131,-0.22529333567546,-0.56133988853119
"166153",-1.59621913868503,1.22184255452417,0.189375915193226,-0.127610720288415,1.0088370954038,-2.20493853714185,-1.58349024496545,1.07487782641612,-2.1616690098291,1.4504064251797,-0.73446911359415,0.228587165816515,-1.53009042007369,0.53372682019049,-0.303833151423816,0.600794143106737,-0.455575156358158,-0.104069156441344,-1.45536136928259,-0.559573465909744,1.13728212383801,-0.689335683644148,0.473191915069198,-0.27656685247595,1.28552208742027,-0.674410940591289,-0.685366240777141,0.0153480707450469
"166154",-2.12914545499127,0.512538188453958,0.907713624557206,1.43407667161959,-0.702151355604424,0.0415906899384246,1.39217450666635,-0.0842469152170217,0.874879615718741,1.4245689498662,-0.366145858650152,0.244437559299206,0.32188360859849,-0.85917136518787,-0.350644000838665,-0.528011447306247,-0.905053120703412,0.158939649656714,0.0552862599232171,0.507217241746834,-0.054293763898168,0.8118183159698,0.610924007710551,0.816120261271824,-0.232311133429326,0.932083750866301,0.0471302747276016,-0.0212252400057802
"166155",-2.11444024899678,1.00574307821332,0.0881541604967764,0.224146055254992,0.945230882241088,-0.129752434555354,1.22241718956269,-1.23927428227808,0.160656150164034,-0.501001456344849,-0.373093180002514,-0.770588623585216,0.955766771820615,-0.464086718846099,-0.0549085692050832,0.268404236263922,0.600509321531451,0.182686726212792,0.277156348422796,0.0723806851588897,-0.155140504868434,0.589922826062939,0.467125027475707,0.460893320000019,0.528700738367511,0.11857364444129,0.458621143747722,0.622828392299513
"166156",-0.488471068584095,1.03885446365458,-1.29478841699559,0.401894437518021,-0.849796552685529,-0.152103671412032,0.469666482137071,-0.127419562002511,-0.745065630400424,-1.31292426525963,0.421842251837464,-1.56419162905848,-0.691668568530086,-0.856291438017181,-0.117048491456286,0.597339012994715,0.610732538546427,0.495916364905079,0.414018168459945,1.07847780278359,0.299740850053911,0.167640285908859,-0.060923100147061,0.398149357567073,0.164680515980535,-0.406552134147008,-0.297676803539821,-0.636784705556867
"166157",2.60979862574078,2.54981560006185,-1.42159610914493,-1.91065568719106,-3.31958956673271,-1.64929683180381,0.129868639803033,1.12006048233398,0.59220435676741,-0.493786054190521,-0.172966011582342,0.0928362944897076,1.00815615295609,0.815809501878022,0.382749120045038,0.265308962260282,-1.10640974150387,-1.51363110148328,1.12562819189935,-1.66009736454121,1.24363991041268,0.598989080678746,1.65462445329332,-0.448562188283039,-2.27621092927723,0.694219764412727,-0.516863065053747,-0.387279385259737
"166158",-0.817083560559519,-0.0592368777186909,1.40029386301974,0.680916290663954,-1.19122508343918,-0.193179527057845,0.455549068175225,-0.222227251919771,-0.264864693385355,0.62815993545621,-0.514517694456717,0.670256913111105,0.507804176118383,-0.700200430811628,0.530051528619096,-0.189754897145926,-0.416032334426515,0.656799486193714,-0.691940823528339,-0.070395353897529,0.135777124646445,0.661137249958502,-0.476055227781859,-0.924391631857892,-0.444796870505406,0.674982252781118,-0.409947714426656,-0.222791922148088
"166159",-2.03651013112362,-0.38198852680326,-0.914073849537034,-0.323209720054895,0.224998124480377,-0.0435806453366703,1.80553834556703,2.10694308348953,-2.14738457751829,0.732107719326954,-1.72503800733452,-1.9901325738217,-0.337694686773691,0.967280600863934,-0.460453213301617,-0.0735937230675932,0.24077277929107,0.207233361562061,-1.76148182971182,-0.762314960968778,-0.771813770833566,-0.158448353447287,0.484389067660995,-0.540425868951828,-0.589321985841904,-0.393511285520922,-0.879237007382117,-0.149886636434188
"166160",2.26366612650645,-2.10127543738529,-1.90331474163634,1.01620312705379,-0.512765727289558,-1.315349598595,0.511205905752184,-1.11715025012196,0.975530292911117,1.42707482284839,-1.15035435950661,0.590336038104718,-0.663096425468709,1.34084123605254,-0.268454981679981,-1.46574563894922,0.157090440220696,-0.619254055880718,-0.73818147827269,-0.768183432101567,1.33151107944349,2.08613617448384,0.65172832607002,1.78199171630113,0.99578779287372,-2.89565749037805,-0.0162278170034669,-1.04821984134228
"166161",2.20880250874749,2.10999801713091,1.59155820597775,0.97396300893102,-0.544041422743598,-1.00812325896942,0.45919120076941,1.21955589574651,1.47314111889307,-0.474079793418005,0.218242319331808,-0.0516761956905111,0.496520183650511,1.11720421721558,-0.206058758636275,0.151872976957866,0.062957288652042,-0.18775719584344,0.682992919694173,-0.0206545172265238,-0.33276184593647,-0.470716460276269,1.56651521556942,0.295218273658825,-0.101483208784003,0.491419732478907,0.692935857555753,0.13420228243933
"166162",-1.92681821816111,-0.361615869693383,-0.231924651177137,0.357206045197377,-0.79437397724864,-0.0672163272345106,-1.04402707076866,-0.681726264151359,1.76352670555962,-0.844740423212938,-0.705344076955565,0.875108830514235,-0.454996617136768,-0.18151817314549,-0.164968955244913,0.112340740280366,-0.580388760071037,0.0647383095459799,-1.07651520913964,-0.621747410665309,0.828797529340109,-0.770285830370509,0.777210054186765,0.291852498542495,0.583157140853676,0.774437961606364,-0.833371035559311,0.762604275191845
"166163",-2.60106502363869,0.448604571316224,-1.30998623849457,0.583804376879434,0.237374147461001,0.462485062096802,0.309049724457902,1.77275742977238,-2.36998241317309,-1.92324043926788,-1.55298407647087,-1.6320259597549,-1.15710761688272,1.71752510274044,0.901221139726689,0.880553863285432,1.32688765322393,-0.339001174317196,-2.44961043415267,-1.04887047591624,0.503241759662567,-1.01343754398459,-0.0941720302948269,-0.937756034135013,0.507941159155823,0.451193059420197,-0.280235977757031,0.0461767266170818
"166164",-2.07933510128871,1.74716888141301,0.696094976077045,0.211558181606079,0.125010359847086,0.309657304415396,1.39039951990764,0.39076138995936,0.0214208563689705,-0.897044215594091,-0.102408214217057,-0.812296825894535,0.384182755763413,-1.42956986185037,-0.295228328712372,-0.4492352046826,0.476892490032854,0.376591040674654,-1.11220199572114,0.481991501636377,0.161932793604411,0.810888098055085,-0.86851365682049,0.642725860167217,0.674773533562783,-0.346896001274871,0.513863411856629,0.296610679922485
"166165",-1.37006985169993,0.876705407332706,1.13965169464401,2.28359213218646,0.635976574854941,1.77828018407161,2.22463685449012,0.650853398670957,0.697433363860314,-0.0298953943385714,-0.338833400426346,-0.406085284939596,-0.507785990177056,-0.874875247288279,0.486763206965991,-0.279597335233242,-0.664320781505141,0.329738951773597,1.22242455823116,0.659473365218226,0.628760184012321,0.142604278830039,0.266109780485468,-0.102978170780753,0.940530348126658,0.397432795533077,0.744789052185653,0.39643724758477
"166166",-1.24615933005557,-0.339207593935481,0.351320511799697,0.2192090661702,-0.785575784850527,1.31580883502459,0.309021346658368,1.05186508341988,1.21058944126503,-0.713581826735802,-0.0850586456986355,0.722422287232914,-0.214154924133348,-0.53581995722396,-0.566071069729196,0.278094257757717,-0.118500602516497,1.06045063663727,-1.05328763305189,-0.803136892009305,0.588816536887911,0.304992891824404,0.0258559332322633,0.31112253959772,0.849430846761972,-0.0937015061812956,0.325433632780033,1.03036524727993
"166167",1.14385268997103,-1.08438144944237,2.58751446486992,-0.86587368319164,-0.117755930979477,0.296272721090913,1.13891629000654,0.0879037344560562,0.158101938296607,0.301684695151205,0.687230627337179,-0.1198636728439,-0.647609788950456,0.59202764797543,0.168397113135107,0.192951248643224,-0.405255824364356,-0.361832154242392,0.0152019764007789,0.352691484673845,-0.0879006954161663,0.408185232294524,-0.41409701575748,-0.242725641167572,-0.105032851051278,-0.546234998335167,-0.698591090917252,0.691072248919961
"166168",-0.384421746523412,0.722421561221582,-1.21938461224606,1.11232928088871,-0.122616124617495,0.298715407037974,0.656870515236354,0.0490036595066001,-0.967790013682186,-1.53783585643552,0.653394410256158,-0.903179881040628,0.0462663111691634,-0.600995142553006,-0.0762238319863053,0.316729685160256,0.644271906032166,0.223483467363428,0.335043471192612,1.4079321594791,1.01013714741196,0.501456943827942,-0.53575681946873,-0.191791321520412,-0.17636061779606,-0.697664781311038,-0.0722605093586851,-0.367259066093631
"166169",-0.106753115648514,-1.32324849689035,0.555510320193476,-1.13555658305752,0.915639163150067,-1.26435797088011,-0.373969598950235,1.31556778219894,0.860239633441384,-0.760820511348598,0.0495159994899001,0.29834846635268,-0.240844664411352,-1.3886215824537,0.519449869668716,0.890888059507396,0.117555871518071,-0.349854255171903,0.0122938219966375,-0.543390619472771,0.866787119604489,0.756905343677631,-0.715000500072078,-0.626013051400632,0.615708776291574,-0.566456853779176,0.0692133155953228,-0.586256792984686
"166170",-2.12759577224972,-0.567875036902801,0.430626498495718,0.398012158326543,-1.14597112693051,-0.384125944800039,-0.260874823120794,0.0455084566514144,-0.95355925933601,1.07720867706819,-0.490152560968052,0.418077952803098,0.531045440715437,0.0142388324262497,-1.13591740334697,-1.42323554048779,-0.727735374868135,1.14658613504671,0.755451293145408,-0.195093084716358,-0.764891581804211,0.272697990148161,0.282510684673107,0.176337428348385,-0.036473831495194,1.59765845858748,-0.180061319875851,-0.615873960318736
"166171",1.91171897206644,1.44046114608488,-0.729991137093095,-0.406695158100287,0.759581642486315,0.32520342552098,0.360765038643846,-0.71823333190267,-1.78283626540539,-1.6591620840688,-0.0910029745024132,-0.329507665579977,0.24775484077549,-0.188664460244698,0.418205560580464,0.666022398188131,0.627722804390253,-0.267521981404942,-0.825127243475703,-0.379143377447628,0.496024882328377,-0.785681119457236,-2.03134636960911,2.24641195064796,1.58302430136772,0.829020522182527,-0.647880763624267,0.0967574449019557
"166172",0.801048436254877,-1.10699542164582,2.61939719373352,-0.913585399811104,-0.131569242404588,0.258121162986577,1.1870550336162,-0.303104265665285,0.380927740977512,0.434257148964993,0.380327680166332,-0.636562296952291,-0.751238860194578,0.904713350098438,0.0321332744805526,0.344469654285508,-0.452897510609433,-0.345740302342434,0.484657233459736,0.158653339874594,-0.48218967578949,0.349826407710879,-0.0838712552436676,0.333721812901815,-0.123778038798166,-0.895785621396054,-1.35024046016169,0.732526681425054
"166173",2.46432095174959,2.51945179187971,0.142166578248734,1.31027920715467,2.60332049038362,-0.267185350490596,-0.206253691199677,-1.19547533239926,-2.43095876948391,1.93207199217531,0.847872353810629,0.32342516711291,0.275540452987734,-1.11063497854977,-1.07701232671144,-0.498574386305004,-1.66263086715895,-0.149542267646213,2.02647278757051,0.189429179757444,0.00409765186707572,-1.09020129449929,-1.11460664287284,1.89045483444396,0.944376807191778,-1.19196784572557,-1.88750590353397,1.36240942056104
"166174",-0.943954584245655,-0.634824493517394,-0.18386863431686,0.640520933979246,-1.77706580593183,2.2529815207082,0.190681270666417,1.13804547100468,-0.557300474756826,-1.25140835940886,0.67171204613832,0.706916557206496,-0.793572123366406,-1.05267925062057,-0.497033529746232,0.190823292285653,-0.55287020149389,0.560190600313121,-1.14455533702553,-0.756776815499911,0.915865375317067,0.75238107764771,0.0575963606572668,0.0425291576430685,1.19485316278944,0.0447135110736135,0.574475319610112,0.709736809852076
"166175",1.9212009541007,1.7524416399202,-0.243032266927683,1.51532112443371,-0.547817517548276,-0.460182197342233,-0.0903427468146449,1.86562506510026,-0.465743707854365,-1.30947284441252,0.888198457596521,-0.599202159871988,0.686384561675798,-0.41464267382646,-0.519382447708415,-0.364391549935297,0.62373434803856,-1.10282759871812,0.734633021455378,-0.74301312738239,-0.643683084456216,-0.673392305049147,1.67826668822286,-0.442458259347983,-0.367548779796086,0.11772723885056,-0.556326820674569,0.480134113397627
"166176",2.49756744139402,-0.675972620779602,0.251241996321333,-0.621886369461898,1.09090135388735,-0.101159468613014,-0.30759156782557,-0.488236734025431,0.65314027881028,0.345297809205791,-0.0350962821107191,-0.906338047150185,1.5525206993085,-0.0803862148184335,-0.0220369995769813,-0.256353466258514,-0.801162536020032,1.03606416711487,-0.767384814828387,0.380855815711851,-0.475948332561827,-0.407857396306973,0.479437774812675,0.163422619940366,0.256335078644958,0.25308848035532,0.0731110416214481,0.27918955879887
"166177",1.56604868144467,-1.44623531637395,0.00974239053418613,1.11895394834003,0.308874828038672,-0.344601504367534,-0.00842275103937171,-0.715414650022235,-0.101109723902363,-0.129864119347156,-0.819439401216751,0.086731850536051,-0.470577608422822,0.206328150535433,-0.162137949384639,0.69924323842527,0.461350853403858,-0.775476078254406,-0.449045936016097,0.0709129724841569,-0.725235719212915,-0.953934171216238,0.242230450253011,1.1871846341676,-0.46280996963582,0.0322261367021969,0.169025428395389,-1.52396743169699
"166178",-0.490436657690271,-0.189130358493326,0.46980071517414,-1.76874082328011,-1.56172407412211,0.817977099192004,-0.565362708951264,1.15841215672506,0.556159200719422,-0.845672895448455,-0.0744454963267199,0.628187161354887,0.111841329439637,0.512982960574919,0.420500004903971,-0.867306298289214,-0.696349062141679,-0.501622596906895,0.0336097597333681,0.0481816492858658,-0.786615123070457,-0.740516460133745,-0.31832564203846,1.7550744030976,-0.267318059347922,-0.502901738636346,2.05046251737132,-0.32012891386732
"166179",-0.555469435911113,2.31324308754324,1.96650436628161,0.545296385722942,0.865894449651829,1.68593706137313,-2.54534183679227,-1.16433447875157,0.146693044995407,0.877760125816616,-0.445601589287266,-0.154524914153147,0.538921849318733,0.436277042022441,0.685539133919247,1.42607235057162,1.25763846572923,-0.215204301743873,-0.973328365070288,-1.30023813759327,-2.07556138487842,1.02036644102658,-0.137561563263639,-0.273006637796983,-0.581328850372339,-0.392934370008339,-0.121114462792534,-0.312267859598636
"166180",1.256726309043,-0.772180449996179,-0.508278823672846,0.40083295463539,-1.10628690067112,-0.733539068310069,-0.646529444311016,-0.163823620594298,-0.556469867565312,-0.421734563556909,-0.0625255630009576,-0.803487632695921,-0.636023199491949,-0.544448983428845,0.428416330373246,0.510761501839444,-0.321536981319802,0.450699633718901,0.491850475391899,-0.133901855827532,-0.227953023154008,-0.633251261179157,-1.08352404321918,-2.08610183041752,0.204382011346299,0.641234535617894,0.402669676257131,-1.13115650115296
"166181",1.18413170884688,-1.20083348572689,2.59041175397847,-1.16625471300756,-0.330411027369428,-0.297743591748798,0.616927802250147,-1.41438746802789,-0.622893551556892,-0.117574306886011,0.34034659624798,-0.385489744630725,-0.644003757987189,1.14141759336666,0.41317259779142,0.539115470825424,-0.566375381382792,-0.512039077025061,0.346459963113692,0.417791359395467,-0.0233039913960461,0.743391345336002,0.387783932632807,0.157236346061169,-0.0596341026057911,-0.47862082804633,-0.567082199674586,1.14394802957991
"166182",1.08223049791225,-1.16268342171826,2.62698152529215,-0.814059901752767,0.0287604727979607,0.11351846323831,0.989444704560487,-0.140754091652753,0.298230477509931,0.72511415768924,0.766459019102593,-0.210271217034203,-0.272496326143164,1.0284471727999,0.258718068811272,0.417905615801328,-0.750533955307814,-0.445440051283244,0.356069685908449,0.357488960182803,-0.400970767011965,0.343979226485374,-0.366644056511906,-0.380604970435139,-0.236754239936794,-0.620956285532935,-0.942985404652056,0.64359588551686
"166183",2.48669754096736,0.503426722775132,-0.783186779085539,1.26028829714933,0.865609643571951,1.29476947656043,0.699343170162708,-0.188760437105512,-1.44307714695426,-0.331929972980717,0.0150330988129663,-0.259335793431906,-0.863143695768182,-0.426590402469024,0.545692063647676,0.332074694023738,-1.15644677928487,-0.800515658254918,0.572238403654329,-0.795015973682243,0.155282801035618,-1.60354624412116,-1.7541191191203,0.661898764708807,1.83109413080071,2.35647337665577,0.91873178548374,-0.0453914376774728
"166184",-0.780624314686819,-0.00131656558121986,-0.160417261788022,-1.10648965117254,-2.30078819904666,1.45950551995462,-0.219120400742596,1.66377269158953,0.0500129978574794,-1.03513379998929,0.141039926842887,0.0626110623772654,-0.875788691363383,-0.0799502843522305,0.458050019198362,-1.10280404698769,-1.13544778258494,-0.696471513978208,0.308020508604816,-0.171238911240382,-0.809960793751091,-1.24460885254927,-0.591180994448555,1.01794291603203,0.247366990201091,-0.335346013130646,1.96686969306357,-0.475908839917325
"166185",-1.77556979359943,-0.220169133855375,0.82057642040608,-0.841116382679901,0.541133914416141,-0.982176356996705,-1.50659180190497,-0.704092479080655,-0.920733744514844,-0.425106393754795,-0.340874052688521,0.478898223069971,1.05955374500365,0.46913265907087,0.151952245560361,-0.312696055769619,-0.618136852676712,0.407635117416788,0.657244266850071,-0.124369609659549,0.16649180299227,-0.0820090511399405,0.0281908375444156,0.383463530761742,0.761989896889718,-0.242166776966805,-2.06117056162119,-1.35664614251873
"166186",0.60985341543409,-0.690814014850078,2.7787368045531,-0.632202389817419,-0.129741030480678,0.229467307884824,0.918295198211882,0.217539690765788,0.692214102210987,0.484049123246793,0.436659675584041,-0.556612040833029,-0.643867323889322,0.897141198367572,0.0871119916858022,0.204749450776129,-0.85684788572485,-0.4147374378345,0.0770694697524104,0.146556633957964,-0.633463088758137,0.0631539382651885,-0.419790089500284,0.0890120538596758,-0.376867919833267,-1.00196714585385,-1.72642241688029,0.429081871571643
"166187",-1.5965404184078,0.248663483831457,-1.69140921828111,0.258857899651258,-1.05111500706143,-2.37315797957658,0.277135150373767,-1.43994008598974,-0.458526940590768,0.843561102327508,0.421228428163919,-0.604634193633967,1.25668677904843,-0.272406930933636,-0.109588983313166,-0.0395428256293463,0.0949863334932387,-0.0347306957753205,-0.137060371631729,0.785813177590158,-0.521079322446245,0.299372011874881,-0.754933797251848,-0.0948673261934303,-1.43054184117767,-0.5145456404878,-0.364127438263892,0.261500538032395
"166188",-1.68454703955802,-0.0466711867498989,-0.413503855340361,1.76707401940054,-1.44547942563522,-2.0744489915497,-0.535226164618534,-1.05095674898751,0.410960076399182,0.719007020801515,0.0284526849580669,0.321962044501724,1.24793120200755,0.923197093516651,0.0572863926193771,0.166423738896548,-0.439062867840088,-0.167476421027889,-0.276654432998198,0.93298174112745,0.300301277675001,0.708606167155143,-0.972470575070301,0.386272116894409,-1.32942226029117,0.116608292970494,0.0733098998051346,0.341007647151566
"166189",0.225912264529255,-0.784350915137271,-2.30639670162051,-0.062931851802673,-0.741442481403563,1.065144585358,-1.93287471868081,-0.286178306643952,0.556638952089845,0.901013093274066,0.852458041058034,-0.792124315645526,-1.48991064617134,-1.4693779421367,0.200927524602762,0.65485309943046,0.494623247389569,-0.570425849910198,-0.338043349619007,0.291822021406404,1.53183172914875,-0.607304906124818,0.930078489405585,-1.02474424694152,-0.544383887105989,-0.0928549355541007,-0.287843263179072,-0.474429591287038
"166190",1.24143078435753,-0.86592440808115,-0.152009257765261,0.617774181428761,-0.624981163254921,-0.106267175190965,0.486029025549256,0.0471057165123893,-0.309459244186049,-0.325206235581244,-0.312106693360894,-1.02204147611755,-0.429149557657468,-0.284695226807848,0.721896136589171,0.369647336659679,-0.140418072855792,0.817463238998451,1.28949297718782,0.0545111245753324,-0.235015016665203,-0.60516329655352,-1.02758366423298,-1.50941680435395,0.192414522923702,-0.650287761727727,-0.507179468064755,-0.897548491444197
"166191",-0.271854795436895,-0.330630456169189,-0.169170351695243,-1.19130074282201,0.76708946419916,-0.0757093700232839,0.709550288862852,0.881768202124854,0.155988955785441,-1.72196463686632,0.265644793186432,0.240157922630405,0.0218790816809756,-1.04126177927708,0.44584289380617,0.536798769433049,0.826773204609938,0.321065884097152,-0.452018209828716,-0.208748370464016,0.257693168170004,0.628102490702109,0.157770968081524,-0.0685072740793733,-0.127867655941339,-0.73867313142836,-0.118109225488223,-1.21307310264653
"166192",0.160354478978913,0.00635331358724878,1.83127691776432,1.33821705122344,-0.214882494740602,1.58684150328802,1.09738585323925,0.453126657133993,-0.452214851724025,-0.93969820204819,-0.434347226344332,0.0648034711474337,0.763918107653173,0.251228899715393,0.854944739034338,0.422019316335372,-0.711377352055392,0.867970799246937,0.694226871087929,0.183666077189717,0.689937672917424,0.681763293907466,-0.337714361423054,-1.18052228477404,1.16505038769738,-0.658243454118119,-1.2096275470629,-1.07724460126994
"166193",-0.521180109603541,0.722382892619079,-0.980514084309103,1.33438918283813,0.564158420156732,0.811460268408351,0.579845112937571,0.132127864923362,-0.626884647842933,-0.544649563856195,0.626868806051499,-1.79096535926266,0.123980651470429,-0.0848223383035466,-0.246986706647348,0.923274858916657,0.046332897172836,0.359111476934554,1.53142555861864,1.03046539278178,-0.293510689918386,0.418689155667289,0.285015168616969,0.217457724529052,-0.927774284543662,-0.931896286385578,-0.685162753115616,-0.355910877938491
"166194",2.49499879648014,-1.02469164795817,-0.0777215692134291,-0.902264102164056,0.580700034852225,-0.00598146173016976,0.00258009888437918,-0.0624527679352078,0.830395666805746,0.168319011972315,0.0624274899899083,-0.701243751345499,1.1308845843083,-0.759308513948446,-0.577612554145631,-0.342972216127018,0.31145174706543,1.20168407966882,-1.09172051635382,-0.0345517370162727,-0.142345768925476,-0.232338785139101,0.0622965704653751,0.3331180105144,0.915855223486315,0.647414869444713,0.64984926195762,0.482433420945593
"166195",1.08028338727648,-0.978985797025978,2.65712339055342,-0.529035868590028,0.500935493302465,0.746128296488277,1.57776485878254,0.135531114275382,0.237572547974827,0.271823105512507,0.544773645145659,-0.388159496948307,-1.0129229581173,0.595452142946849,0.0941144415704797,0.322021762229591,-0.0761130816585423,-0.098379108816205,0.472346642340933,0.463265412551067,0.160272417182343,0.47674629752808,-0.405573881453772,-0.614930873616541,-0.317383237117251,-0.278182786002032,0.143671023336534,1.44078206190526
"166196",2.53919455866822,2.22026773294848,1.48511353859611,1.6333371900862,-2.1997210601438,-0.512520086011132,0.437120091408066,2.43262718627079,-0.190576529061428,-1.54611824964027,0.81413576803188,0.203175569544158,0.0270264315760263,0.179805499778122,0.269312161146325,-0.364290718289351,0.0299140717511878,-0.315452289559091,-0.132480309077001,0.168125524659498,0.542597583503724,-0.0841536149569092,0.446985396015594,-0.237744053131472,0.873391836326685,0.236990407048324,1.06375382494075,0.417102390935924
"166197",2.01091669340423,0.574620391952517,-3.21978327792476,0.12462046058636,1.37512656526015,0.0561126273671534,0.461477997568076,-0.803219087351293,-0.482969035820853,1.09444801019313,0.0234177983610862,0.118136396933749,-0.289415492879136,0.728398174824583,1.62004903934899,-1.49854845029367,0.0842992935751119,-0.784628985232215,-0.663646201547059,-1.26465460461933,1.36208234379133,1.10874139135254,-1.20001507717448,2.9172360946843,1.14592396328555,-1.23032961765078,-0.636616043464018,0.765603879273911
"166198",2.43076391245037,-0.696759723424609,0.139649462691223,-0.573462109668424,0.918591707322099,-0.216039524869312,-0.403104733002134,-0.246690225892394,0.63222225147108,0.178402982150111,0.0627833562575078,-0.609854476357065,1.69077172135794,-0.233212498834921,0.00541710473893249,-0.410666414623475,-0.626476387573275,0.960919336594994,-1.20059936593436,0.236510359203546,-0.351037948886763,-0.436069740805983,0.107858905802708,0.00750079234894657,0.362819474100795,0.303043970064989,0.229957944811405,0.267860893861423
"166199",-1.23183494581756,-0.147375197277684,2.09068647387661,1.31814062357818,-1.28316736355101,0.344865285566965,-0.95099161584188,-0.156277988318254,-1.29289446337748,0.467952863758484,-0.353380986522923,-0.137919402952108,1.06997677356371,0.202336279347704,-0.215803163932273,0.283635635501709,-1.14207337282973,0.204026177506615,-0.758050225498569,-0.109519467365941,-0.445967740817135,2.02881897847855,-0.445815113968216,0.0850742566165504,-1.326056322274,0.284573295652382,-0.702858194545179,0.0813804356939712
"166200",-2.10235161232005,1.20871809866637,1.01755024448034,0.886050948391904,-0.512654931254463,0.513961702925737,0.16831838728746,-0.100488779332762,1.0930372977127,2.8396149831182,-0.179285434058799,-1.01995100416958,0.3598197843018,-1.65724062757104,-0.45232100924969,-0.314870014364855,0.0768876160224959,-0.524350054303558,-0.525673017361119,0.946406693145869,0.961799249114686,1.62583233057419,0.750674974441727,0.398494555280147,-0.187123156748067,0.477476765687413,-0.0286006395458281,-0.519611229299807
"166201",2.46001923885118,-0.702700233947314,0.300853194691305,-0.267152445759336,1.555912748504,0.232000815123915,-0.323817223228267,-0.395742805506387,0.667625919823246,0.304615386641775,-0.0697074939343753,-0.936800809933282,1.76095837174922,0.120056643880403,-0.198887322818584,-0.303337298573265,-1.05499561848384,0.928767419351825,-0.622804303336871,0.448444038538583,-0.455893560608077,-0.307544496578421,0.612778759411012,0.0423428869291867,-0.0668995506347631,0.147933372758425,-0.0708872193009045,0.174055355918036
"166202",-1.47051885180853,-0.0690227986226812,1.0016110545831,0.0136154503818398,0.77123129848706,0.0753603479180599,-1.54472620407437,-0.191301679961453,-0.270012323526889,1.42550570559886,-0.790106949958123,-0.76825028429935,1.079154105459,-0.558207231930983,-0.0532060491857776,-1.56467602245054,0.504519815664817,0.00815706842225426,0.671927974475831,0.116042851402628,0.42580003535399,0.0849372147822292,0.0285489702974999,-0.251264495196274,0.67785741834158,-0.0164816638083336,-0.600855983321145,-0.633263893358447
"166203",2.38694218562051,-0.723775471986587,0.184762879247798,-0.604191920967053,1.01680987316398,-0.15499419254875,-0.676890691623508,-0.719231690621271,0.556170748150302,0.192618293259099,-0.083579210687457,-0.87664256019738,1.70222574877188,0.0739141191788232,-0.162943095665237,-0.279728597041633,-1.0338226611068,0.791729419756954,-0.919182821929769,0.270886260788834,-0.588862478745109,-0.35439944665243,0.739615994190122,0.445184652026183,0.125582608142485,0.15972692116373,-0.417614381556177,-0.0930477699717914
"166204",-1.80075454921262,0.0947313040166008,0.578023598453287,0.174000946262707,0.222445829143832,-0.962167177643095,1.19657721622997,0.786975142222169,1.58044857737723,-0.0959621402743049,-0.0419241786055366,-0.14625533317794,0.0470632023814611,-0.299114878872822,0.386157436774319,-0.22391034209403,-1.4601722639775,-0.446111957915763,-0.0115461282996283,-0.0620529041904669,-0.695328817488324,0.571791492463394,-0.0299622062435327,1.53314950194343,0.453932376162716,-0.71263543289536,1.4723363259349,-0.389206520711788
"166205",0.73140594434889,-1.16773675258978,-2.44375920409392,-0.732581240220524,-1.46307772585574,0.268070296842075,-1.81112800113726,-0.848154387182264,-0.108687429952772,0.539460098786941,0.848622328091434,-0.35547417045994,-0.700045125318076,-1.20548398996807,0.601950062198444,0.846340321341347,0.754408777509394,-0.302266239391701,-0.395661181181237,-0.0933890178143764,1.53129877313572,-0.252330562450363,1.06460957644322,-0.973790111029807,0.363702948305323,-0.532309086566582,-0.0854800423825919,-0.395481870347857
"166206",0.770047150852854,-1.60923316125931,2.38431276246261,-0.998462987168008,-0.371096271139608,0.112620025204003,1.34237424691365,0.344322914827272,0.828755726450079,0.961627187598484,0.447341214258249,-0.81843408535205,-0.948678842089331,0.363362466757355,-0.331700851497051,0.285181157097633,0.230287368706256,-0.263725266666195,0.718485163832048,-0.155773223196282,-0.657488260884549,0.261171157667495,-0.598773424439926,0.274072422860972,0.358229920521414,-0.436250956681716,-0.91980970207717,1.18957372542313
"166207",2.50218029167467,-0.761727829160462,0.142768444591698,-0.531519786442187,1.02727129367684,-0.113338571661062,-0.525227656100745,-0.485320992618652,0.473715213863837,0.0147017391405012,0.0193854488931141,-0.61936251278599,1.64804132307981,-0.100019337901992,-0.073806142323744,-0.281430738396755,-0.589772833346956,0.934267381855426,-1.07515764917868,0.375025233933851,-0.157290884474429,-0.243384638924722,0.406465581073198,0.085468359967117,0.301547242156907,0.475490782179491,0.319193066175903,0.29797264736712
"166208",-1.98946932997383,-0.307514594319624,-1.16052498852162,-0.26424195639904,0.267087797600025,-0.00559185369865034,2.27698587670348,2.41489338929221,-1.83822917014477,0.479307170830868,-1.48064919803441,-1.03694259681214,-0.307032048571016,0.673391988894712,0.0941682207311439,-0.259494774016741,0.957793228833651,0.325641610241017,-2.26463735510332,-0.653013283540208,-0.0547975692796498,-0.547070008008087,-0.0148531641157449,-1.01781643613611,-0.391590401714393,-0.250408420452789,-0.580886337083098,-0.159860364062301
"166209",1.73110859579075,-1.41282795823909,2.5982530381238,-1.25547515007262,-0.398044102264531,-0.231637998943465,1.02011618543157,-1.02718976622709,-0.878350890479875,-0.176035137891996,0.712451533549509,0.0492142074576376,-0.650392215694814,0.765887695027459,0.251464616262811,0.551523893454616,0.0185772872413601,-0.23206729987354,0.169693622379811,0.735894219967641,0.774732987504338,1.1809811160376,-0.29257671544707,-0.723605299719678,0.449992351180522,0.102680647484527,0.959415582963193,1.69555288484166
"166210",-2.8897382624336,1.34181946597984,-0.548490827524961,0.439099108807623,-1.07120746369913,-1.00072588416651,0.251775673823566,-1.46141064489585,-0.879966371853505,-0.640132439131165,0.0390311711806562,-1.26620962160914,0.832345544626086,-0.470566534813293,0.363435834855986,0.0143092160164616,-0.763698938245496,-0.625105283146662,-0.517055130819586,-0.506208667584127,-0.887481964352344,0.0623641704301947,-0.576511934352388,-0.158334015102354,1.2393016571607,-0.0794354354931632,-0.147087774329721,0.0999266857749844
"166211",1.59935852800746,2.6129301024657,0.448603313956581,0.291405767010358,-0.0878747953449162,-1.25269259611,0.151746539797023,0.550131507105126,0.773199023353143,-0.964195050082029,0.666825584466816,-0.313690533968206,1.15297248859493,0.947349645827624,-0.189088476776493,0.489936041769868,0.886930816172807,-0.402862056831206,0.422235272895528,-0.288007823434323,-0.724592323657858,-0.684410401168883,1.89987315708417,0.24595882340856,-0.77742436272895,-0.189639671796221,-0.701873886686244,0.0484188132782428
"166212",-1.77341480323582,-0.826866399404134,-0.493940249286672,-0.878860264384064,0.678241732918639,-1.11718240439088,0.369966366089534,-0.361050352751053,-0.465303666659777,-1.35153872182078,0.584257031968495,0.492523336261585,0.255866465962445,0.997429341989613,-1.90545226568174,-1.45975427493263,1.45778376426007,-0.198880015521649,-0.248378537225012,-0.573462153245364,0.579221331317396,-0.716563698434292,-1.27354115467478,-1.79039125800884,0.541262965852391,0.852198172156822,0.453365338875332,1.42607900459049
"166213",-2.63694513863526,-0.960896414046666,-0.112258974876302,1.83766795787601,0.348512976730634,0.564053290436461,-1.63805084433923,0.82456935523889,-0.975988024850634,-1.77991164660639,0.578686185771434,1.16852409903683,-0.0351075266115651,1.66432196384781,0.280123743581219,-0.246222112634149,-0.458816651943828,-0.322860188152217,0.963927208562027,0.29164492234121,0.920803417692408,0.514907374918026,-0.150789887442529,0.579377680935086,-0.456488584258832,0.952279408849219,0.789667616248068,-0.258517618295272
"166214",1.75100566160852,1.6934743618375,0.158265378458087,-0.40811592030036,-0.450201040723535,-0.299395675318122,0.55020788984116,0.0929416101955891,-0.595214000997233,-0.698310252449616,1.83542597261907,-0.458634493079685,-0.144667318317071,0.950607657376362,-0.211518564101757,-1.37845751907087,1.94041269747516,0.656772974374749,-2.11303927362189,-0.380666714878176,1.00105202977984,1.28374558624948,0.329448229550349,0.692244359682215,-0.417134666051113,-0.716874359192045,0.4221517136238,-0.885612748262086
"166215",3.39162267715841,3.35123445915826,-1.35504839825339,-1.62848870422354,-0.397426195918284,-1.30954776477309,-0.563754738458588,-0.293651308815896,-1.63764931970857,1.36457985215481,-0.542014690292614,1.48688495471802,0.204549069883271,-0.814867114509014,-0.113381917021345,0.218451316102871,-1.78752605921644,0.0351568033897477,1.6955896823369,-1.40653162353934,2.51212668433946,0.395464816564767,-0.982266958426734,1.6995395435382,-0.489971934219279,0.735000213339495,-0.247435947999265,1.41092159182381
"166216",0.0302291228714297,-0.170154977460891,-3.42418020828046,-1.26514104775367,-0.315992722137457,1.20299961585547,1.33367278402997,-2.29453869595766,-0.401421175422386,-1.28413800617649,1.11087532545243,-0.292989227914594,-1.83182192418129,-0.846204443682572,-1.54157317398339,1.15550320026019,0.459602609337462,1.00635686743983,0.255754288259381,-0.918663782018498,0.590356781034606,-0.876018648384202,1.16551738373617,-1.79672759748763,-0.464358912577164,-0.903869902078116,0.254219779747216,-0.171841488222201
"166217",-0.0515024540578063,0.35529683712232,-0.878414113493577,-3.30661454411079,-1.37734240388974,0.151762918499308,0.169074634644519,0.032406185753439,-0.802187918723639,-0.585245878458732,-1.27028814373515,0.959617642421873,1.55281887520143,0.791378039960977,-0.669910972367416,-0.173723661475443,-0.298816641599337,1.13740022833739,1.68522681569107,-1.05891666459034,2.1993004300309,2.26142075708618,0.853568842255128,0.0250610665617544,-1.50333689241362,1.170150571311,-0.0846242150936643,-0.950431811789201
"166218",-1.5635208127989,0.389405419155037,0.256705266716285,2.29087905629338,-0.276274115300134,-1.65912486008851,-1.49071589971603,-0.809263624399931,0.745901733002675,-1.69919136949363,-0.871223741926181,-0.228831353544308,0.306427670415239,0.670936304632663,-0.044024813344311,-0.358901533441365,0.215986788700494,-0.719513248994615,-0.855134097411061,1.51352971717904,1.7407857327904,0.435994468374438,-1.66670234702631,0.722054771742921,-0.553772165206376,0.231479269774182,0.528103958979722,0.883925518623015
"166219",1.13248832117295,0.740787741008676,-3.3323277158648,-0.739354780456349,0.713186521828055,0.982634154623432,-0.433136435720661,0.154475583631222,0.262498927401947,-0.214451797528164,0.0323271831757648,0.0268339574513498,-1.53899383376978,0.357883766952586,0.591325352875995,-0.850296882920743,-0.0423584406955595,-0.782235571932518,0.0418057203515123,1.68739633307146,-2.22938924814012,3.13840994419545,0.771241805066816,-0.92441885395904,0.872265810172633,1.42399451070706,-1.67387731006871,-0.0110797120228835
"166220",-1.70730694423869,0.799290950622226,-0.265928068656025,0.936844498405698,0.441036591907111,1.28638111202037,1.64927010135406,0.208899350030465,-0.57116920220993,-0.069719500844661,0.513269704572142,-1.03046290640206,0.629824409654429,-1.08285348392798,-0.17764351825902,0.328352835151938,-0.00346884625027966,0.137741988252715,0.858298862835357,-0.25780119656122,-0.658625827954444,0.59211030594521,0.403692937085392,-0.109453191882964,0.770248731777702,-0.045135296629492,0.134096627382106,0.013001698017291
"166221",1.9574793154033,-1.65358808129671,2.59057497616887,-1.77089449178892,-0.921814512666279,-0.888779223389424,0.272559358948223,-2.83329753987299,-1.8703929601838,-1.01727628967328,0.107868221911316,-0.361776174269779,-1.03079683034469,1.21415942284894,0.269453111065357,1.09687783662206,0.25313909049332,-0.262085427483201,0.660683267531483,0.849356172784788,1.13802920031661,1.81109138675695,1.12321887685444,0.190047355378537,0.816374239969845,0.499795904062219,1.09699422054781,2.25440655439978
"166222",1.14718952282745,-1.28870880736569,2.65262342395557,-1.09733674463122,-0.421218737185802,-0.0355645232167794,0.933161833261328,-0.4816819831851,-0.144656041008662,0.336626542739657,0.539474128624927,-0.427053475422475,-0.652269103892198,0.697040952774917,0.0536731220229776,0.231726855157116,-0.515580694101948,-0.491658674679921,0.218964742813268,0.287480701558302,-0.257879357411059,0.615456417166366,-0.237820891750519,0.151257999879302,0.0434659536897255,-0.731570323773588,-0.883970855865292,0.907089485599154
"166223",0.247143570742368,-1.15023479905346,1.01708667604381,-0.616264851359633,0.0929867197674889,-0.773373501709472,0.346446162207723,0.730406485658755,0.69982163887156,-0.571722867720342,-0.149614456417914,0.412151368687774,0.0532818926103736,-0.316289760883857,0.920592179532614,0.468521051707118,-0.489280381660001,0.185055636852276,0.248205305440293,-0.236859961614948,-0.0815617868385427,0.656031103765933,-0.0900673729792621,0.057194056379371,0.446807975784345,-0.326848318864914,0.761767240495319,-0.739581484355339
"166224",-1.05956436353259,2.33054450196039,2.07892170398684,1.52203847491438,1.76928615417341,1.92149449534464,-2.72466247947435,-1.65901819341703,0.808224767950447,0.839821233256285,-0.596232858861918,0.203201894928545,0.498937246371566,1.24030072964697,1.25206183592718,2.05626848543002,2.12554340885448,-0.215621617254446,-0.160420647613355,-0.810187658315585,-1.16861222012048,0.817754031999697,0.0572095027830513,-0.448004231146298,-1.12747887046795,0.140696316373988,-0.13905193599285,0.830136479072074
"166225",0.332713853092601,2.0148457806143,-0.368917143123668,-0.302547886526083,1.07830992775061,-1.31813970996436,-1.65588387182139,-0.828093339315039,-0.976140030659511,0.758163416832419,1.40722847132205,2.55830371035975,-0.83285106332988,-1.78128426667253,-1.78509267331715,-0.0563464104783044,0.121869978975737,0.309323328808358,0.517413186522356,-1.07203676206224,-1.98315794377674,0.340555338366668,0.469420148997616,-0.361233604262101,0.428336777929249,-0.990663717968397,0.651057036170042,0.0337036263332505
"166226",-0.221221785225046,-0.0561753444728041,1.01014034257344,-1.32417401123121,0.559648164663579,0.417368441750094,0.934920762872361,0.206163473782584,0.104272402803672,-0.500279085883258,0.823078676355914,-0.861006262195549,-0.592096488837446,0.0387075941241281,-0.380123012387745,0.0757899875917859,0.23034169315815,-0.615670131348056,-0.908052067431631,-0.275045278621502,-0.815921284342217,-0.331001766630767,-0.364056162274167,-0.509038088019303,-0.990173739790519,-0.837014733392089,-1.97857787655732,-0.107996138016178
"166227",-2.85910153033076,0.189000189664744,0.759339735395712,0.480253167306907,-1.87163794308737,-0.428052905932268,-1.21891778069469,0.00308730162574673,-1.16160982740512,0.752096242957217,-0.341859165742203,0.278443620353999,-0.452601120615666,-0.0106361283239859,-0.451344243481759,-0.929338994705966,-0.0983702616558663,1.14378376721365,0.0132456216434018,-0.0203265124204996,-0.657794080772893,0.237494956745368,-0.0367417361406045,1.06221586881226,-0.563927973830427,2.16628167600103,0.118048647437354,0.148065286319015
"166228",-1.65186093115781,-0.735516625555878,0.215286516735729,-0.779503034524553,1.37223022254384,-0.787400027995213,-0.560688928335099,1.87992088971633,0.198713999559593,-1.03939143652277,0.343945521841564,0.957240435698587,-0.204490983087509,-0.209884492846343,0.158984888536532,-0.342553851428345,-0.012479477119654,0.462652095133689,0.74151006842011,0.317095329815748,1.12750598434579,0.191637310657046,-0.638373983061035,0.202751577077762,0.380436730783915,-0.318014408801147,0.195888147726663,-0.795454271447189
"166229",-2.27777940857547,0.93557328652271,-0.260628819636702,0.176513554488452,0.711095454451062,-0.21348421336919,1.28970876198252,-1.09041898774823,0.401644857095339,-0.69958559461015,-0.325594082393637,-0.23443791538386,0.394526998675145,-1.42949580127631,-0.0583534561585874,-0.570138179140301,0.933800369952049,-0.300833720706876,-0.563021768267213,0.136160943475535,0.340486434217521,0.0428200037725413,-0.0407069954879008,0.503071516067598,0.555910324424688,0.265402915852108,0.182153927756867,0.328445686359122
"166230",-0.421188264965896,1.23018598569416,-0.852089927891422,-2.47711861443943,0.0537025671546698,1.65473180750832,0.539873075548186,0.176547695088722,0.308685813389349,-0.55519169626622,-2.66230861952238,1.81090879725911,0.864569287461237,-0.656239213143997,-1.52722741629545,1.36871280975858,-0.552871891634127,-1.34278953846951,0.0422390846533242,3.32120484601649,-2.04242240320715,-1.62160102277164,0.449451825799862,-0.420096652160879,0.894867120177484,-1.62248643104577,0.179519594773111,0.687670585428486
"166231",0.898194369173632,-0.046488761677533,-0.377205340419298,-1.17563575800684,-1.62856078137424,0.222873990855357,-0.614285710664613,0.219765780393721,0.57930634486131,-0.69633240211717,-0.994385709978741,-0.274367727595355,-0.311944708880656,-0.0142037174877895,-0.0361849046478497,-1.62266251839344,0.345696223813051,0.198095616336853,0.501082368557806,0.911443225659711,-0.105403610328106,-2.20826099620728,-1.38340871105707,0.128103681589245,-0.452250323963782,-0.131038908335561,1.40600610781037,0.0022881707207476
"166232",-1.57858911975058,-0.795665923140678,-0.473729373761887,0.87276524989159,-0.770030176187573,1.06617142472915,0.289232676424165,-0.343071986293127,0.481707802195718,0.192969116876581,0.13446406795735,0.0339623821514163,0.0435820102743315,0.0573040321823186,0.0258719195955877,0.198434905688481,-1.96561572759009,0.0808050693592547,0.35786412409135,-1.0883554330093,-0.374053687673789,-0.564185596976414,0.360384727859423,-0.845909257054374,0.754531176576313,-0.50040723997761,-0.577915184956844,0.864211716289473
"166233",0.740858849527565,-1.5076121915614,-0.628098753455025,1.88359311384253,-0.115361187903233,0.0326968376862036,1.63721152608859,0.889027099889398,0.678567025291455,2.02894583972803,0.185268243690284,1.37379935027607,0.260685341923739,-0.219412830333207,0.19139200813451,0.26055227975296,0.581039369930355,-0.32214456633254,-0.726784282096288,-0.0390203749109701,-1.06436599236379,-1.3683268645424,-0.868929057247444,0.022641971990556,-1.6332128095817,-0.130038065002645,-0.181234474825727,-1.64540183240939
"166234",-1.27050038253205,-0.66206811158551,0.394484806804299,-1.27206134675576,0.0956944829089793,-0.246525567612689,0.806831304623568,-0.345256878189211,0.357026533661546,0.20421963287815,0.88691929877368,1.11683325282554,-1.09215817240247,0.760026830708606,-0.780992251466689,-1.61551718933929,-0.211783579437905,-0.27957449308855,-0.360437392406808,-1.01460786593336,-0.947054661363439,-1.79781953949167,-0.211890952627887,-0.17629084607968,-0.183604701525832,0.639437542622251,-0.261523095837615,-0.537536922076777
"166235",-1.02790990860505,-0.650094676689718,-0.487362987095429,0.405749897949264,-1.85986862003256,1.82497640562225,0.0496165647595397,0.495414109503829,-0.443231994783173,-1.35554072447745,0.465037750698154,0.756214500020606,-1.00216462031357,-1.06693182675529,-0.362175995579654,0.0992775548687725,-0.637988976966651,0.365349845146738,-1.16869894687105,-0.690989434590783,1.01863108367001,0.393246554538746,0.40240234298508,0.0327797842677498,1.31000185533368,0.337469139934448,0.37255917436567,0.442909248151939
"166236",1.37381107309584,0.727957583828082,-3.26737884953655,-0.660010882991769,0.860148890501268,1.33961518572894,0.131474392514694,0.695877352713225,0.522965726580917,-0.129213100445421,0.341665018139868,0.607667139520628,-1.28281430401185,0.341591827547062,0.897908975301443,-0.704033015301889,0.481848342672681,-0.429014555650266,0.0846455742882249,1.73737829913727,-1.92005180294677,3.11917325010486,0.520110596935093,-1.14077560525381,1.01110784592148,1.24043997694257,-1.58980922645375,0.00631570406102946
"166237",-1.91977806524105,-0.797206371311918,-1.51138792916002,-0.291932562992154,0.856918915161642,-0.175449136595844,1.95027877106793,1.73685089984668,-1.85995377658169,1.17941205309788,-1.53050743787348,-1.49084968684228,-0.201316217525353,0.980223631222384,-0.0688025519457364,0.203648389393897,0.696974382780709,0.157038065683091,-1.28377809236698,-1.01095412124313,-0.777295410512135,-0.632542504088092,0.796113490595987,-1.29388888745555,-0.709331812413227,0.438872442521199,-0.100325583103403,0.139768542137766
"166238",1.2678170623012,-1.15367353538094,2.6302355650419,-1.01248644134076,-0.192860802554415,0.0222671912233021,1.02751372735162,-0.624592443765673,-0.300376814229415,0.056339135695847,0.512989676651307,-0.279924545166842,-0.668847393917542,0.778322594896312,0.126300589147745,0.297245932107968,-0.470994954968315,-0.378177174093243,0.17800751463936,0.422048814687846,0.0846725269777923,0.694187838449954,-0.169459162224919,-0.278713127520148,0.025485549013893,-0.492596870359801,-0.306677422435356,1.06927887169232
"166239",2.40340941066506,1.43925066858149,0.119242843836442,0.239148224923386,0.13047694826438,-1.5721478959797,0.118953800886435,-0.0447862117938991,-0.224536245872035,-1.41022671270398,0.335851638641406,-0.53348482873972,1.1628143709691,0.232493505893256,-1.42791262873142,-0.434911902926926,0.664428154488583,-1.02386685100773,0.594714025791085,0.233612588789524,0.281751121826146,0.186008948354798,1.84993598564494,-0.545404422519962,-0.123897388549615,0.499015478106949,0.654069510199199,0.528937105925706
"166240",1.64703923640826,-2.39114893762384,-0.592317382538942,1.3057396670098,-0.669219403496271,-0.546779678348767,0.841665828654438,-0.597611151379294,-0.477302921568873,1.57423111321007,-0.0575275462538938,1.12278312212951,0.326257989286735,0.0151802786977187,-0.727460551586297,0.826700418769978,0.760724906215741,-0.424153709454674,-0.0207348312313544,0.0493260342489669,-0.533161764273191,-0.0931825575979446,0.372795820567624,0.419976249320196,-0.87413490191955,0.535754959129672,0.430819046869414,-1.15803752216164
"166241",-0.632758541939204,-0.866521316759768,-0.543156935695231,-0.46086023787063,-2.43963083248951,1.85962398766522,0.0893411695708563,0.277261373000571,-1.4630890815597,-1.01676826584842,1.03623335614372,0.72627789993933,-0.946658534003646,-1.28327908558588,0.0350156539147626,0.281683126970534,-0.790208915708103,0.396517239296026,-1.43597036536823,-0.948242707015096,0.235633901443397,0.768749099226827,0.498879246667743,0.60079387133954,1.27532882448526,0.10478898175083,0.901652834278805,0.223097706001517
"166242",2.066337395884,-2.19083854244043,-2.32836467636835,1.77503608726679,0.462938274476946,0.244788634480178,0.358621850759566,0.907506821993814,1.56102600110109,1.83605570121841,-0.331900399014361,1.37025021270483,-0.738093503274022,0.980560261435438,0.478387148054179,-1.17422741214517,0.93196389071707,-0.606947914773151,-0.994173815169831,-0.728513406716743,1.06121800799908,1.62371285082876,0.80068448253311,2.03006770619261,-0.183899846265537,-1.90765794259784,0.0781522031875286,-1.71524838053484
"166243",0.93090799354331,2.45040897164478,-0.162406336543846,0.357348831967616,-2.63119231408005,-5.37071680017261,-2.51927507109922,0.22911878417968,1.67053110944635,-0.811008906228399,-0.0146955326269862,-0.278853730072998,0.161931804302997,0.133757896815752,0.244676393745555,0.666978644025048,-0.412851814337067,-1.56000664708509,-0.264216828505468,-1.69310853247967,0.0755556003755923,-2.30594474105549,0.0452137329690744,-2.62667153075355,2.09111614618522,1.64166507863468,-0.214714083889131,0.656621776721594
"166244",2.44090238235833,-0.428868546799221,0.27312228466444,-0.540001192005322,1.06348976730424,0.0313152007258958,-0.146613067539375,-0.235750520242974,0.634918321233109,0.0430967827271667,0.054211348928118,-0.636176740060566,1.55023439744978,-0.130864224987283,0.0989728203861404,-0.341032108148057,-0.649693249096553,1.14591977514631,-1.18997643388336,0.446378530386359,-0.176417461832066,-0.400854743272557,0.137757411132361,-0.0571987631527404,0.275983731888952,0.217157858823807,0.347232734297507,0.248473813435421
"166245",1.65412302143949,2.10974305437226,0.380854693710603,0.288556450678019,-0.028892032169919,-0.960134550181896,0.182871461959546,0.802809349061927,0.383611587214089,-0.813211881261338,0.772021212568812,-0.565271391249055,1.34822705975023,0.989249192917513,-0.243573672791695,0.71468089659843,1.27176150468099,-0.309611109467646,0.793502813598611,-0.563730855325476,-1.09542706100934,-0.231752611671285,1.98533177341438,0.657412174184058,-0.781475749292795,-0.174488116596242,-0.262634218338672,0.491242917406457
"166246",0.466754069109783,1.43351878516493,0.464933613746668,-1.922431666386,-0.874600916276674,2.44363725974028,3.03848773284818,-4.98530905885045,-0.409647136041367,0.217307878821028,-0.951555776601624,2.75002595551646,-1.93962736277502,-2.36099875285803,-1.07009108709787,-2.97260580275802,-0.909795719293004,-0.390930519722124,0.139006089385452,-1.31190771380867,0.377207369876755,-2.54254006435505,2.95042852721629,-0.00903656707211286,-2.11968432708892,-1.80824097815034,-0.632452178765863,-0.461695428518068
"166247",2.40772160205769,-0.56550886610802,0.254139565325759,-0.598112547182391,0.983707065816335,0.0461410169277353,-0.569754982842539,-0.611822776235519,0.582148078651514,-0.0915125271292118,-0.15469827403976,-0.883716409999483,1.46280325451127,0.0954935369163824,-0.148638011129825,-0.117531911396398,-0.728433379725156,1.03058709972236,-0.913145825129527,0.423184607906565,-0.29573745400957,-0.233474530715586,0.877122587460513,0.578020084530419,0.223996520127685,0.305102815444151,-0.269953549284336,-0.0362756012758477
"166248",1.41451992196058,-3.01298601234378,-1.2893652754823,1.36598657548014,-0.745170023121004,-0.0402407074012509,1.01155287171164,0.342415579007274,0.135349158124273,0.8459758723204,-0.564509805508462,-0.650050190873613,-0.552415768727917,-0.543383530795783,-0.889231254626993,0.676059199234216,1.25346686860491,-0.779446956684219,1.1282642905678,-1.43216482693033,-1.70695022800198,-1.30838345537254,-0.178293535608895,0.95839124322379,1.29915195779862,-0.0598182295879353,-0.325608619308248,-1.34172503258179
"166249",-0.282372209619928,-0.540428582234059,-0.69949713887502,0.362060747926512,-0.756393949175704,0.370811991473203,-0.693487980674712,0.471629218884081,1.01856578516456,-0.894342623284993,0.0446094926830572,0.0202173723156496,-1.21591337383673,-0.241993044034864,-0.116034100196099,0.150352836404599,-0.198787871914214,0.725570569248121,-0.763002134207183,0.549012066107307,0.828002288762728,-0.554918079576779,-0.539447131731852,0.578676261934256,-1.06436036242888,-0.924965816072004,-0.355588852683258,0.889839619634302
"166250",-1.31742220736069,0.975708982493624,0.615487453064991,0.743147825223117,2.25187538114726,-1.10297952587592,-0.723343371386233,1.86217795934151,-1.96225580206806,1.98354056890172,-0.290766682358551,0.632137811209718,-0.666785512834794,1.01769392185803,-0.152031531923164,0.8123456095144,-0.31205684841238,0.179906912795113,-0.643265180882098,-0.346035735689171,1.32100487003617,-0.350854075948199,0.108226407725889,-0.879110029350552,0.709935430607593,-1.35237258454023,-0.512712663298103,0.574898728545438
"166251",-2.50527523491496,0.0212015036410996,-0.54286335943857,-0.367880486775926,-0.832924846814737,-0.0324508107610542,-0.810583887728445,-0.212494818489255,-2.24056295380715,0.464594118628967,0.402883143595799,0.232064618369655,0.875783736745861,-0.279564023885536,-0.968717632462674,-0.602227448095286,0.541768309364491,1.17485148722679,0.283725575380533,-0.342441572943709,-1.10567310465234,0.607721918323837,0.749642910183312,0.490818044842576,-0.987155087483336,1.40236006118195,-0.72048440382966,-0.468602375054714
"166252",-0.918510949879599,1.67736475079941,0.812486597161791,0.0448500818630159,1.22171415831556,-0.0402147220720706,-1.95136006829683,-1.38283795578801,0.179143172010082,-1.36027894323298,-0.888423567377737,1.19308295731577,-0.672353676672769,-0.478182220311154,0.678012527957048,0.982739140363104,0.849129351411873,-0.305974037240862,-1.22114450328859,-1.53714896663353,-1.35537427504601,-0.438916050334399,-0.699609639259004,-0.966741472059347,0.0195533501208101,0.618010231593636,-0.421561476076408,-0.123331446710334
"166253",0.389152592470156,-0.548748481898623,0.501636199210008,-0.989824312695285,1.35880251292802,-0.00192613484242486,-0.371660841490442,-0.575801379279198,0.64534923579365,0.257644041350751,-0.460353063291602,-0.647945664340365,-0.74853150914368,-2.10586215998277,-0.0649312595207122,-0.287698921569244,0.333171730296553,-1.10430540738743,-0.457715861448698,-0.403324095377065,1.37675797644553,1.03304064390703,0.766684256566819,-1.22848842625006,-0.0457086701669314,-0.570740637017618,1.41419464548813,-1.0306643083554
"166254",1.12397035048118,-1.11303766179081,2.41148104467214,-0.983245562030237,-0.0946849357889888,0.194972117379167,0.993516492351071,-0.610006884251489,-0.0538306268644672,-0.0644728541182643,0.469286287254808,-0.208433265726012,-1.08053913231116,0.64547472775532,0.139247342924178,0.41683447336708,-0.0556034726947273,-0.344730007773451,0.171380931515866,0.435061191029424,0.272907935457184,0.515639013564155,0.0762348186528825,-0.170346254873111,-0.0378055298423403,0.0147028650926491,-0.178170188234134,1.02564609461575
"166255",2.48394562191137,-0.587451455034536,0.0646847000149092,-0.42567845679999,1.20586065778043,0.157787602799551,-0.333087212450319,-0.0327255921941266,0.790046664720848,0.115981713040462,0.144438109466135,-0.4431083940416,1.34407048388627,-0.499705744525964,-0.0966189461663498,-0.455299322087379,-0.472543641908605,0.957739402899638,-1.29593099440443,0.370220606535346,-0.0827730756485945,-0.546348836364513,0.218234503763711,-0.171209990851604,0.141943497264069,0.686568004952092,0.455525999992909,0.154402831377302
"166256",-1.76856579010124,0.0179187308912966,0.0313863874490977,-1.85732546204205,0.109214308063646,0.0517614642522336,-0.315833400636795,0.0950267632101523,-1.27088998011324,0.01866763541799,2.18046256898896,0.487380295515382,0.378898267757613,1.92383022500332,0.132206612529513,0.477994197042611,0.964907222450173,0.368210385126617,-0.303981782835684,-0.970140434362237,-1.99598309172083,-0.656497155003246,-0.0584357339189323,0.453192386284631,-1.14412824641682,0.309782856021743,-0.47137549880452,0.134407052327128
"166257",-0.685710278530327,-1.01630881881195,-0.465485186277956,-0.224951932027573,-2.63040000170089,0.818090774621344,-0.45675769763903,-0.32428728318468,-0.979432581393784,-1.05180326834271,0.606092687020132,0.804882746106115,-0.519883397127427,-0.806847565289353,-0.0726222936945679,0.353454228480689,-0.897575531304256,0.221938142603127,-1.07156644936856,-0.760994169403924,0.721491987678045,0.600578606314014,0.470129453618117,0.163299938793998,1.79859811360837,0.27595029903952,0.337980336363706,0.568355162001461
"166258",1.16247181741679,1.60123095363248,0.210281515625543,1.01667953247813,-1.80670318542817,-0.562856386536486,0.802979585770858,0.985068832257252,0.566963086230603,0.234345183122794,1.44412910256417,-0.537764329551337,-1.19198410017407,0.609921043286589,0.244848121396732,-2.58191569462804,-0.191890511826249,-0.0288284379727598,-2.13475996562618,-1.21213838357435,0.281734735873991,-0.459475405428078,-0.895317712917696,-0.342636670755694,0.525348702391396,-0.54192713983384,0.159299807190778,-1.6515019445845
"166259",0.00871499108752905,-0.744829432404281,-0.930445515275201,-0.0340384098313527,-0.87538954739401,0.242935706527624,-0.496339125406602,0.410424861176319,1.06124516583157,-0.912660354903481,-0.230655497590936,-0.350538152719862,-1.57347734405688,-0.644354615775849,-0.606691827221705,-0.050160971690587,-0.304476576831428,0.794981518909191,-0.546351118163585,0.528477493847358,0.760915944144128,-0.576842960666877,-0.116367614672234,0.585553844291457,-0.618238922424818,-0.628678937188794,-0.263269732853672,0.537238900985863
"166260",2.04099270632153,0.113737365639712,-1.49453225063211,0.784411104214565,0.0932104574007545,-0.459455037837444,-0.884173988408218,-0.775509227113227,1.24310500410692,1.24749951809915,-0.952969616500796,0.675602116622204,-1.55179425723856,1.11322047462494,0.742079295690776,-1.78232087134298,0.366786264710388,0.625766080604824,0.097109222329319,-0.615746642419042,-0.344316158368183,2.09630878367794,-0.431093760632667,0.418368372050063,-0.240180176171929,-2.58755639594664,0.0648311378784711,0.39958434898464
"166261",0.93077857428405,-1.28339399957547,0.651267544349622,-0.876748145880976,1.31347189865271,-0.114467733104571,-0.955125151868581,-0.24925233578509,0.567860361471582,0.558251196517044,-0.191309635800028,-0.52254491829863,-0.0918301755570867,-1.16610507015063,0.528958406133383,1.02155257638884,1.22423779689893,-0.591111809712267,0.712524641817717,0.33920776823931,1.83499682786575,1.78966774568581,1.31271548227529,-1.00758873805429,0.444422640699721,0.548693649629602,1.99194587799475,-0.359650149281364
"166262",-0.513749553904613,0.691175963888207,-1.12527228293419,1.49403383101903,0.633869844354737,0.889693393986631,0.84832653828747,0.126406681409783,-0.592774981683127,-1.13320971237412,0.600549297004314,-1.23290740519042,0.209658369813437,-0.0621394404815222,-0.174553699326208,0.823262506491299,0.615031398319269,0.439009845115443,1.23352129300243,1.23181131750633,0.565706567304944,0.51729073437692,0.0470450071700007,-0.0786419987164951,-0.64875508036697,-0.799818983285494,-0.349573065648534,-0.258274459385473
"166263",-1.93443525724975,-0.0609629966967258,-1.1118820621392,-1.01108865555778,0.706673960705378,-1.64410398332777,1.03983097791135,-0.417681711749542,0.423769317120314,-0.338257484433994,0.50200686323249,-0.535990913516027,0.413444796837977,-0.862183388189648,0.185559814086181,0.271512979830953,-0.14453009635098,-0.596374005264833,0.120123960486492,-0.355074416392653,-0.884243830084942,0.590533645490578,0.331410115525496,0.642778026521484,0.332517800861252,-0.112392573403043,2.13758383329181,0.289687424212448
"166264",2.41540905364718,-0.786973401852682,0.187787659095039,-0.863836654613183,0.829910529468089,-0.449781083546232,-0.557620610983394,-1.25980877126484,0.536267987799398,0.418236106377729,0.0787884002463635,-0.903308774612282,1.63580098647056,0.309928184204768,-0.21710576540103,0.00603592235339725,-0.864827188074296,0.867074672081971,-0.763254222020002,0.537067316739985,-0.285493898164894,-0.173260674256722,0.421124295568702,0.0870580290729836,0.429812179220867,0.4901285652377,0.247774432581268,0.253388501829137
"166265",-2.5255200528326,0.399038791090351,-0.48885156677094,1.48367198255928,0.350363691950237,-0.609620552423096,0.32304581355806,-1.80819444693707,-1.43819139056824,-0.595617867037026,0.12907965707321,-0.880326724431772,2.48403738573054,0.38529777453103,-0.217791918112108,-0.107229499516002,-1.26934025591333,-1.08551717510515,0.275591129019877,-0.555179118446051,-0.537058365586716,0.903994494252065,-0.640309688232505,-1.28283118447801,0.783406524082389,-0.582434127535712,0.314504767143817,0.745907435458391
"166266",2.02573979779246,-1.7134436179945,0.367238328974959,2.20417613846992,1.80930050206849,0.648430502203932,0.750213741305106,0.103422786770867,0.326979697282149,0.253451242242906,-0.850537713308276,0.0899918102499471,-0.793053508410147,-0.235677586312844,-0.462454218110131,0.498355970092167,0.915597339927991,-0.580302185224366,0.606314686823117,0.749339426235933,0.187830985629025,-0.865865875253277,0.0175288333048083,0.110840484071581,-0.925692720032722,0.499354823989302,1.19233578747269,-0.19906515922397
"166267",2.73932839392201,3.34664025351099,1.16387120522731,1.27004274078038,2.38895710902523,1.70515803615876,0.330570634272168,0.21103891658256,0.104927157920989,3.4911370940852,0.991892158488383,0.255114809301818,-0.695796718621648,-0.958550954351105,-0.871125022180452,0.784609381312578,0.625700057099522,0.802669279172341,1.92323080012742,0.983572492021474,2.37931605509055,-0.202394606718327,-1.07516600876015,1.87776543364422,2.28982525601991,-0.601435082216888,-0.709852324241376,0.149541984414895
"166268",-2.61897010515462,1.19824140724293,0.560228611697924,1.17249705090461,1.70073538675256,0.752147764415906,1.57462512219426,-0.44906372909045,0.985712246149371,0.119752904599388,-0.25382962408733,-0.605365222465397,0.0963264578198766,-1.39440772245611,0.431714316842918,-0.989251228638976,0.342284798934684,-0.63238926505345,0.0851633694866527,1.21066656282016,0.373303810400266,-0.347231742898025,-0.423860017952637,0.985229862857626,-0.705439995480909,-0.599657134332321,-1.23721007998986,0.658579676993529
"166269",-1.91887619939513,0.392816344229791,1.20678009770489,1.80649089490305,-0.259457747602729,0.274294043302668,1.63143080565589,0.22243126163779,0.787743146692639,1.65686547718632,-0.316625169628924,0.190322945235477,0.547693523164212,-0.845052653903578,-0.260975655205378,-0.655282740622138,-1.04937834949109,0.189767485118736,0.419834296731168,0.804906217711921,0.0753492319262939,0.958670871779518,0.34405402908287,0.492232818965479,-0.425305676939102,0.692295973976153,0.251014775581652,0.486402548729864
"166270",-0.218680475734112,-0.87231705364588,1.10644404485955,-0.727039543455568,1.44081384351045,-0.432109379722484,-0.532471991110167,1.36254502384015,0.680677595623378,-0.931860847672995,-0.0757277228547635,-0.267616107448223,-0.313631189259443,-0.735334438398572,0.460238036087149,1.16189804824665,-0.617089632293424,-0.288965369563742,0.372787351239227,0.0612244483580198,0.768839685420802,1.14827611630408,-0.0649578273280831,-0.0261600122743121,-0.149130166382749,-0.978564814251076,-0.654301483676627,-0.983790843087836
"166271",0.887661027215148,-1.08651458004045,2.61329695793352,-1.02068013641228,-0.442291478203557,-0.0537170547020298,0.407044802494069,-0.237495396050923,-0.261185786282944,0.222447830305911,0.385209407323213,-0.973266108752056,-0.905944325098746,0.80089460651813,0.0886691352993549,0.288329000397101,-0.884670218717807,-0.562664811834312,0.0915279919093697,0.533403504704986,-0.512867448728565,0.626482580257419,-0.108535984980198,0.294761485012042,-0.176386157958439,-0.199416754900791,-0.664070815018912,0.736045687115652
"166272",1.59386705285461,1.34197321421489,0.486271841300286,1.71598558413456,-0.0578144967463551,0.126509162570077,1.59920939280603,0.143074997752511,0.616997871328548,0.424700330993578,1.08595650466871,-1.0253823648969,-0.956450838958558,1.61585213126598,-0.0840083040824873,-2.05201081423571,-0.451971648845378,0.307473627248294,-0.263765702351338,-0.360040330638106,1.00926570336903,0.0550691147652623,-0.0576555855205579,-1.3979446024727,0.186183795791194,-0.269958158511178,1.08123312258941,-0.738665410865898
"166273",-2.22654365470763,-0.276882223037924,-0.0808166944020234,1.25015429395778,-1.16016398961262,1.09066937181511,-0.873957680222659,-0.341954768518845,-0.0828739202532508,-0.414669517293909,-0.407408288477793,-1.14364158083043,-1.76605953939601,-1.02476612587727,-0.519318797538933,-0.862683920085726,-2.60130611755175,-0.811459123692076,-0.595127063866446,-0.115323642855597,0.0897142880968357,-0.512092217131889,-0.0920423199797863,-0.0781665229189215,0.0202109841531259,0.157702879727407,-0.479839925368249,1.35805536888553
"166274",2.28847171693903,-0.648338417534625,-0.0280425160944878,-0.400648061951318,1.22189926634645,-0.019406639821078,-0.397155567925653,-0.190266078586969,0.834818443481744,0.136281494731728,-0.0116790883923438,-0.658279940925418,1.50850338329375,-0.313293364187076,-0.231378354237249,-0.442775099929701,-0.588686112016082,0.911536188861455,-1.18923688982467,0.108726061806098,-0.348145518079453,-0.566764776417936,0.227711495999694,-0.184980301554451,0.185882639877992,0.587211247435117,0.393747940027174,0.20764182454426
"166275",-0.447384079138703,0.532333667659233,0.247390383575759,-1.14550312480719,-1.59198076201526,2.27536319396165,-1.56290229141749,-1.14417261098473,-0.745665191857485,1.0807344319862,-0.191827928360084,-0.991574748710282,1.17128781635531,0.394651229870659,0.522924454044004,-0.32478722999636,0.118022715159371,-1.07731877160091,0.756764615508198,-0.117485445741103,0.000866535656249922,-0.414179808882637,0.4900547683627,-0.383916788143106,0.676608455656802,-0.232241280529326,0.966793352145262,-0.623466181824331
"166276",-3.16520648827167,0.684730337933993,-1.1936862291865,-0.492228986551486,0.520148665250655,-3.10688216891098,-0.209277948219534,-2.03451642685229,0.811322554303206,-0.597945699959504,0.175045237634873,0.197390294963644,0.196907114090065,-0.595508555404297,1.81931418385925,-0.394696652596981,-0.700326140214624,-1.81348317809306,-0.915452802203269,0.0578543410349369,-0.448776757026509,-0.97767635007455,-0.215103194487295,0.64520261814805,-0.603397975783918,-0.306116602503598,0.626314057127222,0.616922376080661
"166277",-1.5465673960367,-1.14971092120475,0.069909595965076,-0.826394014328886,1.76945327506192,-0.638998964690473,-0.839623989490428,1.6401189036732,0.148663049430211,-0.527857265430064,0.217970564308669,0.281354790673836,-0.102080564467789,0.0310896848500746,-0.360288500546204,-0.042366345371834,-0.494838128563604,0.346551027405281,1.57683766820391,0.0267921761358966,0.319303677865391,0.357339003901183,0.234404851218763,0.430194961449391,0.128900182051699,-0.0718467663763804,0.0417398239262086,-1.00630638837735
"166278",-2.29982087646673,1.22091935988348,0.848403889338527,0.609543225501302,1.32585482900553,0.657244713356368,1.18607641101708,-0.89376156595027,-0.131190983681761,0.492533869038923,0.538462490308969,-0.755479167466079,1.89981868244683,0.94866506362942,1.03227182191507,1.82553248791755,0.869862351933856,0.79983043215828,1.11178007061383,-0.156443067259267,-1.15017048483871,1.18950217177053,0.297416057111987,0.910239592146286,-0.427117735836387,-0.545815340857345,0.745776832929392,1.61792051522463
"166279",-1.92208403230749,0.900559178306455,0.508314868279215,1.03112506142473,0.757450245852488,-0.528922367212131,0.317074935861822,0.295200537805586,0.761490986754434,-0.559940034240394,-0.894832094067197,-1.20664764323839,1.11439371019959,-1.3543541107848,-1.54437761237258,-0.971860994691398,-0.501927733954744,-0.424708654288453,-0.193245766061002,0.306186468194819,0.058350846450944,0.558640068909943,-0.226820465496808,-0.0399999662669431,0.813554966159257,0.0687674273372887,-0.73515983578457,0.124022575174178
"166280",1.42193499740746,1.1792101015112,0.725596234631023,0.940223433323835,0.664578952697539,0.831675483560687,-1.27897810649586,0.342680637324157,0.676104037455929,-0.524932177032766,-0.864145993733216,-0.0983326673303461,-1.49682380952475,-0.237542279894842,-0.199816038765018,0.39962379950067,0.570037078817327,0.858977283511981,0.285496377423963,-0.358923929056533,-2.63445915386908,-0.794602571727021,-0.653306241483987,-0.0155359018331407,-1.40461883748411,-0.119248486691108,-0.468307658754676,-0.599913652203725
"166281",-0.252878794288051,-0.861465944627368,0.70961376015338,-0.626423750271403,1.86263918962611,-0.349498521548161,-0.11799080620134,1.59145422255613,1.22195922670285,-0.86826223888599,-0.121032674772015,0.0740882398973382,-0.310919415951468,-0.961579927607913,0.49651315460256,1.04349158037546,-0.364479625148948,-0.184960288884528,0.405810021933607,-0.320076373748657,0.738193477831311,0.606733849234805,0.0112662540200112,-0.570839335132193,-0.128647649471411,-0.772088863454833,-0.526391693967069,-1.17504497995916
"166282",-0.838701275664454,-0.487408882649938,-0.0686720752564192,-0.488138338943744,-0.912080530897616,-1.19453305723187,0.222380060990448,-1.53970999641031,-1.72842287458839,0.138510141448622,-0.416882821039398,0.0230953209917603,1.53356553832089,-1.03749789942453,0.296885746372073,-0.013858535300393,0.418647357548814,0.408459446656428,-0.312556146805336,-0.626995002052657,-0.446245225481307,0.871513174403453,0.20749259836724,-1.17613061313829,-0.332810943433694,0.153234081609609,-0.955069492273551,0.323614179683355
"166283",-1.03232587183208,0.709666179752779,-0.192757284673557,0.3021343563209,-2.27181842029355,-2.10848744217148,0.347600897685895,-0.15024223122734,0.828095133952688,1.9455772910407,0.18360392411619,-0.728399403827791,-0.0988824913464194,-0.100290627423108,0.569434699869695,0.648938599967225,-0.614067008211491,1.01523124972832,0.250225208276,0.584853736999031,-1.35209428946497,-0.0548049998698625,-0.391704140565363,0.87621473845507,-0.863885990076081,0.262376063126512,0.339383951003889,-0.117697731737795
"166284",-1.2245574166445,-0.403620788390116,-0.118791169114242,-0.0422998821532336,-0.419457895078102,-0.789958317516612,0.381922347884927,-1.37180408166163,-1.03509581146715,0.287844790229078,-0.412443356557262,0.200182888780793,1.42566910976013,-0.887365907746026,0.361728887062194,-0.0536196353791012,0.579548356102542,0.276097460116801,-0.168113073482654,-0.386513643142078,-0.196079328640169,0.499535072887004,0.150919664742807,-1.13558761189788,-0.709185989953356,0.161071308884682,-1.57929653579036,0.123620035064308
"166285",-0.589067437405519,-0.139355518227921,0.856178440556958,-0.972176188015738,-1.12907589181092,1.47907175578557,0.1348538368957,1.98123539733481,0.804629438242583,-1.2231667479168,0.143934912066073,1.2922821701988,0.757531395925751,0.89080628168991,0.488809455777147,-0.9010120263886,-0.0030398332565587,-0.185572168710308,-0.0938769208121773,0.377701512001213,0.209561457690091,-0.308717852650787,-1.36616074120913,1.27960916325591,-0.200798436948207,-1.12503752147519,2.26778002629431,0.263149584095589
"166286",2.58501573932604,-0.887535752189379,0.0781828296731414,-0.716528236228924,0.829882008621617,-0.317382842536465,-0.418112006895251,-0.470696212702173,0.423425108100627,0.15255298801823,0.096609595154056,-0.604009259831231,1.69051690419397,-0.236414263552589,-0.0978966990738911,-0.298028672516478,-0.458175302574544,0.989181369436722,-1.10196646150402,0.236235720169854,-0.227945295183141,-0.22136200595974,0.163199493864564,-0.0626738254147882,0.549661640970884,0.514951011743108,0.640740976350258,0.47091170089699
"166287",-1.76204002657828,-0.578310426969995,0.19436081006343,-0.77826994668265,1.46275155675971,-0.239136332576649,-0.756695287828402,2.36628054854467,0.441182005157322,-0.90927460166715,0.328391485333256,0.55589241898905,-0.677328314012388,-0.44532697502871,-0.22426570526094,-0.327633027615324,-0.265261419509908,0.422174668014872,0.73963572624657,0.280582667782556,0.682113146771334,0.102372416162492,-0.136754382790403,0.763411538396403,0.0131365255014135,-0.125535568730403,-0.355299305110859,-1.51418180529594
"166288",1.88409404838138,-1.91754253464261,-0.409464099927638,1.96941909576076,-0.122984887820987,0.0125753763660592,0.11791805671848,-0.832015709718986,-1.20148050416529,-0.313148025807507,-0.510495746335825,-0.135486021598101,-0.023965950888323,0.667555563926673,-0.0852629282228334,0.952808770879934,-0.28882948334318,-0.971253156954201,0.593703923872524,-0.011975883334286,-0.537950870003925,-0.660342213785945,0.377190009772883,0.0835046106598951,0.275239256694143,-0.180774791169763,0.0693727213598501,-1.41190715807332
"166289",-0.599687506833594,-0.534340505391965,0.918422308395388,-0.66718131358613,0.995701952145198,-0.869337543275603,-0.699892152164686,1.92036504963995,0.86137988205259,-1.31915193864301,-0.157363394970547,0.0227497781389787,-0.296357368197479,-1.04781976487054,0.823291428612979,0.87178354071107,-0.326039322154275,-0.243060230883504,-0.482868329568389,-0.372479637333516,0.713829669070597,0.713747497050021,-0.73852276122214,-0.227730601449457,0.0645428100127864,-0.95491182855423,-0.497963211505522,-0.905756515068479
"166290",0.346011582130778,-1.05553326904852,-1.02965833928363,-0.165519893551566,-0.892646750560505,0.413445432162021,-0.389346883497608,0.632385057242078,1.08962632574469,-0.655798076609517,0.188907445710846,0.15426331057491,-1.15532231199993,-0.615743708703667,-0.645935121347181,0.149924060848214,-0.104346084396471,0.843834473865876,-0.52440146347157,0.430750524825164,0.777115881406825,-0.419133124197871,-0.0985741129140287,0.490680944764889,-0.493746448751488,-0.601934239481842,-0.287107687780397,0.184444732132988
"166291",1.00537070490182,-0.539635219775906,-3.85306840369697,-1.00438855585965,0.375512580129393,0.152991397581124,-0.0874231811921906,-0.578153507514296,0.545437315887909,0.160721324320426,-0.297489790806793,-0.0135875035366367,-1.07650916297489,0.46220730892943,0.34509520921364,-0.625667796440754,1.31111139677239,-0.742707650054633,1.08426227453969,0.78571563762344,-2.35025042887659,3.24122471091268,0.696556090591511,-0.59579076316092,1.93608662159129,1.33787953818584,-1.58521451372246,1.22384594186019
"166292",1.64398950767673,-0.793547988181861,0.2705081628755,0.638822595722151,-0.435498705897262,-0.141083141996175,0.410009010309599,-0.298499744285221,-0.595493126794343,-0.193583835356636,-0.361494058054344,-1.21052655920518,-0.151520151377384,0.116843442264764,0.819099241142128,0.522600759235311,-0.819401756905351,0.861770035228517,1.76316250400274,0.50283982298493,-0.234523444283388,-0.356528505538467,-0.612378524035462,-1.56245196547397,0.0558895568546008,-0.981272523992642,-0.826764785874299,-0.934805125962477
"166293",-2.17548669453259,0.590530871688383,1.01841790593702,1.43781701670971,-0.573924062030516,-0.0423133751034522,1.71719199003468,-0.274738205883735,1.0208108562663,1.96851229561942,0.202938041046868,0.816606897609731,1.35981564573613,0.0342352949227697,0.14195262445913,0.11548923979985,-0.893201870355218,0.426706864799367,0.219273861099077,0.150000134824555,-0.38477898216403,0.853137397572055,0.138353711861073,0.256640621327049,-0.295999236913625,0.37162177384611,0.173716886496706,0.0866236593985092
"166294",2.01664237517318,-1.76918012179918,0.0258829413919025,1.08449783902366,0.466578564636571,0.391005334223868,0.864588130958573,-0.0625927321057081,-0.0426152451146291,-0.144227600909773,-0.561915370627962,0.44464405056903,-0.505517935364093,-0.173134148440953,-0.470641280044604,0.817821876547716,1.40264661210628,-0.284753000232025,-0.196582493462093,-0.102632599728433,-0.348241330413439,-0.557427519600309,0.143028657593563,1.17122622540431,-0.109891686258336,-0.0779901130315474,0.705161288748626,-1.25622836620469
"166295",2.43931107833877,-0.779487810843656,0.177651487632842,-0.399877250055642,1.29405303485953,-0.0157874219336406,-0.369969096943691,-0.463920342998075,0.614992368073951,0.279185677671197,0.0281227368254634,-0.754696878932157,1.66936483114217,-0.0819309974374061,-0.152166574559193,-0.368296954520141,-0.775706858444922,0.872205334709169,-0.884498551135831,0.40361685969102,-0.279298748705594,-0.337681982265455,0.281434574305254,-0.101313634547338,0.135801966213423,0.37619507923177,0.310497014619839,0.379008577793396
"166296",0.238815846552782,-0.630847157924199,1.02744357195167,-1.11887907078088,0.484316143706061,-1.00008673276041,-1.50266501852461,-1.18874807646918,0.542763989852204,0.325456491772668,-0.508960460917255,-0.80314176287142,-0.00247743070888379,-0.417287060750096,1.30414708272369,1.04339696110752,0.561263788608862,-0.80975979887781,0.307823855775329,0.616738211579864,1.59304352425676,1.46508315295952,1.15739747595397,-0.150790645693101,0.409504395002855,-0.365885107373975,0.513662012737664,-0.608511344359971
"166297",-0.535122023410093,0.836162143505413,0.508688965423108,-0.859309218744194,-1.76578262119893,2.45520353113862,-1.27742817503261,-0.51095678748558,-0.358419747709154,0.71341879059531,-0.125739053230225,-0.401482173523587,1.31506338951747,0.302596228334459,0.754979531292046,-0.635973820487056,0.393100896916514,-0.982685241265792,0.213155347130883,0.185370779299739,0.64940598917879,-0.547304689365906,-0.121906585011735,-0.323268519725031,0.817707545136756,-0.797123231764733,0.244959677878406,-0.868660616237601
"166298",-1.79623895869498,-0.831662199287568,0.347576674303052,0.741885790613049,-0.395217320721442,0.0776814393506177,0.112728308657946,-0.0820459020905857,-0.856118892052079,1.06358823772318,-0.348417650584332,1.10595696857301,0.695193209040866,-0.0558309314172474,-0.916843539464082,-1.59903180391705,-0.558368922960829,0.985766847931344,1.01979810135355,0.152149594503917,-0.143870096435915,0.140972323140266,0.578278242102093,-0.132745901613349,-0.360576000196976,1.56674327438093,-0.358255478612147,-0.683901209116348
"166299",0.833719466428831,0.38231682173768,-0.395520075271741,-1.8930338220575,-1.30062349096755,0.147971804527578,-2.27280024908267,-1.1429658574431,0.637392962555308,1.42999946449025,-0.304912297693461,-0.848507790131304,0.670363878161582,0.405954471310086,1.23404526110102,-0.311381312887315,1.50374168444099,-0.570191573510674,0.602628041631697,1.04116129252085,0.35164542068729,-1.63402869227991,-0.664446371896728,-0.116153118620256,-0.862299800166547,-0.703131546083628,1.02012487870047,-0.102445339603508
"166300",-0.662829989452563,0.622038554956119,0.273561337732521,1.33816076409925,-1.24363939664147,-0.578083804154191,0.801940857248133,0.872291966166216,0.821197450334387,1.38714895331805,0.257276320393993,-0.385651893286503,-0.173808915031889,-0.329950673525317,-0.128237118838001,0.337723438889841,-0.285901209002684,1.06793992600603,0.377622644033353,1.3241212123436,-0.126288717762114,0.655373395019003,-0.426431480845315,0.719434882123119,-1.35509862857937,0.138027054923215,0.405746889554045,0.0265389140495669
"166301",1.06962132617959,-1.21838696623503,2.56998845806182,-0.893957830347659,-0.232232568368753,0.242239751871856,1.18833663401125,0.22406972639482,0.227897418594224,0.469708971671988,0.692844753579969,-0.219926205146903,-0.740890332494198,0.396627545114854,0.139683242276539,0.0662294093243495,-0.2762202769487,-0.417594894505633,0.0329017220838614,0.29958501392243,-0.183699039031278,0.352798266374329,-0.640599298846544,-0.113078653032952,-0.0355602878184038,-0.588978927935964,-0.732546391078985,0.854175813146686
"166302",1.72135912243494,-0.489368010012075,0.888260900873141,-0.367227180555052,-0.876731185514055,-0.981454618598469,-0.161938830048323,-0.351172800313027,-0.365415222951843,-1.02746495038482,-0.584608448839277,-0.327067915466985,-0.0878378661192425,-0.205452216281225,0.776990951907489,0.281708974318294,0.375375910470425,1.08904893351038,-0.0470757389072519,0.8723082222802,0.609787182657165,0.214540720803754,-1.14028727188828,-0.396476282449104,0.065496878437506,-0.824502726212608,-0.301717052801227,-0.800001603642823
"166303",0.341172742973362,-0.503587482974293,0.816872313099756,-1.10918215265909,1.26766744651146,0.833630919442887,1.46814362366398,0.663296878453578,0.367966602485271,-0.0329870922933498,0.969401118940496,-0.394469001800385,-0.429300548794497,-0.935430966686059,-1.02861822831326,-0.880370171312622,-0.266776232079213,-1.06906891217984,-0.8975862304675,-0.587246477909789,-0.925661509064632,-0.73050495785411,-0.355950731188131,-1.14279250505127,-1.26548878665938,-1.26347471509388,-2.48794507560413,-0.685865051665121
"166304",1.13918180641408,-1.0732014066084,2.70403559637482,-0.818168149023389,0.0739752432674397,0.250329587186669,1.10045766540324,-0.326061728551388,-0.0479030539157068,0.351269993169421,0.559405582667118,-0.38562433433885,-0.550608393110503,0.826074936526714,0.120173592573757,0.186346903305012,-0.814410684572377,-0.460084105696392,0.263874234004371,0.395787639046149,-0.247305080447256,0.499370807180268,-0.2252808530469,-0.258860983409858,-0.291011505198749,-0.779129927828021,-0.776789610712132,0.805355416765163
"166305",-0.511862735267462,-0.412206312379901,1.16995846284636,0.108822504281682,-1.57464431459196,-0.580404266991482,0.672052255475569,-0.703469355583115,-0.437426960888975,0.694374721018474,-0.337248928642107,1.07154583631487,1.1209712541414,-0.39495483485096,0.71574974933234,0.00139101899549549,-0.368352466803714,0.737069546502039,-0.634033398586247,-0.273930794008115,0.0183383323133496,0.772223759842759,-0.272922131264941,-0.823819290667801,0.0895390151481253,0.348824370910019,-0.682933718472133,-0.72243035613813
"166306",-0.175478082395413,-0.750014889829562,-2.37768526715144,-1.03420318179936,-0.325124852745605,-0.320762231079842,-0.948369197648361,-0.834863323356548,-0.0658177013985053,-1.0972955516042,0.483508002906018,-0.382689908564608,-0.708203757658873,-0.640941584447569,-0.183777631320549,0.771695800638895,0.817373339901773,0.61552316591557,-0.34255876244076,0.321126004352976,0.390455804674702,-0.63129552860719,0.591548749443806,0.182475688978259,-1.15110850049087,-0.537836828550283,-0.62869391645809,0.879072277719339
"166307",-0.954660513815274,-0.650462345070496,1.02522013160023,-1.38966263297526,0.294411454065243,0.354221580967871,-1.61082095692427,-0.318959850634086,0.0689052742557562,1.85166554440389,1.27546922169343,-0.25818337635961,-0.22984841454292,1.08491451505583,-0.380186687053376,-0.373456318087599,0.891086691934795,-1.02278054508902,0.0752020864582259,0.161298217298635,0.113236146995153,-0.042981067413409,0.743385317562026,0.512484586185652,-0.423248195049248,0.440803357186647,-1.04420128875316,-0.622566479556531
"166308",1.51772838965485,-2.52814330499902,-0.462095313278228,1.50704173388768,-0.898309061693411,-0.693057104061709,0.794091615496993,-0.320830202363399,-0.53745998012911,1.26897374814812,-0.243665231025679,1.11176187133648,0.552222275309118,0.0446394548093224,-0.686948559064052,0.618819641936173,0.989336418937084,-0.435969273868307,-0.13615295627025,0.10948062123399,-0.295566183861773,0.0862556206794254,-0.00648667638348085,0.667165146730707,-0.612743311396002,0.203413666682508,0.186782745138525,-0.846119034098675
"166309",-0.294918616560245,0.494904740990544,-0.27930689046798,1.35439239635529,-0.700601114656769,-0.272318705708455,0.85123031283457,0.340579640456388,0.637055996396905,0.366433805088358,0.228990309407113,-1.17378301306507,-0.461331835862796,-0.0623653268817749,0.499046125857792,0.366960762720552,-0.91529454076753,0.43488479552116,1.17293263609822,0.884560449334117,-0.373389368361674,-0.466865768786464,-0.699005125296181,-0.121695640463934,0.247157541909872,-0.286374172322313,0.360372306328408,-0.635960917393552
"166310",2.58471247761165,1.80923910633493,0.0351558750350474,0.494705835228272,-1.21516269869901,-1.09945933700911,0.417988580769366,0.534496063846393,-1.1381373105109,-1.18531322530048,1.19661880891416,-0.332624084846827,1.12217868953265,0.191376901721841,-0.0372244266953468,0.0505378621234808,0.253459576153674,-0.790816825960049,0.895067891841892,-0.282620728914131,-0.40999106537486,-0.256576202843697,1.75669999278456,-0.567190978319626,0.308323761590893,-0.507120051182864,-0.389601342921108,0.277221869694984
"166311",2.55403828764297,1.52834021408061,1.45297448710721,1.16966658089514,-0.0168896683445332,-1.23903846318278,0.490360505377668,0.45270489596428,0.918487722346749,-0.948849794828951,-0.475522990124303,-0.434025357221248,0.501691053214067,0.820720345616671,-0.795051536930131,-0.702197161087607,-0.54357542859802,-0.716680845944644,1.08927052586382,0.281129243999856,0.115295762059381,-0.260697402906791,2.07183769982922,0.045999132451704,-0.00875669244760585,0.370129839186587,0.685565477010207,0.356172812961684
"166312",-2.16728961023296,0.237267553757869,0.0745123814125626,0.0705294584056311,0.269131954782984,-2.00502392248595,0.916059679824847,-0.608976519282677,2.07445629936212,0.060577292309531,-0.024915880420804,0.899555573816616,0.413081957352391,0.0282706611250293,1.45021353067562,-0.242833961645233,-1.50148906887519,-0.936695759123543,-0.26112451466877,-0.458511219943413,-0.691754769247639,-0.620966826772566,0.161803027812265,1.09817555119266,0.227446095681884,-0.806544730364668,0.636396928094408,-0.575065535814359
"166313",0.783025898982332,0.689017883698908,-0.848662145060815,-2.01188795063151,-1.15643261140859,0.687647916310603,-1.65726847180308,-0.822983081081745,1.25054759412041,0.956200131749624,-0.329464044630501,-0.375407220042277,0.407345781789231,-0.123234175307412,0.266873526052336,-0.770453140749218,1.54245796358843,-0.541057168700076,-0.131967625792219,0.465700395724481,0.558673459408885,-1.94583660456133,-0.557012791801048,-0.485413307328611,-0.699903337373609,-0.818961236227361,0.660729611981179,-1.42507957633303
"166314",1.89042434241212,2.33546449859103,0.318503052214827,-0.012935264918041,-0.86269758756137,-2.07178856126556,0.0411288231293279,0.487365064294572,0.365539855761465,-1.70705213036405,0.232784651010718,-0.225897363437335,1.01080597658071,0.0297316753481649,-0.694289434934981,-0.750994753641129,0.579678371411218,-0.885763787691726,-0.474482011206745,0.015688980154602,0.0122956935067014,-0.632198598482655,1.31590841688405,0.102830190282719,0.0818956047839624,-0.371544516869727,-0.881401640660964,-0.234537108150061
"166315",-0.0888076912572529,-0.580922304298718,-0.974331698571882,-0.221445885186898,-1.3162196815004,0.419690474191654,-1.16007309758586,0.540980842810694,0.765131322612661,-1.13540596456121,-0.0306917698153086,-0.416722531597529,-2.03691928291874,-0.664885279487645,-0.548690498415399,0.5892190575633,0.242701509741732,0.973494637941401,-0.814905971799691,0.318461907221026,0.60476275825955,-0.281987233347404,0.274882501803966,1.18058233569358,-0.746801735454036,0.135058998488596,0.257270614008705,0.639869295153048
"166316",-2.5071783543208,0.629833934803094,-0.620249067441266,-0.833712090021043,-0.3717638520285,-1.50014442947135,-0.144453081198962,0.233681484924977,0.192484440494922,-1.1911518487024,0.542695949282554,-0.625544818679864,0.0144834682504745,-0.839373890582764,0.00312319219775128,0.360625063144891,-0.0708292746530628,-0.732895331583385,-1.15612960434967,-0.178592445931201,-0.668867576178024,1.04795340443427,-0.01994163225989,1.86111561452502,0.148844619566367,-0.179448825553352,1.30983580349126,-0.132583325746573
"166317",1.96243958908209,-1.96269378050776,-0.0660114886821601,1.25789950383969,0.453864112590555,-0.498019056490549,-0.159424046339216,-1.00404265115183,-0.59719088327824,-0.338639345083723,-0.68021536212294,0.504417439722517,0.0956745754818963,0.369030940403604,-0.365383418121649,0.73934695790795,0.628719392523524,-0.916926090047079,-0.380209229763555,0.160888084115854,-0.178318717058667,-0.413418584989398,0.14296397096798,0.639735189384048,-0.237248399800431,0.288404904823528,0.91043789851176,-1.11413857988259
"166318",1.0875810541531,1.57402252468121,0.881711302271779,0.690450935756088,0.904557476502357,-0.823962785995334,-1.21476381921232,-0.1063103684746,-0.277912699483653,1.23323429606085,1.3887297035771,3.79277001732355,-1.12829285632917,-1.44445995546188,-1.06637304689043,-0.0394350386481533,-0.0357266310171342,0.68535342490923,0.720575998214567,-0.911252056070528,-1.20157406343708,0.478426739322363,0.0179434299822538,-0.556710664373191,0.798615059498145,-0.428679625873236,2.24551704581581,0.622201953746661
"166319",-0.944190050818849,-0.919086229889939,-0.226405719349982,-1.38413320710356,1.45295912696428,0.485217709761903,1.036307556778,0.384701380823621,-0.759566574033925,0.0287232433101343,1.31357806355559,0.0856242815807513,-0.0994643708397663,0.644595763030993,-1.21316285385529,-1.07986056789194,0.697202866078183,0.0824787699258173,0.784677728709717,-0.340107807582021,-0.989728787463193,-0.868357280469937,0.215781035370218,-0.571032889766752,-0.671820931113467,0.333500177724051,-0.442415747494863,0.262706514740887
"166320",1.83526052937127,-1.84217528128723,0.369064008813374,1.95716998177599,0.812529249087054,0.231369297557142,0.181933706221224,-0.0428208813558424,-0.408355932119692,-0.580352270490078,-0.599379289758094,0.685057248587071,0.638625439164757,0.651198495744954,-0.555399894042681,0.575289957693451,0.65255559374955,-0.778040134585771,-0.49786758635881,0.350486641120955,0.151470286390822,-0.0442971926145796,-0.441903229893839,0.657363140699044,-0.428744512721337,-0.509716903936659,0.412345161623138,-1.14308394664776
"166321",1.46490632186245,-0.771800524219362,-0.00891544948693312,0.632259914542485,-0.198204890481076,0.0203179886219248,0.45103676144272,-0.424289773266291,-0.459435049532015,-0.105230960094841,-0.191771518758856,-1.13311945596381,-0.189348296433091,0.304744985483402,0.752269342934155,0.757519037623465,-0.706084991397748,0.862145349391349,1.73391817066617,0.441909132011829,-0.243567466926344,-0.40668561107107,-0.606737251653099,-1.87371978188153,-0.0809787726721579,-0.514229650853426,-0.320267355746448,-1.08637954267733
"166322",1.68989971390244,-2.64157534858097,2.15248397841381,-1.70657983899177,-1.24481327485585,-0.902285230314155,0.709016828990989,-0.432044609138756,0.00297525872341245,0.958431547236884,0.463534570801005,-0.342261867970359,-0.598325248099153,-0.396667880938476,-0.68036944504831,-0.218628596955254,0.131696295789406,-0.869922527157482,0.579000692264555,-0.483932969532885,-0.611033053124501,0.543562487157673,-0.147931132504983,0.614397440048981,1.08389439410134,-0.505308202455868,-1.3634963133748,1.05427463532063
"166323",0.122516915883186,-0.708784894870593,-0.176695241788897,-1.0276218220074,1.27934267145685,-0.29754637444868,1.08844110783617,0.744022255489531,-0.089777821766346,-1.30557168447088,0.31455041019864,0.217092519082926,0.211837722243554,-1.2981250289155,0.406261930965362,0.290052590616371,0.751306108433834,0.279661928790895,0.00173781622146099,-0.153909350861825,0.403379126468894,0.675078162831139,-0.296081007156923,-1.15963101279548,-0.0650095699436175,-0.537216911669807,1.1120050732666,-0.217395593414006
"166324",1.50745265982285,-0.637225761697599,0.376728663888916,0.966634229782115,-0.30078355388611,-0.0911383582314547,0.109946997286413,-0.506766013011185,-0.864543521797766,-0.633364516509237,-0.387979138274203,-0.988028035053246,-0.0897743081210062,0.254011671453501,0.914112884842417,0.338906530650815,-0.982203609799621,0.591549272333849,1.37988740532489,0.805713364463752,0.229808727483207,-0.235356344370612,-0.754194813219381,-1.65707087292262,-0.245772341275322,-1.01285995068447,-0.826398437820013,-0.860910456090332
"166325",-2.14925133873316,-0.450527285137674,0.251289346474437,-0.529365976731266,1.4410666771287,-0.404611125913553,-1.00438345518548,1.84613126638402,0.388698915715298,-1.36219642277605,0.131550612300105,0.534290282048757,-0.683323731212153,0.117424517933214,-0.112003628194524,0.0328757836486104,0.155219636800808,0.481921272549367,0.7870313283921,0.417141074609636,1.17578651753701,0.335666237900064,-0.207746994882414,0.785997706662293,0.0567451784363678,0.0957560962382097,-0.0210039559244793,-0.891002325915767
"166326",-1.50108076630963,-0.535878669353098,0.685728206877293,-0.621214615044127,0.745090769975194,-0.721092325650815,-1.3454096518259,0.0890641668542343,-0.841854599279727,-0.433005295459187,-0.243921627020333,0.627465850897213,1.01161399162304,-0.00601413567702095,-0.163971987366708,-0.438428466287674,-0.123213690908358,0.538666963085052,0.676713036007954,-0.134566931186673,0.48878614845706,0.0807051205943538,-0.257584465598943,-0.0825579150323036,0.981171697822863,0.311660952582191,-1.24257634724158,-1.03608540432267
"166327",-2.03141219187944,-0.442515607972077,-0.137630896638691,-0.10583153032905,-0.622031612301926,0.299727623782403,-0.550149480388807,-1.32315468897199,0.936435652753781,-0.140945884946974,-0.0728360130339747,0.711519170333092,0.273195355737002,0.685743164792787,0.681957204566837,0.655991341854458,-1.05807136181086,0.161051648375342,-0.744739601587611,-0.884287168530357,-0.335561344577612,-0.445385970661568,0.766368908879469,0.751967997616621,-0.0259922011539054,-0.24210107366654,-0.632404778241948,0.742604548846823
"166328",-1.08629671052401,-0.139991553824438,0.76961369582148,-1.60184270118135,0.0155497356587328,-0.28409520289856,-0.550140126394434,0.0540790266740292,0.34856921427461,1.38520299620774,1.13191039209197,0.145797365818094,-0.135726617515955,0.704042997750013,-0.0348211229741231,-0.980133206864842,1.18852435868407,-0.559740868752898,-0.780403896888199,-0.0482957524364452,0.601336058636266,-0.560267809774118,-0.668418495588163,-0.893630784398295,0.449312634522526,0.224811709522605,0.181678007763653,-0.302642240480865
"166329",0.683091030894465,-1.65025392665245,-2.01539209684601,0.363371848066152,-1.04628561085284,1.01662215218584,0.246913223699937,0.913540402334011,0.351909343490186,-0.196069576875012,0.764998552300429,-0.0119012433987025,-1.16482946081661,-0.765960776366082,-0.306060970596612,0.59930085008559,-0.240912549979723,0.93238996057891,0.746212553862982,-0.388202914216396,0.22831505891444,-0.738431895011309,0.207332983814942,-0.866192237131155,0.13171399850674,-0.190951907878328,0.478208298812178,0.423880494643155
"166330",-1.35148149676763,0.0797195417021696,1.52931813538438,0.280097935955197,-2.03228512144075,-0.700937730613339,-0.566664381728468,-0.945151068140778,-0.831025596881176,0.853917525274962,-0.343804208946498,0.135087392982431,0.335915217710987,-0.209798668573569,0.903662169971767,0.490293500153391,-0.451153342513004,0.49199479383429,-0.852834349499464,-0.36456845097562,-0.677041195898909,0.918292513945435,-0.415709690248433,0.0577888463463205,-0.710122754345124,0.827077633187009,-0.367686366153519,0.194041261310014
"166331",-1.62358997015138,-1.05311819365618,0.1490725508469,-0.542373021004225,1.84921890370008,-0.590252138256447,-0.779410283536082,1.7251416682523,0.21764523927948,-0.937476940517872,0.0810941648408166,0.477554506504734,-0.108659850001603,-0.00918191627312943,-0.44418824103402,-0.340396235496789,-0.432520125903733,0.257299155104766,1.31165199759289,0.321398542902905,0.917003051115604,0.392292252574657,-0.0505776892181089,0.258415923479058,0.182792431118367,-0.163830607757724,-0.0496408330950717,-0.964141506178403
"166332",1.48682137704325,0.890823052632197,-1.47902811464297,0.0131873079139767,0.29063216043668,0.340190527806647,0.798355401672854,-0.530500114772468,-1.76528277732255,0.428105506206589,0.452821522726342,0.0426375190291361,0.439668392317931,-0.503769962869625,-0.1270082874777,0.685383790445203,0.213784637317179,-0.214509330004467,-0.276667211041448,-0.504032353412463,-0.135071747369027,-0.607756436300501,-1.39732229597413,1.64313361928838,0.298977809975564,1.69778695721024,-0.820744897622424,0.0630040914641798
"166333",-1.41619836894056,-0.743656326357167,1.27797104370836,-0.309578613842418,0.158356178177355,0.490899134437058,-0.633140388516545,1.05912561622898,-0.26929820658057,0.221492416643014,1.07447812434769,0.31495645556576,-0.484503171559657,1.47144418285562,-1.02796187298441,-1.23691661016648,-0.942503490418461,-0.499954852293501,-0.259864152100109,-0.306186335397039,-1.31981250923351,-0.631463222038592,-0.318062206310685,0.783332836236264,-1.00354133360652,0.609764920046812,-0.796947222433258,-0.43696338877002
"166334",1.60465516440933,-2.19896192513423,-0.244856960612456,1.47246603984495,-1.08476519345459,-0.924380783789309,0.874265544822697,-0.0142054154760788,-0.289754195876448,1.41367290536305,-0.196739306938373,1.21349807936851,0.672905894243697,-0.0354600913355186,-0.550517000273002,0.435589372820659,0.599801425579986,-0.36174637673907,-0.377205262113688,0.222382813212444,-0.34443059556157,-0.177135169040936,-0.360386073965826,0.377254278684366,-0.508050699067186,-0.112041563390845,-0.176584872168614,-1.11699297603282
"166335",-0.231872390520689,-0.230272756649805,1.08042221275095,-0.632569367724516,-2.82046212611246,1.35646671706423,0.653452668676599,0.602233521494842,-0.480883952604693,0.964181565529785,0.123010819226531,2.03665376000125,1.3653043936881,-0.408078383636125,0.33423186002934,-1.87170774445914,0.157302203225571,0.139157387776656,-0.262334865676977,0.85260951966017,0.49549619963743,-0.3887947141514,-1.35594819866166,0.228678971706052,-0.254057780464093,-0.0382392476048982,0.990652709147646,0.770347097664299
"166336",-0.29653807138612,0.424997129466244,-1.58790439189151,0.10567431407001,-0.784295466514476,-1.11256034529554,0.472188114666577,-2.01915565014022,-1.37112137384102,-1.07251557696009,0.677217184799065,-1.07083778933128,0.206692015344996,-0.169445403234629,-0.227058420644844,0.743967743821912,0.390263732388099,0.0468745108236504,0.621409115497489,0.946673348295935,0.662324816733436,0.529288199068009,-0.447091754137212,-0.745529997802932,0.486878469678113,-0.393288181376043,0.757649218239435,0.0229757856516037
"166338",-1.42344488737933,-1.05119704251444,-0.146258966876253,-0.350451432477238,1.09646859637239,-0.558931461335171,0.0792693572386915,0.406644355649346,0.174139174130675,-0.594662868643746,-0.0420492129387252,1.05072142066251,-0.493822417224279,0.457685907080153,0.48372597355856,-0.667227216149391,-0.0278481999944708,0.735758014409665,1.48531794195146,0.0296339746579249,0.0172703329223762,-0.435840378459469,0.632927802322156,0.432979188812331,0.0485874366948549,1.1121471544581,1.94939546801512,-0.300731081182568
"166339",0.620174123305028,-1.47237009600712,-2.15616241023239,0.106852362198698,-1.56610308033679,0.297265952026748,-0.211844810815873,0.467806885317298,0.316056159299089,-0.462338768164438,0.643529891389444,0.158781648113941,-1.31525650194408,-0.983931847956027,-0.32145156683856,0.24925546036344,-0.58083896441704,0.593907381705013,0.103334473899833,-0.285831403646483,0.459555828964581,-1.01800963582069,0.0418676158466438,-1.04986296554761,0.373120217608074,0.0125902008425286,0.276375358127096,0.0586875018373076
"166340",1.1966803571645,0.885078852468243,0.615574162290071,0.841863387408863,-0.0266332279429136,-0.0789661328430322,-1.10733057833296,-0.288692028446122,0.109035197032062,-1.29042457784873,-1.02928600328031,0.234275796515677,-1.08771785258501,-0.211369201767794,-0.288880704729183,-0.135069935667987,1.07809282231262,0.659169423692203,-0.462130149861133,-0.310335771413338,-1.65958907186558,-0.339374475996568,-2.03122960808351,-0.55847820641179,-0.489304038961296,-0.410522779776942,0.50371826498346,0.343694588886645
"166341",0.565906463163482,-1.3795331158434,-0.671109337524402,-0.262582093405413,-0.0902132516954673,-1.60933675865429,-1.48440241944175,-0.563000725003508,-0.82824256074876,-0.170536993635463,-0.376162641901544,0.257511979329262,0.111259145290439,0.10056466621985,-0.672990670606129,-1.25334610347654,-0.113662514478795,0.839651311622992,1.35282278552541,0.47048134495317,-0.208919359480372,-0.969064043851226,-0.125921196194066,-0.388408470427302,-0.109845212958231,1.0105567229471,0.22328123693418,-1.10119248674301
"166342",-2.34221190744173,1.13643615947656,-0.370817321946335,-0.203174935146755,1.18158391815577,-0.637323959574201,2.01396779201257,-3.30285590959755,0.273457247638269,-1.16690889690476,-1.11228704134461,-0.77623457113303,0.869343334922669,-0.0379313132352444,-0.5175617056637,0.0888059466736593,0.470066704710289,0.154494835592864,0.555608930503537,-0.47255877584382,0.150073781483595,0.296818044475099,1.20318923185751,0.118994899825142,0.964295648628354,-0.491459250147767,0.187657347801782,0.42768665315325
"166343",1.03308912779629,-1.40790453053625,2.24457649154974,-1.34151728363383,-0.446266732653469,0.255745583849687,1.01917965440611,-0.810395446636749,0.0211037461335616,0.074932130835356,0.492504701624906,-0.309318249999148,-1.15559648927885,0.65025538771769,-0.0897257279575609,0.666610014625964,0.344676156767071,-0.304019809811763,0.369635185481868,-0.0207041576807382,-0.112788189609385,0.618844403475919,0.450236539731727,0.618307745141719,0.161808708477526,-0.150863021274151,-0.683979265525095,0.806239610814581
"166344",-2.58192420698199,0.783897583476824,-0.642668235353684,-0.760141022673985,-0.156083055897412,-1.58422237291267,-0.178265068438938,0.0755837872902027,0.418543382906541,-0.980257558710697,0.611990307367044,-0.460939842056297,0.214692610626164,-0.538876197844341,0.359145405064443,0.557399801604745,-0.241229013485336,-0.718111681406758,-1.01815173542165,-0.20826627351933,-0.839183094369737,0.748486975911454,0.123315426214661,1.67006543537798,-0.0699996841116879,-0.204596290908438,1.08797680015728,-0.253386738472733
"166345",0.175552535843504,0.485786563527606,-1.06106101697263,-2.89308367265869,0.105746701329124,0.822779055693515,1.05810776994312,0.103490716823977,0.236726929324824,0.713953828671067,-2.35221760106054,1.64861286680124,1.15319754420787,-0.967617435947729,-1.23342883382957,1.6631151240821,-0.117744298261166,-1.00071497781144,1.02117909788266,2.96425209011451,-2.52152219621046,-1.72368744859533,-0.205179334039107,-1.69574495259901,1.54662782607189,-0.962003916735486,2.16221232090791,2.23419960019655
"166346",0.890809693400256,2.28165261915199,0.133127301696828,-1.42216343530452,0.230800733260732,1.60308352755974,0.810094492294725,1.13930252854936,0.928194111221669,-0.408502545742616,-1.94087446770834,0.834482728466613,0.791799691198226,-0.164379359665205,-0.432096163161647,-0.0482433681388969,-0.45769111456215,0.388770523641003,0.489052330277505,-1.78450947172413,0.126487089209889,1.79208825270687,-1.42011418177842,-2.04994906963342,-2.57873017857611,0.0573408795340566,0.344431586988748,0.389473240157466
"166348",-1.27443400982653,1.01660079505202,-1.01623848013168,-0.136189554977382,-2.12948889651353,-1.41146299812878,0.464687806864416,0.703631356124559,-0.586803289051391,0.436349193365758,0.448216240315747,-1.56457862214345,-0.35552372530265,-1.69310523429241,-1.05993855249098,-0.1367514129879,0.608573602780853,0.839251067167479,-0.898903357101454,0.90186874212748,-0.584848407136484,0.944204736164092,-1.15372072181931,0.817498952043944,-0.971688012727261,-0.192535995669503,0.31031580929482,0.16681430063179
"166349",-2.73283920478974,-3.42508652552323,-1.29001848129059,0.254305181866969,-1.4365887036289,3.347589418684,-0.471112327684493,1.01538571880037,2.1126778964893,2.59491011876641,-0.565628476146794,-1.6095342524147,1.84073615848268,-0.0904627991974323,-2.3196358012917,-0.343066478386398,5.22165667292962,-1.49220482047952,3.02868396034724,-2.95580757032387,-0.607558135475279,0.157363965193471,-1.37314092562632,2.18521091726241,2.17482271063043,-0.473016442095892,-0.412307939492046,1.87112041913499
"166352",-0.0245039705851428,1.01592843735597,-0.707952999493772,-2.75287671978702,-0.785807001373446,1.37110557265493,0.0487128281254579,0.385387432481517,-0.3366280918523,-0.857408798169436,-2.24707132872121,2.34926255747275,1.16760808351685,-0.813704255492426,-1.49063656527545,1.51431021344075,-0.147730387859446,-1.33638796062609,-0.601334935896183,3.35196522085788,-1.65750077758188,-1.00286181243088,0.0449617522014142,-0.256119848330111,1.34223402969307,-1.47876764376058,0.606968593025665,0.819559920323556
"166353",2.41013609854774,-0.837878368297111,0.128569451590888,-0.530966706637085,1.18371618438277,-0.204770579328465,-0.441007592798732,-0.696126942271073,0.696769015387954,0.346776993509464,-0.147443142398801,-0.96040262769609,1.38718527024559,-0.164486446080939,-0.093074909400613,-0.286783142690845,-0.619741045816983,0.900553221417625,-0.633330507622491,0.37180501279083,-0.358094595989445,-0.467146918065003,0.546404871734818,0.13872734085771,0.235834880634605,0.544870159320293,0.227527330272225,0.57086949078174
"166354",1.14539876911649,-1.38548670091833,2.38232748549841,-0.825408483894572,0.21953485282906,-0.314619084116018,1.07380775011885,-0.864418773581097,-0.164047358567893,0.251267133822039,0.275958954403909,-0.498500706311433,-0.842746896480186,0.663542121008046,0.345911122696305,-0.0012942058852823,-0.539934986003549,-0.610646838159089,0.499077175630605,0.784151264302354,0.287290647482542,0.340308075659382,-0.355395575608339,-0.82232141186754,-0.00241246741229087,0.0361205205503194,0.230563397006137,1.56856936528145
"166355",-1.75266204604301,-0.582411727105705,0.198742123192898,0.652390406363395,0.0606584973542941,0.270434305422928,2.36202606831889,2.88538569478659,-0.881660909667331,1.24752449682539,-2.14447645194287,-1.29540481761087,-0.579567716137914,1.53740432203942,-0.0881001343992446,-0.311211413998541,-0.535772313040056,0.528142136426004,-1.55440453367025,-0.762934489490456,-0.468102593258075,-0.400613386445158,0.0322147328188341,-0.686670461642301,-0.114994634511368,-0.179559633703479,-0.109747828509026,-0.293908327169879
"166356",0.412012081351859,-1.50106995913,-2.91130040761241,0.0675273443350361,-0.0250801224639425,0.56728525522563,-0.874021084144788,-0.707905073431642,0.749727258905329,0.209484967684817,1.3622818440063,0.0817364654228587,1.4524897275596,0.310476418982753,-0.915274651150658,-0.236113147183926,-1.89369240718592,0.0429757615439477,-1.70793531119101,-1.2346763493681,-0.492998163020969,-1.23028511421395,0.558439089862052,-0.649545442598793,0.459634808842764,0.31378070828804,0.754975363295111,1.3341010312711
"166357",0.254362791831449,-0.40894966564572,1.58193886642888,1.2573046606671,0.292484177813693,1.68710872479326,1.04882942525884,-0.309621243305337,-0.875363352545678,-0.578483313502113,-0.396330245975675,-0.0911648538738665,0.637558610413127,0.167409852956768,1.00937018345837,0.330222317517327,-0.990268957463993,0.45918045130745,1.14649989789037,0.168680517287279,0.34325046815996,0.589972019042005,0.223001016406439,-1.06917333980428,0.634873523863377,-0.51413007503227,-1.02749922979802,-0.911020053827014
"166358",2.32296459466318,0.692030763944262,-3.07093790126392,-0.151505650462676,1.77497243063214,0.577067549717897,1.5119491530132,-1.51052901197353,0.018713495539118,0.807894050178877,-0.576368996490375,-0.702668490004756,-0.459658187002503,1.33195154000413,-0.165752313902861,-1.20135043773714,-0.323199436667728,-0.204074297373732,0.346116333562631,-1.15369207880463,1.75943122174055,1.77320448397416,-0.303597381362961,2.63206402428127,1.87717302588263,-1.57843986557557,-0.898392679454796,-0.00683968542497262
"166359",-2.67954835735263,1.65518121281698,0.319537541538163,0.118335605277053,0.228476309048553,-0.809902278983947,0.941802436773001,-1.09214114609304,0.643349430718194,-0.228991736595242,-0.309048427215057,-0.68616383587413,0.688692561018896,-0.608700638190144,0.760159146451971,0.0124298538206931,0.395956975251327,0.0347296334799379,-0.425392935302717,0.22682224595955,-0.370788643483993,-0.20711930164861,-0.40125360648443,0.691250366108197,0.458129501485016,-0.254140419395161,-0.373403452791399,0.577413800561858
"166360",-1.45318731703706,-0.203276679303239,0.617782231356003,-0.127599322265404,1.05435286170047,0.257906321334843,-1.27274915202283,-0.387396023829186,0.150757094657333,1.59387418106662,-0.714291171919241,-0.655213875070284,0.975379384134208,-0.567054411013426,-0.533675973549183,-1.54411323596371,0.48840010353532,-0.0595341488140829,0.783520406442529,0.10279466457716,0.538126910526842,-0.0676371487037195,0.259271354922901,-0.603998374895429,0.761909218952902,0.389961999341235,-0.548598204488463,-1.2734185236942
"166361",-0.326225757592894,2.1125653208345,1.52311460658888,0.261644351704966,0.788263225511075,1.44278576865096,-2.16228221546204,-1.43279706689962,0.243066150351052,0.298057006001629,-0.962969511474471,-0.223418892845392,-0.334544193474097,-0.465037966269456,0.176292311843254,0.720358297422012,1.61068154243433,-0.310767565480594,-1.13514098940658,-0.994955615111201,-1.21764465339477,0.80216204668971,0.0198111604520457,-0.571405059239024,0.0711459449966794,0.279927331983435,0.385233811933962,-0.36979329403048
"166362",0.471069838987516,-0.805937726120889,-2.14917110685226,-0.477334660978615,-1.17707248763756,0.734163435349631,-1.78709343156644,0.214553483984079,0.609779213058625,1.59655891296145,1.26695425692314,-0.912085597853354,-0.435764468457445,-0.929754566540675,0.0430215118963625,1.06827676494851,-0.105874694507095,-0.195679273562838,-0.255043629424837,-0.20342056700093,0.568372893286575,-0.348926117956892,0.477727851585754,-1.40863287794289,-0.0826613964890232,-0.663747194635468,-0.335018695150114,-1.00616976307315
"166363",0.181958415338948,-0.950557111041577,-1.74883718651915,0.480920818084012,-1.61167305805198,0.718258269664482,-0.27656558517771,0.748163503836046,0.184535156575246,-0.947049435412766,0.633891193052449,0.0826729818292191,-1.35662559621328,-0.6332799145242,-0.132658375179941,0.276010133948524,-0.593991470973424,0.671241558669701,-0.334130100051435,0.00898812710694804,0.712588524079888,-0.760408855350084,-0.354493585459097,-0.654784706850825,0.0244534797267121,-0.462933030559774,0.0291241174706765,0.151439758720765
"166364",-1.64427361530431,-0.681870002035533,-1.11903599019731,-1.7470173098142,0.553867676711775,-1.20088462323603,-0.145568167688815,-0.466460481351469,-1.15511475441217,-1.50294508757101,0.4142306260296,0.648086688036191,0.1967492887116,0.351508302387715,0.373506982317578,-0.136878170782988,1.06989063764568,0.87177525551829,1.02630357534582,0.0152772393608939,-0.031327976337061,0.0878903997421321,0.814773189176557,0.784373264200719,0.323816230700171,0.333879619124258,0.971153540461641,-0.36173629720215
"166365",2.00298168800271,1.62694077745867,0.14348622534132,1.17644788850507,-0.913772273310268,-0.194292598880453,-1.06752423996308,1.2324618708876,1.03466938441315,0.853679045011773,0.739702194206839,-0.871032155807415,0.330937834285065,-0.521582803865581,-0.0224847652817475,0.0170111377673879,1.41598156934559,-1.83304017307582,0.557784711750135,-0.894114911410988,0.281141092254676,-0.446424919001944,2.25633715434194,-0.230404234407303,0.317601032080775,0.372886241909438,-0.250864103403396,-0.574257107401344
"166366",1.92025889675081,-1.65265809950728,0.376211056806988,1.09618880747744,0.111442976171355,-0.524851159214547,-0.27512249780557,-0.981488022169902,-0.58178386236701,-0.188151646415449,-0.772068525449564,0.148838849310399,0.111499979797536,0.69510519554583,0.0110593166866717,1.00250225423863,0.303080763061022,-0.711549967641019,-0.1408800040881,0.261664100195452,-0.658582707056307,-0.426095837998313,0.475596469016815,1.47162645693749,-0.326811856186473,-0.375949536362741,-0.130598186719699,-1.32371450538374
"166367",1.43470485575467,-2.28932583529551,-0.526367893973934,2.3761949331237,0.00897679449781887,0.264474977765406,-0.0425962505859979,-0.838911932090024,-1.15622349831457,-0.481965582673183,-0.511185475379674,-0.091111563150872,0.239278835606102,0.92377695822032,-0.509030575403884,0.924195574125503,0.100629257478985,-1.25931400713232,0.550345187155871,-0.183786605219484,-0.344708834604225,-0.3243400279198,0.0687606316610786,0.358225392133413,0.167799130285156,-0.275806556745298,-0.0713640358539428,-1.18779985605136
"166368",1.07219164177061,-1.00488406490634,2.4271799126417,-1.08185233535755,-0.217065268001405,0.0730361421726617,0.576652134261163,-1.06655317611491,-0.340869057195167,-0.25178212176125,0.441582330285057,-0.145626103682516,-0.95841337881367,0.925422642792929,0.40825584369196,0.547659400268221,-0.355685391185537,-0.508398811285772,0.0481841673641736,0.400074550319014,0.0802440739564902,0.516014747581772,0.550274750130633,0.247553327897113,-0.280825287447759,-0.150608370270078,-0.686088654686705,0.704420348211356
"166369",2.31212436550081,-0.146928356550892,0.381491710747353,-0.208295019709352,1.58502167872951,0.183438984256835,-0.468552863990538,-0.592175131670329,0.604723656334466,-0.00048345784815499,-0.0687122800244655,-0.747903966408121,1.57152449969323,0.191467219551737,0.205758193293985,-0.387763535768162,-1.37339500967518,0.866358693640494,-1.10563105111104,0.707782841431141,-0.253818213212461,-0.574131804658524,0.57846742744705,-0.144760012681408,-0.382121952500276,0.163790328963474,-0.0945774041337605,-0.0447384919116448
"166370",0.36623733336704,0.57485505401092,-0.0564480172647812,-1.76444256194933,-1.28179585664895,-0.0579216176903633,-0.752929503563981,1.15264951817589,0.440199499526913,-1.25940612462268,-0.512401882913259,-0.286383221874568,0.371362417202218,0.186506490653507,0.304309308713164,-0.569652158912368,0.789645438456099,0.480681678885169,-0.0426661584974794,0.819260864144786,0.797228775837263,-1.47466439442328,-2.76147358052051,-0.314493642811273,-0.0500078947976266,-1.84590524228348,0.446352887996079,0.0677192934422686
"166371",-1.19197774959051,-1.03412605519772,-0.269680015700434,1.21069735908067,-0.249524492020418,1.91158301036157,0.963844981935402,0.441870048719017,0.3825593841125,0.103440347166966,0.248589840245413,0.0801675578713634,0.11144149295125,-0.130571339155205,-0.268381231734459,0.0987261811549209,-1.61061913470851,0.384539801522298,0.67154678846564,-0.770616631223153,0.0946619883007443,-0.0665572451965821,0.184628669069499,-1.03863471193982,0.781102452404096,-0.618019958483863,-0.0540200262976055,1.14561067286913
"166372",-1.86006851650432,1.17788890565698,-0.00782675653395862,-0.340241082506228,0.894750935153558,0.0303178298785118,1.85392647899144,-1.28943381788645,0.349145544342284,-0.274269873384022,-0.393094908547754,-0.88052347382857,0.781165213783518,-0.749839552151247,-0.140377434284026,-0.0303061120989287,0.0249863811364556,0.279058153383691,0.28229207527092,0.000228657563087979,-0.621421941931559,0.222995987691881,0.89481691231583,0.676413671223109,0.622642733687827,-0.450366239263498,-0.329451689119606,-0.481288775106899
"166373",-2.00660339920895,-0.687611623556037,-1.34998914857424,-0.229940005012217,0.695451207938825,0.337673668370138,-0.0880720879798896,0.792259843863587,-1.45937960636823,-0.988669023082217,1.11986552268742,0.124123749297625,0.302107835246337,0.579917125445846,0.115871856508649,-0.0379452234469153,-0.0890550664193441,0.455136245664025,1.78093013138254,-0.207426742166301,-0.637336967247627,-0.0209453108866889,0.51891258258622,0.0273807839063737,-0.10542454535697,-0.0830063162598561,0.0310919969530793,-0.930931568150014
"166374",1.93514514492775,0.0965456216603009,-1.62171792211262,0.569899599238813,-0.132591513930152,-0.560459003652061,-1.19705864499243,-0.574971904489477,1.42216903116961,1.36269457628077,-1.21876500590396,0.0184367326861476,-1.59771482074836,1.11744966684679,0.100147598182033,-1.72371073419412,-0.0832217970476765,0.639883193522233,0.230266409290435,-1.07198253443433,-1.11490742685788,2.10480176523445,0.0396583969933298,0.777649059739443,-0.0926051597067549,-2.53529890592589,-0.425787516466664,-0.230453127416659
"166375",1.83718975176968,2.12306897682189,0.0691313599083845,1.52066243120602,-0.740925843637765,-0.800838704370701,0.163317281329554,2.17716406814394,0.265538471889564,-1.0035305059408,0.831168807709085,-0.90527011695406,0.876057466311278,0.0984738112385417,-0.753230827964637,-0.130080021838955,0.319338910510303,-0.719212727425854,0.949712506520522,-0.222532106361546,-0.391432527583022,-0.694801563037882,1.04340553649796,-1.08617782896231,0.189545569477588,0.154042074153479,-0.605871248629913,0.316695424114158
"166376",-0.765483405245543,-1.22062127996212,0.613639972194025,-1.68478401951344,-3.89953463470474,0.841748720282754,-0.277902724743229,-0.559711925654999,-0.299936301595429,2.14771639719444,0.358347659202411,1.70534729025983,2.11604194183589,0.511839114343663,0.507177484710336,-0.763765452541698,0.296954748677614,-0.24361306037995,0.633488175116847,-0.70665978531369,-1.8454794187752,-0.499002019724575,0.208829093899545,3.0036092007692,-0.284307388321526,-0.9665588501056,-1.89415126422992,-0.365804436597287
"166377",2.78271485794797,1.94141319852892,1.36405600270261,1.53601953834228,-2.09203026570847,-0.741232192330449,0.301852648987174,2.06486494358503,-0.253727130453016,-1.40651410816707,0.637130260527292,0.195109411415034,-0.139951401690951,-0.109667845827292,0.410953005576867,-0.527077417360215,-0.0454331670216383,-0.51800938997431,0.206828333538656,0.165930736729486,0.459322033368285,-0.33776134068668,0.99222079256648,-0.079174394145918,0.823294932895851,0.356836496847113,0.764089775784908,0.490845891202703
"166378",-1.47594826667879,-0.751178014372183,0.0363286715332473,0.652988061018492,0.325827910694031,-0.261044118719612,1.9769753145795,2.33087826695352,-1.23637853996544,1.78647211497745,-1.69374028094539,-0.576709789394529,-0.490513363554009,1.41077141270239,1.26615230884135,-0.130669918800546,-0.376593993696295,0.257266756809483,-1.46291546973933,-0.562523963136078,-0.43469755887028,-0.941975125176342,0.0139292950163694,-1.27627185153688,-0.611927305083156,0.474843798962307,0.708434959419501,0.536696139690964
"166379",-2.95004037357401,0.589379735488462,-0.201144441027653,0.269385235125623,0.426833128251079,-1.60400728543827,-0.522216396793114,0.205954096289888,0.927498520088338,-0.892196058734471,0.0600490642877305,-1.00561361965704,0.461316311825392,-0.206253555595617,-0.297891236585765,0.210381062512582,-0.631695885667028,-1.10297490295141,-0.369417217177243,0.146345413426382,-0.510421298732788,0.860076135389115,-0.158068894964309,1.54920874847327,-0.316293347575917,-0.537180494440259,0.240235079247732,0.413810722500224
"166380",1.90497263515687,0.72446833888305,-0.985472493691697,0.629150334524345,-0.846772362777946,0.00823390659121061,-1.03020053688706,0.388156154696187,1.10789810256177,0.589738820697794,-1.06737959205285,0.0590409781520227,-2.20041263426588,0.759419806491921,0.0865624492353679,-1.71320624347188,0.624696116316678,1.14463186640011,-0.616561489049057,-0.63050477054906,-0.343946024619741,2.7330367568112,-0.755940205808508,1.31479469080776,0.138928056313991,-2.75982904107769,0.0043655007811662,0.161322872318516
"166381",-0.388186814152029,-1.13518802234122,-0.120548791515448,-0.0148006747074564,-0.182659908429717,-0.475811736673174,1.28968670813022,0.0999386307879122,-1.09118528061076,0.911139416179291,0.151155828017442,0.658519138132398,2.2842646289323,-1.22145561768304,0.545964002366643,0.0453022253861194,1.28303438143439,0.894740311507634,0.30293744074586,-0.557810741062461,-0.245935594102669,0.879983734598934,-0.607949284322305,-1.96047651869312,-0.097824116248842,0.152004794100626,-0.33898633933809,0.735233395219119
"166382",2.24046392790972,-0.427081406831998,0.0823440680446711,-0.357675350953136,1.42372442151857,0.37696970371389,-0.396133857501426,-0.0935669308024686,1.11967845249364,0.313729894747226,-0.0516882627132237,-0.824994786865046,1.02707642006376,-0.459432502750903,-0.13631268137947,-0.440634861355892,-0.754295889541729,0.879174622491986,-1.00607494135489,0.337595973197981,-0.493549356356709,-0.856876466575723,0.711501148240313,0.294749964913285,-0.229668681059995,0.569269371010709,-0.309101148499088,-0.177954659404119
"166383",-2.06948712502258,0.883990226930603,-0.258204069977476,-0.558336455849075,0.0160801892273896,-0.696751135298895,1.09935984210671,1.57955873117519,0.788738758345785,-1.00191384817303,0.820357190058415,-0.213412600452185,-0.188228170883595,-1.49891719400359,-0.069377836366475,-0.0593167872970915,0.298484578112901,-0.219183339530604,-1.20796662439414,0.294501033028041,0.00922845954434586,0.9235282280226,-0.859958886800955,1.18731022183289,0.333308586652695,-0.55132605305955,1.55482705165848,-0.101016891827772
"166384",0.162032421370852,-0.942855349584532,0.279290295782573,-0.871939098244973,2.5645102028041,-0.431973822771461,0.608572260298075,-0.442826191567654,0.0781873477933195,-1.63964020002306,-1.04816999235495,-0.745763216226496,-2.17427479135899,-3.1414743451874,-1.95181291128333,-0.848545539601071,-1.09222727854666,-1.06724204619617,-0.0211155055425737,-1.26982920245638,1.21286901195856,0.681870627054726,0.190859126506591,-2.05520413726387,-0.303419710813326,-0.619682977131714,1.66352578819959,-0.0104066597375441
"166385",1.27838105666953,-1.29663564481232,2.6459300449579,-1.03257987858639,-0.219842778755537,-0.11740281714787,0.657985982275264,-0.896583233932531,-0.445701925187639,0.197045683513628,0.420094665020023,-0.492801951412533,-0.823699627430877,0.611427523967837,0.0335783632862176,0.0749651502709047,-0.853278215231998,-0.743171034229635,0.233581917625951,0.526620645406897,-0.0908803621572647,0.624181685827613,0.0696873096165524,0.00888947673488715,-0.19144039040365,-0.485737972571018,-0.728432150993488,0.964676637444111
"166386",-2.74051735435772,0.519463058044968,-0.588048136887152,-0.377097636792674,0.0982960146198415,-1.7032956569199,0.0228274575181233,-0.047027736237662,0.374393842051349,-1.11669163836679,0.472676913011387,-0.373454871496282,0.828655733243967,-0.222299274828314,0.239293979804938,0.234021430514563,-0.349640869064024,-0.916373366124743,-0.950019361808613,-0.15477600749949,-0.55522980313308,0.928981873147303,-0.404772998837063,1.35155304141308,0.0199220504996492,-0.74915342375104,0.981288079814913,0.0807038444351223
"166387",-1.28505190282669,-0.756478417012457,1.23751872369403,-0.853433430231046,1.10231540084553,0.325785670508508,-0.330447672923401,1.84954783722691,-0.267479055806981,-0.0577888137118705,1.70131875394854,0.926935397711974,-0.228153226877549,0.939901007418329,-0.520751627131467,-0.248032511355578,0.414336339040803,-0.208791410204238,-0.204970870587419,-0.142498908373816,0.376932093785791,-0.142706724296848,-1.4018577879648,-0.343938692001601,-0.468009860515749,-0.121618969004529,-0.737788428998144,0.369902977091327
"166388",1.78150319818484,-2.32202067966616,-0.160267231673399,1.62852069400916,-0.658842210312176,-0.353746393933187,1.15502464724214,-0.230855351848473,-0.563461942602249,1.16370721532765,-0.221039701880991,1.14431927373921,0.441586485507104,0.0515287315586537,-0.79749249242173,0.609239583337081,0.911404769881818,-0.232547276979393,-0.0154115311932743,0.507951180356933,0.139844865618067,0.28386815985494,-0.0381788376305731,0.402773373616988,-0.63913520534425,0.0668618152818458,0.365449515607472,-0.763662512531848
"166389",0.180074803213489,2.51705957933423,0.509036502442107,-1.23951580408306,-0.000610387625355896,2.16320709061714,-0.599799478035768,0.76573681128084,0.403889007361077,0.00847425266983123,-1.20454700319877,0.671929781280674,1.05828269275673,1.365959228325,0.445843244533028,2.05019713094296,0.266004784048439,0.65599869470579,0.923926725690111,-2.33134508656954,-0.96206898150395,2.52046661214121,-0.652435173403807,-0.496933386705101,-3.73278091326954,0.455902384471674,0.439172184184814,1.14551812968052
"166390",-2.12586704581267,0.702859106017562,-0.338853029149671,-0.570752228943688,0.227185704960103,-1.20069783615706,1.15772744743384,0.954257313725021,0.851960510091308,-0.844868716984809,0.425281849420608,-0.490490451457616,0.161180428906687,-1.15355346808026,0.12265425592566,-0.144203338489321,-0.114038049137737,-0.322789852970206,-0.644495381680457,0.151979108884028,-0.334230806568636,0.657021607091074,-0.517598854284634,1.12451759194446,0.407948849137763,-0.927495907376795,1.08560175711348,0.0353046737396571
"166391",-2.07309946613868,-0.255779663226732,0.0945821921583406,0.650006531372273,-0.38282492894742,0.611483189997952,-0.560108091335016,1.58069925984419,-0.682671822442344,-1.35718134017131,0.389854660203846,0.17906351223155,-1.26938145700798,0.633966942355517,0.0871889750186838,-0.36277808936482,-0.762744308267804,0.633135873683705,1.08381387890155,0.220958725160022,0.111291045460838,0.115289308639307,0.095404660127943,0.798746909761225,0.294416026223161,0.814941339277522,1.00767487706548,-0.900372797842904
"166392",1.76547105943486,2.09679817254013,0.384259794768607,0.616005746554421,0.153326409764516,-1.1261106527205,0.218045369533158,0.989706221027664,0.633288153276435,-1.11932756075898,0.412032625218494,-0.543686476550093,1.12664951408306,0.397744771577346,-0.859914949268197,-0.174982094526332,0.87550020004845,-0.680135827265848,0.485387671805331,-0.188808218204345,-0.421586290051132,-0.427148309230633,1.63317456791239,0.0572142847570766,-0.614132183100175,-0.118287394926893,-0.463940897587201,0.332850288338149
"166393",-1.43109125067125,-0.616695333376595,-0.399951801986376,1.34779235210634,-0.482911667391582,2.43626175588861,0.353785442920693,0.0563862550748809,0.225136938289667,-0.916765071369868,0.84136890137084,1.70357279502431,0.476033586582107,0.617862369981045,0.533457697396274,0.923462380637119,-0.667713678037218,0.391558762090058,-0.328729842245362,-0.835171957440271,0.92484825768093,0.116187290449775,0.748076012460416,-0.318690238244238,0.319476892328823,-0.525662830996587,-0.711153964383949,0.358395815988075
"166394",-0.346336219911149,0.147892463349625,-0.283517685076858,1.22327338975587,0.390946178162904,0.107069954798066,-0.525505413376682,0.313447743358158,0.845453634150002,-1.51070095919272,-0.820439003520122,0.720017539187601,-1.37012528246035,-0.600035527270501,-0.847394591837305,-0.719480211500027,-1.17234621742004,-1.02362564198748,-0.00885622121684351,-1.35632110660353,-1.75080967458424,-0.515996717214299,-0.730655675240913,-1.54427602885876,0.822186792421577,0.317484139644087,0.64914000918602,-0.954158543458636
"166395",3.63361207086437,3.16016735055004,-1.15262699343778,-2.05169220084596,-0.563430178796755,-0.947384320434398,-0.523999155356878,-0.737881665398502,-1.66306607652352,1.98306863479417,0.0965014806245935,1.47656281768349,0.349957118592132,-0.144795616775856,-0.43877797639908,0.927000652951111,-1.9584837535193,0.0718421135123147,2.07136989436853,-0.706805803418255,2.68212815729317,1.03136088856735,-0.883947355627668,1.94123940606566,-0.447470880132719,0.926546080143679,-0.334134836984279,0.772851101362397
"166396",-2.12652099849003,-0.878853215068775,-0.617355603245438,0.465204825742837,-1.69258066067991,1.69710287205212,-0.244819829148918,0.279051140715551,0.577615508978391,0.555352559472722,0.897075374570974,0.187187549493556,-0.484717139220015,0.152590932051508,0.466168622071511,1.65953662411433,-0.0516360833151667,0.608672723259643,0.255453635921497,-2.0100157323498,-1.15346454236473,-0.231958500383576,0.563936826039161,0.911434513060761,0.60216619426945,0.164439727158669,-0.321548681812408,1.28208657970313
"166397",0.69779298892157,-1.56754301195616,-2.62779755686453,0.47763693165313,0.396224317265225,1.01827209643885,-0.706910551033918,0.00567630693056832,0.950436315706093,0.0229392510985043,0.753213014579982,-0.615792257722469,0.81884899009478,-0.480350511943693,-1.71180685310437,-1.10058587137048,-2.40998496893876,-0.112738380394201,-1.39093550003593,-0.691459216127067,-0.198361754992001,-1.23628184767589,0.851413366621252,-0.484671935139366,0.405014494505704,0.203711992431072,0.120892340335759,1.1641266491029
"166398",1.91085474880907,-1.91487454500675,-0.45638875906286,1.63969882084373,-0.467196675170059,-0.199977287382289,0.242481197325849,-0.898903441673948,-0.97425220692075,-0.147766999700866,-0.53205704492731,-0.214111681519313,-0.218334676509476,0.502303857998916,-0.194842016080899,0.930075170339454,-0.238086745665848,-0.908878783478609,0.59547705836546,-0.0571420105232499,-0.625242574135657,-0.807706735542826,0.359142634430097,0.234870521091351,0.587857526712942,-0.207363320959218,-0.19069686578697,-1.63893041743397
"166399",-1.36747868353289,-0.60193639602764,-0.302381735864496,-0.400433737938123,-0.908964680655399,0.890198392198888,-0.220784486743605,-0.173171357904238,1.15903024953886,-0.425836061879136,0.12129252668375,0.773089424752176,-0.132933396319429,5.17400131527443e-05,-0.655693749777314,0.819700873031189,-0.400125895945338,0.722191576158282,-0.959182697464809,-0.962024630733256,0.205969082446019,0.198250995267291,0.805441548026568,0.336695734702866,0.827820541134999,0.719668421447096,0.397204325032008,0.165848360998405
"166400",1.7599512641741,-0.468217193825628,0.208892082195429,-0.268408781092188,1.26058241080359,0.0911193213409562,0.162463698414403,0.056676903124269,1.63144668536065,0.498066880315529,-0.386683823852509,-1.33521385946843,1.2849503161895,-0.0655767800303985,-0.234669337551007,-0.378890047250585,-0.422526636873003,1.22541301212869,-0.5533930855546,0.0768418202660097,-0.697666890638997,-0.869689769018815,0.0351365217754362,0.339651048690568,0.30649348864029,-0.0477849509412536,-0.463707721479412,0.458359698836675
"166401",-0.950122811939173,-0.485865582051856,-0.384482325066779,-0.976054992752337,2.07099294244115,-0.935128373175927,-0.00275730086068052,-1.98906293763645,-1.86066448891352,-1.05827082171524,0.719187606141318,0.203416649071418,0.0571810554219441,1.48845993731982,-0.78891645033955,-1.0807109653433,-0.215683444096036,-0.453965137487682,0.555677747159884,0.352988497140345,0.244246082733535,-0.788277104101888,0.395948153349904,-2.65448035108918,-0.92252990145162,1.59610053665076,1.7618766316344,1.5586388899386
"166402",-0.439598400124075,0.70869888212998,-1.49425176191788,0.739061977976128,-0.205015668542214,-0.0241284115895943,0.742291868436646,0.243016303332022,-0.43524461905462,-0.724395423709861,0.606620480184671,-1.34249141080787,-0.207233256299401,-0.964994617962928,-0.118858467550335,0.379256141820831,0.456967505546543,0.33170076121981,0.6965202366778,0.748588515930495,-0.0625929300511015,-0.157159384771677,-0.322285748029283,-0.251318958598469,-0.112750517488024,-0.506485743953067,-0.205720251742037,-0.546804428024038
"166403",-2.17328725139315,-0.618651769920503,-0.873489159897531,-0.267967904377223,-1.22988426816277,-0.169307614282923,-2.23197343791318,0.485725518979226,-1.4637263603469,-1.21431129868638,1.03003528112823,0.847547884164014,-1.12201216489837,0.762970903945264,0.756851193434232,0.571222217477818,-0.463648491153648,0.130622546862531,0.389787258850437,-0.961459171127238,-1.03952209691591,-0.0870266600781256,1.2373999504701,1.50635696993049,-0.0440234386070777,2.10249693465868,1.39202143765445,-1.56070089298656
"166404",-1.87681749936407,-0.315074153795012,-0.133506013029424,1.15661588311167,-1.01956323432631,1.66244659625274,-0.583680483713079,0.0295548575106753,-0.00712018942177726,-0.434833689263973,0.0255975110603001,-0.372633889909869,-1.26079533722288,-0.504176276622195,0.201573372938111,0.21944433500745,-1.58904442463143,-0.0566286690484123,-0.170440377799114,-0.601531676506857,-0.0648300626726488,-0.347499255673342,0.68811793258824,0.288363958172535,0.0340217748605166,0.166156428681644,-0.432769156131712,1.30097311948302
"166405",-0.185915622786255,-0.631945213932173,-0.0924084306949541,-0.969660434270053,1.14122767002833,-0.367048553462774,0.497608602584025,0.694281723296211,-0.0384784774700719,-1.15244318601229,0.321806897871312,0.005103318517131,0.527726733426594,-0.841251576902086,0.46762919389622,0.41678866157199,0.165511283219492,0.00982866255248344,-0.0527189248070954,-0.19301143993939,-0.15508735599962,0.634105003868502,-0.0422292245491767,-0.574956278471398,-0.404615555141156,-0.837942861965884,0.0675435110994445,-0.836671746444219
"166406",2.65931719989709,-0.740425119062079,0.102086535681323,-0.843892777378189,0.659753137463205,-0.412860398372363,-0.489842429119191,-0.659032846088261,0.265512560687029,-0.0630727692001429,0.070424882689649,-0.491649897095809,1.37356902009471,-0.423303083749724,0.129012165094248,-0.329997581777001,-0.327214318349456,0.999602141002387,-1.29288820498659,0.401075544071192,0.0214422629826987,-0.284649825595807,0.253483117583123,0.0278925582422031,0.567594850864531,0.671981023561337,0.774022525236091,0.566661031905347
"166407",-1.33506311485171,-0.173869410844633,0.0231792243394685,-0.730587902095268,0.714806350498314,0.251143070036941,-0.217626470573464,-0.985847775258717,-2.08243375665712,-1.20983829940599,-0.207840736133982,0.0923753016790466,1.14843114360014,0.305312741371238,-0.591248260276383,-0.535425640592388,1.03607140207423,1.29382748398825,1.0993754808482,0.115328273808398,0.000921553419233922,0.537416301022033,0.78793461480236,0.332335002561323,0.527551627909597,0.508299709201913,-0.272609994228872,-0.269867414228226
"166408",-0.113345096991572,-0.886758504646547,-0.917493205379383,-0.0474290661915523,-0.692740108922912,0.168297636441784,-0.970757959651926,0.0179216929703102,1.03222748885072,-0.262490921664677,-0.0371662713003376,-0.602994576925964,-1.1245534215018,0.151727248417459,-0.277988020842417,0.8723149716446,-0.394230470710602,0.902663060182472,0.215573024778762,0.0764202863774805,-0.163860909903683,-0.508539210840683,0.510968662355536,0.866430217069591,-1.01657676852711,-0.498188768825774,-0.336127271658174,0.7876532038107
"166409",-1.41820671719942,1.04104387094198,0.854363902757321,0.946813417545923,1.78893949685019,1.46237902234929,1.6808139148179,0.230792802780395,0.312722452175779,-0.320217962048405,-0.206923835051171,-0.813070487892692,0.520920233071131,-1.12192335652999,-0.452209803988658,-0.00130058011088535,0.545741714698902,0.387319136503083,0.795219357245406,0.819528224032762,0.26742184629816,0.946779764936593,0.837758387824725,0.864829837400467,-0.154242262718619,-0.249927778641452,-0.20704440843896,0.525605404169827
"166410",-0.523436733329716,-0.737184903761214,-2.41318211172173,-1.06169454944549,-0.632880218539659,-0.459229270518941,-1.2594289015826,-0.665241225595712,-0.110324761510293,-1.24129648522269,0.158441873487038,-1.05866507346955,-0.844970834886993,-0.804050054121346,-0.859015793878748,0.391855513443775,0.352435026635405,0.375261080130991,-0.61990589520378,0.0488104446515025,-0.0625808035772561,-0.528623895054332,0.449759364001822,0.530231111623643,-1.07164485419732,-0.723016809478191,-0.985084414029485,0.578221298006207
"166411",2.58436048011776,-0.907030408869986,0.191670278550932,-0.550082207178387,1.27497860048835,-0.0188739210427046,-0.327890199811817,-0.519605367290267,0.649806134724249,0.415720100456378,-0.0715608478443633,-1.00046106574356,1.65732748753895,0.0251643319543677,-0.229461394680244,-0.12478890593219,-0.733943299434523,1.05169394264911,-0.449567736905915,0.337543064522615,-0.490841021551604,-0.247946819589404,0.688298631860996,0.117107650307223,0.286749233955474,0.419317862312263,0.208712338023402,0.374842166841419
"166412",-2.50385822105137,0.480576330446762,-0.499516314346264,-0.362640862832381,0.926022013230953,-2.12193038228501,0.877784930904161,-0.697335923599078,0.872854430233411,-0.162621215156018,0.15694527944166,-0.646883452587117,1.2012928515659,-0.216943267068999,0.462474995992358,-0.440920104460015,-1.6425876027588,-1.15451964840013,-0.0464858290447787,-0.0909261494135167,-1.1505671816205,0.0300061440476531,-0.296577030478274,0.548232589630689,-0.21001607548482,-1.79715032094845,0.0349088986496623,-0.072165564052593
"166413",-0.225185520897645,-0.498442570965985,-0.715051545185162,-0.0585042792495359,-0.952380206587406,0.397078662027151,-0.951964302306517,0.336455453616698,1.0194886961731,-0.583202708165807,-0.0744413717279153,-0.727112082014243,-1.68624302968647,-0.114188245757629,-0.264967886617894,0.772131500239276,-0.236753536529986,1.02915323353863,-0.175581133542544,0.403651674143157,0.152434769421951,-0.457659226615255,0.306769658930736,1.14745426054016,-1.02613048759306,-0.420033607491426,-0.274037483288548,0.777120887590522
"166414",-1.22836406372239,-0.380184143463585,-0.373750463980622,-1.66535900248552,0.681186796483196,0.0822677558495511,1.1661844253406,0.393581023341448,-0.496945003530598,-0.817735631120361,1.19972531960512,0.589465458884685,-0.325820491797673,0.546245199950275,-1.14719253805655,-1.18554969522387,1.24378130949957,0.328567892527216,-0.224796875871952,-0.405229135656651,-0.290014910616165,-1.03951409264065,-0.310681183589993,-0.680560920281944,0.00764067759017963,0.369208414868692,-0.389564902711619,-0.0768504598503955
"166415",0.431235254032106,-0.320450944901782,-2.19188703801068,0.13178825863724,-0.306301657111788,1.17867639604428,-1.5316274083518,-0.175557905916872,0.382761135339686,-0.008122592733291,1.83338439858201,0.309001606568092,0.655842356355129,0.26050662967536,0.318264406328439,0.258957209626678,-2.0488086187735,0.295278497914123,-2.41948486370208,-0.465678059668438,-0.431557670592592,-1.35930419944874,0.84757505078447,0.133699120542026,-0.543513258214515,0.490744489736275,0.500680713070207,1.13140288091962
"166416",-0.600189658770624,0.730041356579631,0.413021866473972,-1.54653031822026,-0.767659063191731,1.38643271534962,-0.625166306893735,-1.06798442199639,-1.36206785719663,-1.33137094596768,-0.612879135845966,-0.208227410469208,1.73712916157199,0.525783368673714,-0.189247659901508,-1.11270326509189,-0.0167734613901905,-0.312794699322391,0.17222965963745,0.455781394555108,-0.423760385535144,-0.530654553493039,-0.0443829189593178,0.569807481276009,-0.352164829870789,-0.87616607066444,0.0944351008910868,0.305735803393517
"166417",0.223868264799862,-2.92707014204008,1.63591262871543,0.116082018028259,-2.34141141876526,-1.48917254966493,-0.490918316462388,-2.42513254189112,-2.07237213547781,0.680508055059873,-1.05659002043718,-0.0462279173732536,1.49100307254364,-0.448065406822522,-1.01065808563785,-0.169793671719929,0.259511652260525,-0.202770228910162,1.12077353566864,-0.0585009678010791,0.67870324291886,2.93671747459404,0.267778100731987,0.823838761584743,1.1269257686715,0.122292440023055,-0.908269974799096,1.6434549671525
"166418",1.28957433052954,1.23108894055089,-1.4169209241129,0.228411491558659,1.05284391483574,1.06341876710784,1.8343710762638,-0.499294603036634,-1.04895611305555,0.704322219015506,0.542037071412428,0.192254888916446,0.580135135217411,-0.0247657696007843,-0.0514184607737581,0.890122589601244,0.223341445345404,0.145865530993858,0.181677328273069,-0.499086581623095,-0.144839018310032,-0.906495870318887,-1.34995008091939,1.36924778911797,0.00512279038197832,1.07923987691051,-1.24807449561528,-0.288470765473656
"166419",1.06189924901255,-1.74019092745436,2.29340086785878,-1.30650751150279,-0.4120355109007,0.026544717396574,1.1586184381471,-0.684675825458838,0.0835646997284616,0.493429093938591,0.334782740457004,-0.714556881058339,-0.952410383825056,0.497751176415463,-0.369394933297605,0.398875512689578,0.116620262766693,-0.392458434469115,0.752304704861651,-0.269520576190693,-0.543723325696262,0.60186715664778,0.206654186313844,0.544541721956204,0.316313355861022,-0.496392430107535,-0.807512878359086,1.14006530879523
"166420",-0.69460332648274,-0.47036620284505,1.26185577264313,0.679333706155423,-1.0099164452495,-0.182483622242351,0.987224590521482,-0.386783046210249,-0.105889518708703,0.684749646685125,-0.438740621603448,1.08242166481265,1.14704908167111,-0.373379505842702,0.542874703417495,-0.207932292479483,-0.195584631653346,0.69638133422033,-0.413647003699001,-0.0786184249084474,0.397187162332042,0.757675504988423,-0.599961260898089,-1.0948829433268,-0.113845648687493,0.23462363195212,-0.67832568780005,-0.357809228686756
"166421",-0.70608673779369,0.996836683509074,-2.03549982334177,-0.346368435764929,-0.966533336400158,-1.24316632768553,0.419373286268185,-1.28343127169577,-0.553509559859719,-0.362464620317789,0.72038691781015,-1.23598932893166,-0.277958453621478,-0.484728726574685,0.924438900749973,1.28025152663354,0.656765925118547,0.556123826381171,0.701791987127698,-0.163455024122609,-1.06829039788593,-0.833293986559685,0.264712270531263,-0.161439705711373,0.130688917233726,-0.104859479960058,0.233536421712257,-0.46052234629672
"166422",1.58783793681511,0.101261848325444,-2.51328127934295,0.00193912153056594,0.281180193033129,-0.0259657279957616,-0.824191640504579,-0.612996537511408,0.65846937694837,0.23100766673685,-0.683033677929451,1.12099425082501,-1.97209393956021,0.311909720416916,2.09358908188851,-1.69484520570985,-1.02161275671996,-1.3692435240874,0.100281322673423,1.53077335344406,-2.02416970951258,2.19783401414969,0.848433476972684,-0.803616603617119,1.02390032503767,1.74915598290563,-1.14931075039715,0.705424354321197
"166423",-1.74896301814383,-0.69868416853616,-0.151546669562617,0.759875140977124,-0.339055682502631,1.01845820650926,-0.499438177909131,-0.117004708798348,1.57489751598481,-1.04433072492892,-0.0332846535216546,1.86315227321768,0.606801793577293,0.460641532567767,-0.120077957870038,0.670684964770666,0.245978817461192,0.401947400292863,-1.05610086873781,-0.931438219692498,1.15551096874242,-0.00094172088990449,0.622158646866773,0.377409471233949,0.408603171246796,0.150203944765315,-0.7227642704883,0.708614838867675
"166424",-2.45078235737239,0.646036087683192,-0.595390930089835,-0.737127308373929,-0.0364925922225829,-1.6317230807251,0.576501445858739,0.442657383066361,0.825454075835756,-0.784915614447917,0.399928812563914,-0.598833913455432,0.246456290101149,-0.873461145728933,0.106944970567205,0.0776562673084595,-0.240979826431325,-0.570827802155641,-0.758103292781502,-0.170659490950212,-0.72454764047857,0.558773402171901,-0.32118930186591,1.32008409525755,0.359399899359489,-0.654539344277421,0.943557250447258,-0.137760151569923
"166425",2.63257294774953,1.75764221726549,1.32231336443802,1.86174781785545,-1.5515784557574,-0.559547761596341,0.164276612756454,2.10322284781407,-0.0498745696973592,-0.889202959975842,0.675017042124639,0.0346523022412843,0.0982779940681844,0.0959315916002927,0.467153092742385,-0.41019383058023,-0.28701580707921,-0.693488856577315,0.703082315214822,-0.0655094873321158,-0.0917991782302908,-0.537470360329202,1.23254460996923,-0.0812724655210533,0.306186185998638,0.305918021995572,0.467746735775587,0.595931167962005
"166426",2.19071770601097,-0.439046281211552,0.212505161099204,-0.354198349114822,1.32646553404961,0.229867239756151,-0.569507988323686,-0.445273269413177,0.795196509263455,0.0736468287310613,-0.128279168698064,-0.930930542416946,1.52579522499226,0.151463059598873,-0.15600369670893,-0.238544596364558,-1.0322337428684,0.891275915534128,-0.953112120445865,0.367148952705325,-0.524192643992088,-0.46678949111755,0.793455588102371,0.405329368244562,-0.14662391886009,0.232146100503834,-0.449735896157362,-0.231421590525591
"166427",1.5419861767259,-2.29664728214513,-0.204998831588304,1.39950274070668,-0.846982166446292,-0.62031291045817,0.840807977620481,-0.507622294209528,-0.282679300061095,1.67305935027224,-0.271292758544143,0.806361870946453,0.221075317762353,0.205182391588661,-0.426248940793359,0.942531290347845,0.843223342641645,-0.264267989232105,0.373668502417232,0.362428179018981,-0.525426311929818,-0.111560669277369,0.399523516873113,1.00197293907589,-0.808248865036892,0.154275032535439,-0.267360370983883,-0.835447194683532
"166428",-0.723026625653385,-0.320360251765511,0.123989467265612,-0.0741269755562004,-0.678256117562717,-0.472348686383746,1.12002188506649,-0.192125265288032,-1.42810520783214,-0.172602380764112,-0.179936740305725,0.732641063047147,1.83974855853433,-1.3194702308475,0.686970809987993,-0.341869719288736,1.04123402895062,0.833496067263655,-0.716084902091828,-0.484116312968506,0.108311719399707,0.837054763004302,-0.569997677171565,-1.36887087091038,-0.229523360107137,-0.489962673577111,-1.01618865557938,0.305649466212397
"166429",1.59804254817091,0.891333736646844,-0.0180081788828346,1.415813372987,0.329630041683772,0.856514171621589,1.07573794954409,0.661047784525021,-0.305657937395672,1.10252859188567,-0.0500002012082077,0.508294418375156,0.329735089085218,0.214105581738976,0.287845076062116,0.352209641095008,-1.04046371429088,-0.0194068480302195,0.0287067337421978,-0.387583341868645,-0.118180513137165,-0.949034652835353,-1.83522511974687,1.77417801361242,0.319949741512359,1.49409728486432,-0.898503187552971,-0.195776930729883
"166430",-1.16359523262151,-0.213749568766232,0.709263237219423,-0.0186747337970078,1.06348977681488,0.285273033025303,-1.24866565486393,-0.0118229137486449,-0.0395051188660409,1.37905932319225,-0.775130703424397,-0.516021478433477,0.941649103027842,-1.05053159034688,-0.628135964398337,-1.97741414122008,0.372978931818113,-0.122950049134038,0.521284598602267,0.139925397890167,0.728968971830838,-0.0553376568578514,0.133857704995016,-0.791014640117986,0.80164259851545,0.278848415147994,-0.484628615857904,-1.23691178665616
"166431",1.28327588763623,1.16637738192354,0.580343441854976,0.452263749189928,0.0712324814682135,-0.714660522023411,-1.72522240281836,-1.96588860262223,-0.02934993377234,-0.834544800536753,-0.958167192234708,0.38475018690038,-1.42701249282486,0.262132541165991,0.746660673807807,0.527052171426133,0.688703331326386,0.448738646322805,0.0484448888101909,-0.0648794844429013,-1.91064380808077,-0.941247870390325,-0.916892893714283,-0.460041632530525,-1.07095218835771,0.0882612021340042,0.25829238351394,0.457307291127566
"166432",-0.247843947489602,-1.22365545057064,-2.71917000550965,0.386051342806121,-0.458900239914436,0.88469600728072,-0.530808135855279,0.060396536219152,-1.02208618911163,-1.43396180582068,0.893286106055399,-0.703549580856734,-0.23988061684024,-0.646344543955657,-1.06710991913598,0.202630957481246,-0.169723153493193,0.0574379747903027,0.0177323842859668,0.104286448491232,0.627972673783759,-0.104465763563444,-0.203251557367111,-0.944356602635741,-0.776382283166921,-1.3475329960035,-1.00233455583484,0.608386068342052
"166434",1.74405683450005,-2.08362769308067,-0.79109490283963,1.53082465813812,-0.42443679317855,0.194332931026739,0.511683475064976,-0.395160737747665,-0.722760801101186,0.101742141601966,-0.329160992281755,-0.137855196704304,-0.421724290090537,0.126999909867774,-0.205327878077536,0.912650360110167,0.226311072574198,-0.861456640949125,0.507312498768323,-0.496364722694697,-1.03130935307133,-1.03398684376054,0.323849111026138,0.530097340600984,0.491725176936957,-0.0909831368144738,-0.154597176448386,-1.85986120704274
"166435",0.0565450112342815,-1.09174036666012,-1.59947421692242,0.800881796454245,-0.961336406664576,0.760765848242434,-0.337368481492414,0.304570257161193,0.36607716505469,-0.431052744865999,0.349428811402703,-0.540826655329112,-1.3766280242115,-0.278516348617504,-0.160803871956302,0.339913605616812,-1.12369741068705,0.482592695188837,0.599380507939787,0.228759831575308,0.36146829083523,-0.906954309925671,0.0917121081191017,-0.617495191710557,-0.440015291440981,-0.550774509994602,-0.370962025993232,0.486871459524198
"166436",1.87756650103595,1.10486665332341,0.86810469075484,0.950938771028414,0.626319709096066,0.797045713653065,-0.495000079227532,0.284963917374524,0.388392672167901,-1.28900650413456,-1.01323661345234,0.309939557591248,-1.20304240689601,-0.224537780379597,-0.485303496354516,0.181274676912447,1.03226248915064,1.25235980579284,0.163255829350947,-0.0461503553231671,-1.46452843957743,-0.222704873067023,-1.15826360489783,-0.747473806828977,-0.58145661127636,-0.393416013221509,0.386171002619493,-0.142101492231573
"166437",-0.69040528455786,-0.591741517263076,0.271298193009099,-1.12807971515986,-0.463733534457562,1.1223544496573,-0.255552262734041,0.964876088429761,1.0810393437018,-0.410470206195982,-0.145387261052756,0.785817632045302,0.636549291812206,0.969445798314696,0.486481510036353,-0.89695609687453,-0.772700038856136,-0.749696241170785,0.829732584109986,0.0421022289310817,-0.805017344984011,-1.05416376180979,-0.133608065083159,1.34103623379921,-0.750362822537816,-0.657369138261026,1.65028971721821,-0.167119789896513
"166438",-1.15206413466445,0.655270017636612,1.06452152917427,1.60017884068812,-0.569617082326756,0.546855437545012,1.87239112868695,0.453703033039519,0.124280342114677,0.144666137377301,0.0924676199579324,-0.0341623349342841,0.348577019467947,-0.906144395302921,0.414168757850382,-0.380471483122126,-0.900028574580091,0.205580555770541,0.356219860852827,0.109758054498774,0.316144262294291,0.444879285092311,-0.884827338503032,-0.710226377785168,1.80657957520177,0.15304786447163,1.41686153741756,0.464151779825055
"166439",1.47953368055726,0.360050061216816,-3.31078282455555,-0.923249548063134,0.720158849918774,0.57683239612963,-0.297786470945614,-0.505466031995207,-0.0262030951936661,0.0763714472090782,0.270982064618782,0.484659144342629,-0.809026940869083,0.85723304169448,1.12738739377558,-0.471922496570872,0.103523256737947,-0.706052638099111,0.497516277539434,1.6341735638364,-2.2004180622617,3.28985510848648,0.836022498269344,-1.16068353207621,1.07766229886047,1.150229728199,-1.51379132464132,0.414783816359295
"166440",-0.582985069521113,0.504536553706691,-0.467746390831697,-2.00290470924937,-0.539849426913888,0.736639635914394,-0.0259733228530646,1.17356558525264,-0.54681210986895,-0.639609829795078,-1.42004868031346,0.664288907646462,1.54775912966602,0.678206371036782,-0.711990507649878,-0.896014674807104,-0.658068442437263,0.715908535775722,1.51384260678374,-0.305502224057351,2.66174589442203,2.22149739784376,-0.185127754027234,-0.355419635411466,-2.3061597764278,1.09300342460921,-0.119086434954772,-0.327657717298898
"166442",-1.71651745435467,-1.1032426029283,1.01038366709585,-0.370399355372167,1.70074308612569,-0.174837480317535,-0.979198002214706,0.984208436927397,-0.248978420193104,0.072357570636939,1.25030476845821,0.412380188123737,0.322966666886907,1.59744091158464,-1.0090511175595,-0.400833164087541,-0.464189582893917,-0.859822847895691,0.271578902842616,-0.301896246680038,0.0381608075237833,-0.185857466969503,-1.15153843302833,-0.778833639231913,-0.816167207467279,-0.0263206420002735,-0.995209375766509,0.492195787780427
"166443",0.568829951374149,-1.33932219944515,-1.02678447245732,-0.120343230394761,-0.568511920397711,0.239940930767313,-0.533482137026816,0.122777705327092,0.810112707400212,-0.537583296459875,-0.00195105497711993,0.0061973356000628,-0.906088056965153,-0.396798386627855,-0.446251086315006,0.205851983167905,-0.4160450887972,0.718259171525348,0.0542610356077924,0.44554141358483,0.567485500172619,-0.404415433475515,0.503735283593921,0.54286411019304,-0.655316849837662,-0.696488821446612,-0.457344024484285,0.400028752932831
"166444",-1.60410690144813,-0.672804368542645,-0.0832854054876877,0.263896753106599,-0.421474948440143,0.658551729816682,-0.541625460075704,-0.429864232594338,1.10238903257939,-0.391208533300329,-0.175485362197342,0.821386615653736,0.153546960030312,0.104743264847024,-0.0673518249931575,0.412657083107787,-0.731465742313623,0.270321080300359,-0.719242244653614,-0.870592376688061,0.173361643138464,-0.170256158105435,0.768909054860989,0.401308292828763,0.225648692787168,0.171576220394416,-0.322109433895573,0.850782840175204
"166445",-0.401360776857715,-1.02932453067997,0.721721970049391,-0.742958430948559,1.22429270881057,-1.28987450308884,-0.523341942767091,1.54877330558765,1.02800661495479,-0.660352273456003,0.0187679154409015,0.164799751039997,0.299116495733488,-0.831142944930533,0.694108849041627,0.914330133639518,-0.517267098832235,-0.389465083090989,-0.00735304429174419,-0.507989851164985,0.551944479227154,0.641279052071701,-0.969446898907896,-0.955035318115794,0.284080367098279,-0.906907424655659,-0.235889497684035,-0.754150965409475
"166446",1.4754199509538,-3.60300572176856,-3.62617033106669,1.21591990553974,0.55962568824305,-3.0090783125116,0.514311438431267,-2.01491033536586,1.24659691709841,2.58851465644739,-1.37709321450193,-0.357796610989666,0.000928848103603337,2.19962313053715,-0.257045447567324,-0.609619642185985,1.28737666256341,-0.550585530106914,0.832768048423851,-1.5174040984674,0.890731092261241,1.88949116175912,-0.556678545799151,-1.28933419223061,1.8831361969931,0.282798425626457,5.10094021246558,1.86667951397628
"166447",2.00212156612463,-0.106366802663432,-1.38081540397502,0.874110897704889,0.204976924002569,-0.645512902351935,-0.923771362070557,-0.601527224338864,1.33373858035093,1.61509670443057,-1.22680535850941,-0.0923924799623689,-1.00031861301713,1.52895422485242,0.138423936990103,-1.68322849460201,-0.226906222653666,0.72174716286651,0.709825866429819,-1.00272698448706,-1.10247229657266,2.35424098415227,-0.383007694626124,0.296318462417346,-0.0487415388940117,-2.94336727461015,-0.11820694081142,0.439424843291356
"166449",1.53564733461871,-1.59819693876135,-0.714727247280628,2.12990414416459,0.128342023592412,0.806728763977185,0.359226610669617,-0.0490514966688594,-0.83573090056453,-0.520505583365041,-0.336757852702865,0.0988082364619152,-0.486667269720706,0.053015068639146,-0.398054214897323,0.397511077479865,-0.347697041494393,-1.19398829258857,-0.256099477434214,-0.149299819514727,-0.581851437273482,-1.04899442703422,0.163176946838329,0.177755496645231,-0.203479389041642,-0.161614814259209,-0.250736556919221,-2.41978063607498
"166450",2.01803564403459,-0.380419482812766,0.87924283395627,-0.479944246185911,-1.15087816851935,-1.0321123564045,-0.141215369083721,0.106146775940457,-0.373301645714086,-1.2810233960369,-0.470090391193202,0.0802973046321913,-0.171323388338228,-0.527684600606954,0.975902415426441,0.313339938469032,0.769286630483042,1.34202388278911,-0.38054269629455,0.902422926113532,0.938334251151148,0.193808356245113,-1.22335614448634,-0.556205672562785,0.370248785253108,-0.543710564800301,0.0206654490987507,-0.828365915160807
"166451",1.34928656939246,-1.10673236965021,0.166782502427195,1.21296857913693,-0.311840066826263,-0.510086167972606,-0.360645389188027,-0.490042110939289,-0.863723970788715,-0.484356763286944,-0.452672219412714,-0.916722743651338,0.340713358255247,0.156423523608323,0.727529368661049,0.0315126569903688,-1.07078706991192,0.129851458963173,1.31179924449906,0.440983946321529,0.0083771051099096,-0.31853423083141,-1.02063442230384,-1.76789667697286,-0.2511174154232,-1.00322844302359,-1.02806064448221,-0.65825918913238
"166452",2.32111851161625,1.88785148287552,0.516151496970804,1.3264387253552,-0.850664579934805,-0.424947866006031,-0.993176959651642,1.44029624612242,0.921924154745503,1.11123439940337,1.07955622283397,-0.535345053316195,0.59532494536519,-0.385554642372338,0.54571455916321,0.203568498293609,1.35266242268234,-1.59677031626142,0.530280429652126,-0.441873890724094,0.645825000010556,-0.416337005529234,1.59478435719878,-1.12173191933997,0.323568962936839,0.517746132206452,0.598938656448702,0.0809097474533211
"166453",0.10081706838601,-0.795462731306152,-1.57625958431051,1.30996023531041,0.2255488031358,2.48367113284914,-2.37587718245692,0.843755565282713,-0.0737602063459492,0.34355118572726,2.72259851947352,0.421029354149957,1.78328588385034,1.59010162455578,0.134395716157399,1.79285300005077,-1.05823304182629,0.544321330640918,-1.82166456827555,-0.784915770364613,-0.664486703489116,0.202030558381605,0.475491272980582,0.659775011866672,-1.45512581047805,0.646699229576685,1.31395404080776,2.47950491001172
"166454",-0.798855467881018,-0.100404512267188,1.64580375439211,0.670581910288659,-0.979896302764933,0.6157429488135,0.0293868241607759,-0.179446189885438,-0.525565419497567,0.834417650290482,-0.646619718216826,-0.345294460855226,-0.131170368144957,-0.656028303227608,-0.0986045144662113,0.220227906798153,-0.752806849014765,0.658079634840617,-0.0273536831476051,-0.0205559251764997,-0.536808800417455,1.14452520503626,0.657062494105088,0.206434411624093,-1.04001294049701,0.877227135744182,-0.831414892109606,-0.476373635868005
"166455",-1.21829288812285,-0.747636015546587,0.864638902770949,-1.3313732457003,1.13791525105824,-0.0939536625968246,-0.369512631960906,1.2890792779574,0.197018495325499,0.19335880289663,1.12613616217185,0.308453452276876,-0.832581753421534,0.549072870358812,-0.86586563456916,-0.599357168396686,-0.331227164432746,-0.422877684762607,0.209325437560994,-0.261439341122165,-0.205961324330689,-0.880376864347009,-0.346580242512808,-0.120900823280826,-0.359460175290467,0.0861891587790494,-1.68767002905869,-0.555291738245553
"166456",-1.5512920454823,-0.871713663278392,-0.687700170525427,0.897106830663503,-0.864434602837181,1.25904123953858,0.182182313380893,-0.352743609454759,0.152015111532984,-0.563952538766034,0.0959046984787308,0.443808392064892,-0.00557776711534416,-0.133925369903287,-0.0836567812019159,-0.0764558436295328,-1.71046809326193,-0.0903301592485027,-0.235083169389904,-0.994443079225331,0.193451082623166,-0.350671307448116,0.465005526918847,-0.657853022520163,0.824685678414521,-0.385765455839538,-0.541785193532178,0.502531089317513
"166457",2.43966115089171,-0.772963386344649,0.261689379826139,-0.108190553459621,1.63406442151694,0.659448231549277,-0.537321550831365,-0.499679407779736,0.516105381686172,-0.228741746315623,-0.16870386195208,-0.847781482134563,1.37697920368612,0.0479257391662713,-0.457394631569169,-0.231611650781868,-0.628880385765009,0.852217752599275,-0.697692111829357,0.662378563518616,0.0923544769148072,-0.000157559242373456,1.05338804373144,0.499053231545998,-0.187308038940594,0.499354842972035,-0.0909239122095233,0.142297287442621
"166458",0.604987809864854,-0.841312702589478,-2.27716118656298,0.0724816181997493,-0.1160669587848,1.64611139655799,-0.588189897031129,0.703084858889124,1.05886318890153,0.567268850570973,1.76068511335277,-0.0822245343645322,0.589111668158236,-0.0173531451600256,-0.195089755696498,0.425215660058937,-1.25912038190528,0.866787972544188,-1.48041671650469,-0.827385519232831,-0.724928871006425,-1.28004639094717,0.812266197565182,0.281636795026661,0.0266780787366019,0.411864730051148,0.595552011002205,1.42986571925593
"166459",-0.361291152248906,-0.303462812970308,0.50674967368894,-1.5316033996128,-1.33496121581591,0.858848704977926,-0.0795581101899036,1.42040541271559,0.779803986430391,-0.87778156242837,-0.0391416298288452,1.03723216061491,0.354084553246941,0.413285147992077,0.539725713118525,-1.12286561959224,-0.419303657192421,-0.427026939539168,0.056362402669527,0.236719550615682,-0.266627421565751,-0.820461308695062,-0.799229455342436,1.28004870077782,-0.0655190490987565,-0.714557423633706,2.15974486761091,-0.0589082070051598
"166460",-1.80445678274659,0.541987125396447,1.29777142278917,-0.297492726570278,-0.240799594655018,0.626873593619979,-3.3797918724236,0.426080108711133,-1.18555637942027,1.32500360802737,-0.142965395311298,-1.45301924507113,0.437779498139902,-0.466046358212935,-0.506124589572679,-0.567543021786711,0.215137422309283,-0.0400197185317545,-0.343428135519277,-0.239783544073528,-0.656558070246185,0.978593888992228,0.434985251434339,1.05457961570038,-0.124207236744906,0.955176543603946,-0.110997182881417,-1.2186045683452
"166461",-1.40697604709072,-0.0262773643943671,0.759320367387243,-0.175345531667957,0.693548904458157,-0.0459402058886308,-2.12785347453619,-0.321677227715539,-0.340030370420548,1.56534391963594,-0.517715512223635,-0.633755495313057,1.31918755471404,-0.410980362585246,-0.361084006467644,-1.42766217004177,-0.116304455714351,-0.27167114772105,0.300605005981195,-0.0383538300075738,0.0720488061009186,0.0784047850647522,0.300146780231752,-0.508474684722123,0.492763361463296,0.412618102320388,-0.650264482648843,-1.547313530126
"166462",-0.731447103330453,0.897862047872694,0.408563190275744,-0.813922221416479,-1.07421047408832,2.50193404624747,-1.02324116585389,-1.03646508003085,-0.175596492179317,1.16004253562616,-0.491268770037358,-1.23587940167435,1.07149548136589,0.606151195756678,0.698679851151065,-0.485645916809163,-0.124352609743323,-0.924094231084294,1.10230104185373,0.113609271926898,0.0233871795671515,-0.835649073256752,0.439260782086636,-0.540879764606779,0.462982313277606,-0.678575427119674,0.452107321298911,-0.635531419406861
"166463",-1.40626053726474,-0.61411421246698,0.174780680377064,-0.272435749131571,0.936717236770333,-0.304595012020332,0.0129549825399646,0.874970799939412,0.251334485508621,-0.807880393135129,0.121147128049924,1.27778384256939,-0.179244307061751,0.761509511567722,0.627372564017838,-0.648332477688798,-0.462849546239803,0.834220262290932,1.05114688434319,0.343814855622161,0.0940092115652702,-0.35200130087505,0.541276869355825,0.629210012047278,-0.0646055863235336,0.614862494631741,1.15811570669967,-1.11270564064357
"166464",0.169280825041684,0.91721994236841,-0.334702569538447,-1.73962965547105,-1.49749398330064,0.714389994580415,-2.49430770876536,-0.837646948991318,0.815941263197115,0.680932735066525,-0.606475281965295,-1.35782211587328,0.337931338103621,0.913715542178813,0.773092232443782,0.165031724465043,1.80427394564628,-0.220655358862409,0.346989067313536,0.800960510985649,0.259796060555298,-1.26829624673834,-0.316666281398246,0.705883081731769,-0.929334577588591,-0.677960640149371,0.719580698729423,-0.499787889276502
"166465",1.29617387313724,-2.88920989463748,-0.722668999396528,1.85611401155656,-0.371180174133534,-0.738152755683914,0.793428987316882,-0.529873116114077,-0.379603124118319,1.52203808120226,-0.422281014577446,0.899457170011537,0.364061359904843,-0.177809223767458,-0.933589473817634,0.385574467760824,1.15027108378714,-0.738941550265136,0.232884541873274,-0.0481450013035724,-0.294607102439403,-0.111694136969259,-0.131171985455326,0.272662778696657,-0.831108320073196,0.608957626830477,0.694885667584972,-0.154658930853033
"166466",0.733442559001776,2.0678292568608,-0.0763564756449047,1.30087473571207,-1.07030304211973,-0.91414739477772,0.492488675107555,-1.04352537459038,1.16627447609662,-0.220917476559035,1.10931124232691,0.339459895114704,-1.07348316700934,1.75445562041441,1.13128702996789,-2.10603593140909,-0.340377689926918,-0.373399933844994,-1.80457821724582,-0.902282504567389,0.993783324169508,-1.32559997792774,0.421927507199272,-0.448189643173174,-0.10600468763004,-0.470123000955637,-1.17139938273839,-2.17507681364068
"166467",-1.51919550542209,-1.10598892809899,-0.162542539918128,0.814207840610595,0.671742713718348,0.210207942863673,1.98544941308899,1.60041094106068,-1.89208491342907,1.01530314439221,-1.92284201137211,-0.395194842870446,-0.874176233242274,1.21783484086834,1.2867274591047,-0.496196090997029,-0.000882193472431902,-0.163607478643902,-1.53922157811562,-0.269548769172266,0.254661457222924,-0.647557525541662,0.575721507898557,-0.613272307318828,-0.964763026795538,0.452586370698298,0.668173152789655,0.719501591820843
"166468",2.07368563407648,1.14372213452138,-0.285544434419267,1.05482438734991,0.306479879887608,1.20100590789543,0.691640226523846,-0.403835818668784,-1.40466272802365,-0.458931339203816,-0.0380594388183737,-0.569715592039642,-0.737510539898221,0.386761088714344,1.04977574416451,0.799602286256122,-1.38549681303548,-0.457291479319962,0.499896103654432,-0.601741431748933,-0.11390296624501,-1.49369876694619,-1.81952775491267,1.46308596076601,1.85560878285679,1.51517599246946,0.00945785210905038,-0.276961411316608
"166469",-2.16999702440912,-1.27112235203229,-0.369011807524021,1.29029677880146,0.573865594448582,-0.0362582991358011,-0.763573545422758,0.163841508180673,-1.11048489957534,-1.61564225381696,0.140835744104785,0.765646830959145,0.75327806769994,1.83103339713921,-0.190757892362561,-0.948286350466783,-1.80707198084483,-0.390545111838363,1.37408542215969,0.148605423327983,0.431051811227145,0.386060056444792,0.0438176592871994,-0.195837614887367,0.191912796173808,0.00244820246291901,0.417197363390803,-1.15531657256422
"166470",2.52098881162576,-2.71281563693285,2.30919593498824,-2.29884919848867,-1.82207629603777,-1.47159864520158,-0.278884897336626,-1.9054316979027,-1.86645558760707,0.182494036157452,0.860686645587803,0.368329760996955,-0.134377520553478,-0.0430915621448775,-0.0692684084850235,-0.0425795014091345,-0.552217267535367,-1.30642199484434,-0.154148859524438,0.136592211671156,-0.0180693260914305,1.38399431091503,0.473932939623899,0.670050678511895,0.978634422563412,-0.352007296148384,-0.767817440726507,0.807136875146049
"166471",2.12751173276894,-0.920313960117875,-0.00281177079549122,0.425080272069993,-0.713175875457479,0.218665601825884,0.895586097753832,0.71470670497304,-0.808943975073329,-0.541633844627241,0.17260337590814,-0.292410404544559,-0.282184944595994,-0.707430171624866,1.03686566505539,0.433011761792142,0.288978485783334,1.24888288407088,1.00184511946153,0.384291782220115,0.386018907306303,-0.203308096482888,-1.20617060999529,-1.99227402631221,0.513678553447268,-0.438339785029424,0.483788770816722,-0.824348745152288
"166472",0.394344427676927,-0.763738201760527,0.624745624872819,-1.10831815769993,1.68861424350099,0.594126070093013,1.5242577161012,0.0994789630590732,-0.174610807705159,0.0806055549531331,0.971729277081274,-0.634799446937542,-0.247850770262398,-0.615125181543225,-0.686627448696306,-0.762815579062764,-0.413453377969005,-1.12283744455408,-0.531616174036302,-0.324290116307849,-0.893597776012448,-0.553391457704216,-0.454051850245253,-1.80412178806433,-1.34863011308959,-0.770158846858546,-1.14802604573195,0.023428728656206
"166473",-0.506794536402848,1.06574606970003,0.792064813650421,0.370220246678125,0.371397683860337,-1.02280071200058,-0.368171818942412,1.27892289998355,-2.48240272005587,1.89177644046136,-0.602482832688224,0.621308273258049,-1.75680730776107,0.726466385630863,0.149909877625087,0.320801465012335,-0.0760339501241441,0.861910421566359,-0.819586035805356,-0.264802462166979,0.457075968886533,-0.56029802890175,1.25903993812865,0.470531379562814,1.15988867763634,-0.037422522209439,0.880287816526018,0.621325082683997
"166474",-1.79702881069863,-0.510582438173808,-1.34987371387355,-1.75578764531928,0.608159313649824,-0.722404594554634,-0.106630278461291,0.236363698685203,-0.665656789832566,-1.43566221237918,0.583866702173464,0.765091938991841,0.0451147783931134,0.194488731347665,0.184471247874925,-0.0345527465080325,1.19316907313277,0.987425488977142,0.769183010389385,-0.249820855077576,-0.328387440071381,-0.1542577507365,0.993440514132822,0.968328333568629,0.182298184937345,0.561965365649151,0.631167521859558,-1.1890010263445
"166475",1.44579570158812,-1.36227235685125,2.68610123114804,-1.05473622214158,-0.350527917075096,-0.403074951564599,0.685337023463598,-0.848375745040993,-0.361935552027553,0.249354806666393,0.445609493783432,-0.345573421379215,-0.55947514970218,0.657453806604229,-0.0781688882504965,0.137438071330795,-0.785629284808258,-0.630228448327487,0.269093421051715,0.433383545569532,0.0299144307768165,0.689792670280305,-0.149788650567531,-0.379984158223888,0.138198468291062,-0.465869154077729,-0.530206464085865,1.12939450230333
"166476",2.09553783466104,-2.19856256939169,-1.77329913064792,1.88939215075241,0.0302323242827275,-1.01611563712297,0.343342609614564,0.887794616788132,2.28427074153269,2.24257810750289,-1.13409546962782,0.391086253431601,-0.23333888950197,1.3811741919296,-0.277805086693919,-1.32574557619377,0.221597236101922,-0.364322399128111,-0.138839956162594,-0.727709912325778,0.887573185465266,1.61233782543264,0.269221789783394,1.43372290824097,0.874557268867583,-2.51133683119441,-0.622871383436793,-1.10416276762125
"166477",-1.32141950333951,-0.919898157945335,0.323292516642366,-0.415172148916805,0.588425776261557,-0.248073541911801,-0.0429792062721331,1.06826901610316,0.193037813559852,-0.613997274710925,0.181999963129155,1.05278959573544,-0.0276343248378372,0.783373917512643,0.250519887103133,-0.521888646163461,-0.340582200520865,0.88314264123572,1.25484700384941,0.18414738896836,-0.149302823514757,0.0320882412071181,0.527438175355131,1.16192140312155,0.185182566883455,0.331137040695894,0.792190065346776,-1.12573687232797
"166478",0.324851268350439,0.400841744006869,-0.0719285563217449,-1.15683536467847,-1.44879187437561,0.0545056573816306,-0.498851759710617,-0.478219213573593,0.919027923902996,-0.111210413739356,-0.888060303728702,-0.29386894351447,0.813141568120586,1.51133574048743,0.909243773610695,-0.979574946300331,-0.490839458031239,0.30344082994654,0.99189882282555,0.53593382833427,-1.24849372924085,-2.59674402490034,-1.11997727309124,0.62206211772668,-1.01029927363634,-1.66430413285998,-0.319627763065353,-0.535169359732049
"166479",2.3154415502829,-0.337637622706397,0.153585793289053,-0.727811620023738,0.90982425088965,-0.113252897940408,-0.514866822525069,-0.493716639783909,0.763355108691813,0.181797618758494,0.0138895937635038,-0.765019389645473,1.33016407677395,-0.162716269186802,0.0698596658603843,-0.286104248933258,-0.918960699477689,0.959081527331521,-1.24350533793105,0.320373548362917,-0.538214111733337,-0.662768763668279,0.552846972496835,0.279653037532027,0.107393515781632,0.359821123552188,-0.183968558672584,-0.218875331130518
"166480",1.3852774599683,-1.41981437911229,2.27693936602347,-1.15341983916885,-0.0964038354250613,0.294186187381549,1.22044643964493,-0.674707271711133,-0.342141621239923,-0.0436601803048826,0.575013098807607,-0.0701591737456163,-1.14884262714275,0.194808099720408,-0.103690254519708,0.120705422742468,0.0437566939776681,-0.477858165850152,0.0764140937645053,0.272789006964682,0.312398800964835,0.635385383814191,0.0280958923283716,-0.220435876257634,0.0414416773179866,-0.053637245451723,0.105305876572637,1.06669953318294
"166481",-0.22440094496903,2.31930963583914,1.89826912286054,0.629536698009432,1.33534850368126,2.10520781251023,-1.76143190126966,-0.69443780350067,0.699674919908001,0.699703265919184,-0.98310498300911,-0.452056381787238,-0.298185003012546,-0.588519547040491,-0.0181640336317511,0.393653387589893,0.95600510432736,-0.292956589375023,-0.826667648019979,-0.77821678276759,-1.52529991837628,0.585921340619389,0.105066959021834,-0.473134143860501,-0.389898501091706,-0.426734583829343,-0.656800974026674,-0.91130857938581
"166482",-1.15495384188739,1.1285704222549,1.00286133843918,0.995874549227,0.668547753799081,-0.873262988629622,-0.892994174189711,1.47152235852812,-2.58299490914207,1.87633472120411,-0.831380755631369,-0.154889316994554,-1.1023557355822,1.29145047813462,-0.811343412498203,-0.0740048628281691,-1.30970094029421,0.321808275872649,-1.03375497234931,-0.522820511611746,-0.202923576345449,-0.173571307428989,0.79766610976278,0.438932660091026,0.637439539896964,-0.751446180666438,0.245736572981876,0.253870871217443
"166483",-2.65062573239259,0.241405007522948,-0.741726219181901,-0.52757838838828,0.485867449138764,-2.03709641846496,0.594623729187129,-0.506015600480227,0.659381390432628,-0.593723679250354,0.130409760419108,-0.838659395720438,0.815667238075101,-0.380474125542282,0.0579458897760582,-0.31517733202858,-1.00653768616144,-1.12753200432429,-0.337043404368409,-0.00457807513499759,-0.810327302842481,0.493120348961196,-0.37275736537022,0.946752162994601,0.167885514963461,-1.0658404186894,0.675552693078771,-0.0187535530060665
"166484",0.0318342813282851,-1.85627861526451,0.967961934065499,-0.591615562014524,1.30285470646863,-1.20645880737742,-0.871194939764919,2.23381707508831,0.596407500940788,0.132599341777909,0.358372496927201,-0.116027340830067,0.940243761279572,-0.503859528521445,1.22421283392039,1.66871056966065,-0.0285462125606369,-0.0986946300290587,1.07455072903496,-0.502769494105237,-0.0452489232761812,1.24129003796437,-0.827513628594278,-0.539941008685943,0.280854258983294,-0.618481540583694,0.325259037217504,0.32110559968888
"166485",-1.92671932756462,-0.0979693639576423,0.148120035845633,1.96761901108615,-0.108050178574587,-2.11710907394565,0.359910454001211,0.189136520970822,7.03021971551488,-0.885796813949471,-2.76221450055671,1.89046530635568,1.67286048788891,1.84572024386908,-0.923511119438887,0.847489156827345,0.603690637919403,1.80051145404095,1.67090907067408,-0.685562861000014,2.979614057535,-2.50954232002952,0.845650575503856,-2.24348464742226,3.69427230512111,0.0266527241584046,-4.61222113613382,0.812330815116499
"166486",0.749211269007616,-1.04574061841367,-1.29825880855485,-3.23662068464306,-0.553350623925917,-0.679553138790466,1.22031352151999,2.32149443415837,1.95893220195273,0.482793202858064,-1.22435576990334,-0.278014569845567,0.625997585016232,-0.830090928395732,-0.133027397355987,0.569226856492753,-0.558500169147845,-0.141910046774385,1.85133573220978,-1.76572607889533,1.38190955524252,2.09682559042043,-0.390152102205276,-0.934310149922264,-2.08254993758887,0.322591116898588,0.792936735853061,-0.152045958567973
"166487",-0.572054310789263,2.25593367380972,1.38307105622232,0.279048138026887,0.779946755954297,1.26599953582001,-2.69179187440587,-1.73196389729851,0.492443685620311,0.326435934468791,-1.08814119631338,-0.294145744091148,-0.412106073104365,-0.197083450832606,0.254838189021135,1.06235196077467,1.53451131560868,-0.388788022772122,-1.026913325015,-1.25609158362891,-1.55342760177777,0.529860975317499,0.605812804048593,-0.309902711388891,-0.149946895419793,0.581575991954109,-0.0785480028595227,-0.619181068295777
"166488",1.56808755795533,0.959644566586829,-0.234300560162522,0.314709725099952,2.32592504542746,0.490040589003881,-0.611542367191946,-0.0259500814740732,-0.548281333587837,-0.706198599471076,-0.272374746928101,-0.402642807633521,-0.0950375431863709,0.140733767479174,0.47476676863294,1.44164396155446,-0.546379783658059,-0.906661766126561,-0.0398817819806706,-0.736814091380552,0.664721980624356,-0.978373190623787,-1.89500418875179,1.68651984784429,1.032718770848,1.24668056083472,-0.864251903489615,-0.280799581585238
"166489",-2.34662545587378,-0.622915526630636,-1.04409965615672,-0.0459486495656622,0.64501176774938,-0.305052742633753,1.85036762268096,1.69077975158271,-1.88975069351091,0.926077032709334,-2.0034840447494,-2.32108011916513,0.258868093757889,1.56378161784774,-0.866181038261726,-0.146254771493423,-0.249915107815812,-0.00753368362672879,-1.31022668886818,-0.941660745542015,-1.01187442891127,-0.166933439766437,0.395167794322202,-0.964442000471676,-0.569887737955474,-0.669187541524266,-1.11982798904797,-0.138033899386951
"166490",-2.91691898788075,-0.407142883740261,-0.624741575904004,-0.976862996954922,0.97817585185326,-1.48483852708002,2.45128669992719,-0.919866779985211,3.58087332093485,-0.0865798398253765,-0.281053073922891,1.03261429344403,0.0999892845013828,2.62164621791601,0.564084825970706,0.323606528359993,4.03945897052014,1.46850940376318,2.69729351797767,-0.971904928946579,0.313343681672378,-3.32784497764009,0.209893966961571,-0.00289741744474226,1.4003414415127,-0.436058765279585,-3.83172105834229,1.55975005670361
"166491",0.00964726959224255,0.561685222980148,0.215851692878212,-1.38531066890293,-1.71407724939514,2.57551101353818,-0.874275927857774,-1.04003431425871,-0.883795260856647,0.661290614478414,0.135146913836861,0.0125413857312152,0.958568071530363,-0.0572006534807446,1.20044827580374,-0.527859923297537,0.873822049343961,-0.87197373891849,0.307346319798736,0.414503617379878,1.01663039098403,-0.486348101548106,0.316123308917604,-0.384446307714527,0.932470916948541,-0.3133976433055,1.14641562873179,-0.75159094836191
"166492",-0.635528092639534,-0.435398966477814,1.24803255915464,0.341488992205184,-1.25559316259786,-0.496179448705842,0.815344386385551,-0.855455241570566,-0.401073738309824,0.734491823226519,-0.431165103228836,0.960546597407393,1.27865505116578,-0.137321014821749,0.736589687921741,-0.0337521240793558,-0.50169690726142,0.689723123598128,-0.39002992961273,-0.157973177453161,0.0698781085463531,0.798161121373065,-0.343001924668758,-0.942133062033429,-0.0637023329019723,0.132799103636799,-0.7368969582596,-0.516978554577833
"166493",1.7594699852236,1.90708879020691,0.0476460707628716,-0.547455947035012,0.0199628600940655,-0.327412570152956,1.38774454673922,-0.485034046089892,0.179068425081638,0.0241750739192882,2.14415953341914,-0.303778297443764,-0.53606776721226,1.04130178076252,-0.427859645164912,-1.26472345219968,1.92488331787538,0.756347478438225,-1.78385918721624,0.214915108838037,1.62732248279939,0.893296098854643,-0.283188715975299,-0.64541836368051,-0.294335551710364,-0.139070686880614,1.31276594569267,-0.804263935346489
"166494",-0.445562547575745,-0.071812683240181,0.0173698994774009,-0.449631389257025,-0.705836799715605,-1.33287565213004,-1.22823459724284,-0.399222399914428,-0.539359689269706,-0.647131189322989,-1.13259519581153,-1.48759944877604,-1.12685600842591,0.662257860523612,-0.554035275313571,-0.763059427682234,-0.17483771576073,1.67419343524408,1.50273290914815,0.835424317108242,-0.659087917573597,-0.881267139188327,-0.104497686594887,0.936710641437576,-0.064632726662263,0.531594463384654,-0.167175006267747,-0.833389688166129
"166495",1.59748007375692,0.840622011748496,-0.340943119825368,1.256058952594,0.435243645594701,1.00606296665183,1.19160804339875,0.609430581781511,-0.27320431954758,1.16416580489487,0.139724052356519,0.674695015625869,0.183870910637604,0.0178981427631571,0.105464334508427,0.305908522274753,-0.989083392579518,-0.108745697175453,-0.193405888970548,-0.518359866646466,-0.137203541520231,-1.04550867473543,-1.83317501861026,1.51544889270733,0.263430507823441,1.8530975571204,-0.49418406240954,-0.532923442501041
"166496",-2.65750635626716,-0.228454614138231,-0.656279842604311,0.196632542365734,0.211872996327804,0.881534398828639,-1.02999058921792,1.05680035074862,-2.29741490475424,-1.48282437437094,1.51781590344487,-0.173645828998195,0.978373296385399,1.76928370479388,-0.086887662100511,0.811224238693093,-0.197116727410527,0.549096198835071,1.16891062126621,-0.470717961736146,-1.02666426644862,1.24803792401814,0.0381844742596118,0.906607039136444,-0.679912456598125,-0.710250615440594,0.076712693217659,-0.65233463598886
"166497",1.14492747024109,0.868031087763268,0.806793445478585,1.80454758495937,1.22379082946775,0.721001364613962,-1.28659147977356,-0.206509667713917,0.259138347940635,-1.19209694403464,-0.945496797116272,0.380833388752976,-0.609145072880167,0.538874598236798,-0.292938583903165,0.336348363862932,0.937976123928124,0.62027690718899,0.240359170658053,-0.137027644901205,-1.51086006752213,-0.135353904407116,-1.52042946071731,-0.944712566363154,-1.40215201465507,-0.261086881236454,0.51737146350414,0.635785116099197
"166498",-1.72603161734939,-0.865247957150711,-0.0408889540682774,-0.862700564502351,1.546596658425,-0.660324866449614,-1.00720589251802,1.74001073308715,0.22314688755772,-0.883112650443585,0.213347400149536,0.48818521800771,-0.301584483110542,-0.105373187319613,-0.333187844772659,-0.128993178017,-0.404769376217917,0.312198618584924,1.02167892040758,-0.0410679771467453,0.466689207412648,0.204645540952956,0.169814141238011,0.487380749560055,0.126401983488725,0.0697072589857044,-0.0369405849744383,-1.33852036985266
"166499",1.33501932764136,0.969118873490527,0.9309260724597,1.58984247308362,0.732973259758289,0.447320276830447,-1.53054357567374,-0.342060463006902,-0.145675159451818,-1.55374509677022,-0.91564954853942,0.56753868960398,-0.750268708939038,0.26889140055577,-0.21900604184295,0.0611724046092306,0.813018799551683,0.470537321360641,-0.312082902334234,0.172772615916941,-1.12278860277195,0.00786986805670556,-1.70475193060666,-0.837975131912079,-1.21413012781117,-0.290658705276154,0.510432132781176,0.514660281908298
"166500",0.205545200578869,-0.950934991933667,-0.332254451883954,-0.174696315691688,-0.160431944824954,-1.1941883779842,-1.02767469950427,-0.0591107318510597,-0.573896629971839,-0.130203553269852,-0.327012108871949,0.0249538073231929,-0.0798402221485365,0.426804203726111,-0.0960033092841002,-0.881282923531021,0.336851894475776,1.36317311856745,1.498832229338,0.682048235078231,-0.278745034389331,-0.972361905226316,-0.453986561027728,0.10866201144393,-0.184759048458732,0.630422457465606,0.135527161136296,-0.763183686565695
"166501",-1.69636402389512,1.30356723593796,1.26116849810306,1.95787870640639,-0.705948950561424,1.69597476374133,1.23704054332485,1.27552231466659,0.0959591174518286,-0.711261043175557,0.0688765852677706,-0.330061721103615,-0.505684566011208,-0.971048299263117,-0.0291543652141108,-0.1774299700003,-0.668229900741697,0.236075943623586,-0.406094464237741,0.323608388692179,0.496251771618219,0.842796977906373,-0.459818806819406,0.499807522976523,1.15444121493292,0.503705328624628,0.925719030447639,-0.276097888550851
"166502",-1.43183680725933,1.82082103087229,0.0300629824465202,-0.131122622836343,0.840872659114398,-0.881018284901957,-0.618210049092062,1.01011923243706,-3.33578606633385,1.5802778604924,0.0575639339846232,-0.0981110589448038,-0.632610507555892,1.10046592802472,-0.177376563285195,0.700815686395072,0.0613022698388247,0.657199275455754,-1.2631262182514,-0.471901434020684,-0.3869028771111,-0.303486957047401,0.971646157371433,0.480497843669724,0.206773504515626,-1.41664510754853,-0.670398031897195,0.251509118774134
"166503",2.48994483088133,0.395835107966729,-2.99536249927223,-0.470829066151506,1.14896663336739,-0.0292782779946677,1.28941641131775,-1.43563995255534,-0.162262538327098,1.27746986368097,-0.0794639102415013,-0.518531308848473,-0.0392228931404522,1.68182510489529,0.304651147396559,-0.640006660181953,0.12256594250229,0.00647482214225632,0.398926293067783,-0.821786968814144,1.9189625626401,2.12571020485746,-1.07888535761144,2.32158437346062,2.44424308715824,-1.05280361289424,0.0507241280970529,0.596721939734482
"166504",0.126374989192067,-1.28487855232655,-1.29328960717927,-0.116385132211327,-0.594578384703793,0.0500811823750133,-1.1180826282504,-0.0776058449318508,0.852986196413941,-0.398714960508393,-0.0606123054758228,-0.369183142223908,-1.03365166355815,-0.212135508384723,-0.569558079180109,0.490903961006604,-0.518455304505764,0.562609053100258,0.0285803802376639,-0.00378339511172502,-0.036233857686813,-0.536142642367568,0.704514442291756,0.625732396264901,-0.922047596507355,-0.179299640082557,-0.214450553429452,0.429056702723451
"166505",-0.559929751703082,1.04029407331412,-0.60813534792108,-0.647779750400926,-0.990459178895318,-2.21152316512899,0.336182231601259,-1.93982190241479,1.25376029938671,0.344950511079024,-0.0206920279884367,0.0436682600656551,-0.36310178531604,0.208773398222096,1.79806634711105,0.993834451141737,0.159824567235556,0.697698389649345,-0.00782784684761859,-0.188821116113811,-1.11535851150471,-1.43081835543289,0.267978566655207,0.923283120679907,-0.0981258278838783,1.77748127307038e-05,0.579956322685698,-0.797153542977844
"166506",-0.204076871991112,-0.0685224736610324,1.22704235934379,-0.509267441413012,-0.410594131325186,1.89694111318706,0.316525758614461,0.111027137734786,0.372611483506618,0.241277670224023,-0.722190166457525,0.581673316556348,1.67378886293794,0.903078198315845,0.487948620311933,-1.06288414462335,-0.249081559476748,0.126086527305954,1.24270806828176,-0.0523570422687987,-0.804491779604524,-1.17242487636211,-0.413896808518356,0.274767771052201,-0.0500225723423788,-0.41768460340293,1.11917828097589,0.655203510896243
"166507",0.152454882488202,1.98750825294037,1.62230106497997,0.55900053220813,1.63370703931092,2.26933423095202,-1.43724811095054,-0.700068173488396,0.792220225581959,0.674320078108282,-0.963307420444011,-0.136620190400788,-0.310775134208463,-0.759313168996173,-0.0625471760605794,0.487839896408009,1.39665662375862,-0.138818954714736,-0.489808413577619,-0.792707398287712,-1.22093771170217,0.574325225989595,0.518103335681931,-0.72649960183041,-0.172530600327238,-0.0252293901489543,-0.295505116412007,-0.927775894561356
"166508",2.07666471288038,2.89159024109342,-0.359643797819463,1.12716731040777,2.19177736223735,-0.545909247818131,-0.0458975549722221,-1.1108676264567,-2.37694114199855,1.39161229611229,1.06589421413433,1.30517329878917,0.175032004255745,-1.59330939973874,-0.383068418152249,-0.779613998076891,-0.918003189171869,-0.157539250475678,0.779183254575547,-0.510737867946222,0.148800559256342,-1.72947179644196,-1.74412343078112,1.64189270865009,1.02056849914804,-1.19302777337145,-1.47628887931536,1.3120233877283
"166509",-0.527570532737688,0.434648723813928,0.95088565661559,-1.17131852944296,0.443001302655746,-0.441084765617859,-1.09786009020838,-0.450573024889691,0.537044403275726,-0.697392625376478,-0.871860166436823,-0.252387076799101,-1.320521238585,-1.7235171031877,1.38329388083987,1.20068650795697,0.55899793569633,0.254018426408751,-0.378558313141931,-0.490456820138579,0.361881243392547,-0.616373246173801,0.954027130975679,0.0633743262980644,0.325641063710603,1.06929926080322,-1.68574803495957,-1.33828244787863
"166510",-1.54215923907053,-0.854745282297768,-1.37493822761829,-0.813576760965274,-0.10339551959191,-0.482313871063354,0.176402774533726,0.946018879285491,-1.686740503499,-1.24513048605912,0.742617516593518,-0.107999969626457,0.377423381254933,-0.314696750482453,-0.638021128268599,-1.30862152302285,-1.00053401856265,0.157460918442994,1.08925814068806,-0.144774859754593,-0.567588429388765,-0.0635797010992192,-0.0739644855722077,-0.276092247983065,0.866274212172172,-0.753733614784127,-0.455985437834137,-1.70535305438272
"166511",-0.58919054627481,-0.366791712698323,0.609280153082577,0.65518886719857,-0.435463376088012,-0.0656118328158855,0.232653380769053,-1.43747479131407,-1.06928269706316,-0.256554603852438,-0.31858527897564,-0.0238229910309964,0.613566988317751,-0.113623003306201,1.49890066672191,-0.00660580579186925,-1.26482052246195,-0.265103350796453,0.0415003881267869,-0.891949330881001,-0.572776821665129,-0.385022730006362,-0.729402301702546,-1.98487054697671,0.723065707953205,0.285860639268778,0.201852459641431,-0.551183919970707
"166512",2.16120737087987,2.05433020874647,-0.179778237208975,0.943486513924336,-0.281362169386872,-0.242029190553184,0.844337015675174,0.91354201288917,-1.151847073151,-1.49197121438078,0.826042242598796,-0.716331291854206,0.69646127560735,-0.0431609879213577,0.317456496734395,-0.370979375794321,0.10398373013453,-0.827030480515584,0.984717101725584,-0.456317423406013,-0.859443678773618,-0.705754016819192,2.25641220925975,-0.2088361912353,-0.552157980223863,-0.776046121236107,-0.543246557171086,0.183745504747785
"166513",0.259998175627551,0.701167820790616,-0.89784597262687,-1.93644912794333,-1.59481074379113,0.294693282934057,-0.698992551394874,-0.217609550768368,-0.64251364587474,-1.4568016901859,-0.488351760670669,-1.03971251629095,0.567374598182541,0.37114505624464,-0.17704587718757,-0.947934612032522,1.12071358304966,0.427978398894622,0.240409686172376,0.918059545237505,-0.469121488169533,-1.5103146322242,-1.47487488839216,0.566583158486786,-0.897339443688104,-1.52300533000913,0.198268775485949,0.202375315422385
"166514",-0.525320600816539,0.0185333583621407,-0.185502246046988,1.39986196232289,-0.495769181695085,-0.861855234840049,1.48874650556162,-0.113363926298971,0.838559940799119,1.51637322861523,0.0447282606722291,-0.0540213895430512,0.438219199652633,-0.313591287929608,-0.3840074031125,-0.409751132491595,-0.785629372461598,0.539846207720031,0.710945403901398,1.17524264075734,0.0529722450585834,0.348078936208393,-0.434574734629241,-0.113985117017808,-1.29792621755612,-0.430754256811187,0.216496262174403,-0.125604668770211
"166515",2.07397794262635,3.13371106614228,-0.183978983119869,-1.3233097221871,-3.31173793578204,0.28617118690754,2.52437381402127,3.79138139305631,0.384578319610855,-4.90836624141473,-3.2682322804969,4.54938862453626,2.11597176362537,0.661881546679293,-2.42574456182204,0.50013585754564,3.16271987492089,-0.030341676611583,-2.94983881054412,2.8497701252549,-0.947647972055045,1.47459333632471,-0.369376227482777,0.652461528951237,0.271944902413463,1.38020897561604,-2.84024853747743,-0.523033541481767
"166516",-1.853825369163,-0.0938786858623022,-0.063151943857939,-0.105176923330425,1.1720621126361,0.404884640150086,-0.198552972343858,-0.306381146075853,-1.57745308541299,-1.02318673562487,-0.270127934915425,0.0118963702481435,1.30089119440965,0.141094349671278,-0.802180094712054,-1.08300425625986,0.740698453627198,0.97161361125129,0.821019584797789,-0.0415764369123778,-0.187774531261545,0.134441073579194,0.0438642684073543,-0.125515874729489,0.136023297351025,0.350427708433964,-0.46635126786368,-0.27683242166609
"166517",-0.209098080093042,0.789737475951116,0.85705422117286,0.103982093880865,0.587665366880326,0.113655750723889,-0.743110821906632,0.435410093905915,0.913077783117137,-1.25134427206776,-0.940560376315603,0.369862841297172,-1.59012828385017,-0.47698764198387,-0.468004868908487,-0.110367142387563,-0.584567995645427,-0.208999717979912,-0.469369181434947,-1.24600558926572,-2.58937357888284,0.09483719197912,-0.298067133390311,0.350112814400349,-0.109607963373589,-0.0114656222250368,1.11843963163961,-0.476590872000376
"166518",0.0947449244442335,-0.485267122574846,0.717876356744201,-0.952859928438846,0.877470002098988,-0.165577818580216,-1.00016729886862,0.342267486513812,1.53834157086542,0.803703328077043,-0.305681990625031,-0.779739947957374,-0.00362732706972377,-0.968903266880637,0.601073559097621,0.817720358431692,0.48081455068888,-0.619044587644071,0.107441588095615,-0.229523833821243,0.72648083463011,0.944571201652878,1.1019811371706,-0.303245978589139,0.194722251160852,-0.508846526084348,-0.0727219785827744,-1.76276399554174
"166519",1.66438149245885,2.51222953789303,0.45040586761869,0.453552618625612,-0.0917430928210542,-0.964341029831358,0.223943064494784,1.00104250258144,0.538926073452933,-1.41586155803841,0.543201723870297,-0.318874054204984,0.834337879581527,0.363920194335825,-0.442777030976559,-0.142599855062282,0.944688918617068,-0.605864608136486,-0.0102305296020891,0.0430799877855154,-0.245291369512398,-0.531073784684592,1.63489355507904,0.382981119020352,-0.755657730667584,-0.181953238852776,-0.629410811771926,-0.0159246687821691
"166520",-0.900391554725943,-0.230877386409912,1.16173161709723,0.542150199148091,-1.15277945441103,-0.333762280580375,0.521491055970827,-0.502868079841459,0.0122793181381183,0.800363336235959,-0.586462183823069,0.755263366043596,0.557832337124892,-0.629889264691503,0.684443168880518,-0.176808486130735,-0.369952904542138,0.562048879825236,-0.474923544029495,-0.189701755615358,-0.0386153819207511,0.340912047283844,-0.156453027858866,-0.704941544901857,-0.405237295116743,0.624244722142329,-0.955961391444883,-0.525035836065767
"166521",-1.83265698549651,-0.486387845634833,-0.701994422048045,-0.432245902566265,-0.310687926846239,-0.393706334952963,0.621472527729293,-2.59655652026145,1.40860345265498,-0.676180737218486,-0.628416832184463,1.26897680754506,0.302061937950823,0.819865690599148,0.732201927857225,0.629977650000715,-0.334530068103925,0.608845860384294,-0.299595605554422,-1.19370488821789,0.575659714693429,-0.926224291582639,1.02366032941788,-0.447225296011577,0.965749145605861,-0.142057039746605,0.126210931626246,1.18090219587889
"166522",0.565862378205276,0.0756164590778029,-1.37787298766725,-1.73621049270623,-0.551775611599732,0.570803878464564,-0.30498358098914,-0.244804234097638,0.025992515626818,-0.686848630807888,-0.442752378258675,-0.950160103025283,0.977241627544679,0.57872740570322,-0.550508928042885,-0.589571004834794,1.20883867751811,0.510634413517555,1.40644028188452,0.534944776060563,-0.810860705932951,-1.78200024007298,-0.735104140888356,-0.171654000003548,-0.980748918418621,-0.978258400343541,0.389835760836044,0.0693656164037342
"166523",-1.20296839657536,1.09102028469421,1.31280838852763,1.84344313142507,-0.480717995090383,1.76948170504915,2.08790775770957,1.55597993091842,0.334081304576142,-0.344941207345369,0.28598730589577,0.130592451770193,0.04518755411311,-0.952021539857631,0.241873261410684,-0.225447387094553,-0.583047060150495,0.553906399844084,-0.0375464151430737,0.383589258551199,0.599298883951045,0.738606052097657,-0.65294955924176,0.0332470645753427,1.50128629361757,-0.0229117194040284,0.821590304177412,-0.386958379671772
"166524",1.71933935565865,0.458617905647416,-2.05614515571859,0.161799942038538,0.393992261025703,1.18051162308861,0.343607051450129,0.967490752344045,1.4572837039433,0.39058631017951,-0.193757654597759,1.26360526614877,-1.66932655868118,0.738645481326273,1.61337707683749,-1.11929459760427,-0.439403598809005,-0.364900853142889,0.257309943120687,1.83275140260078,-1.65049085731992,2.76192938949234,0.169415266724747,-0.972583153041123,1.45067007981887,1.32724494265681,-1.08777681384281,0.173192130566352
"166525",-1.43789648882524,0.867647849555102,-0.941352938274601,0.813762863285961,-0.775390264260408,-0.768032990508812,0.823201798035857,0.376557108466655,0.305662137183022,0.891237702735067,0.676941188505137,-0.601176473132935,0.0147940089485738,-0.893141412193079,0.0091453732810204,0.434759965449166,1.34335045427773,0.827239246611398,0.167996503146634,1.46565352655913,0.157423011365125,0.396814050819695,-0.718145329915703,0.645608819614374,-1.82018571075257,-0.184595591596109,-0.442405924981304,0.71517107240654
"166526",-0.953739849551868,0.682115247290656,0.40591832394657,0.858299960881224,-2.05666479002613,-1.17248242376117,-0.505189213898785,0.285723300719,0.00219530201759417,1.50638589386973,-0.166336754015538,-1.94561724293074,-1.1428821313202,-0.74208102061432,-0.735284728909556,0.200012148950477,-1.20157169787781,0.55187994356347,0.258279120884696,1.19101574414065,-1.17534758037414,0.924833087353925,0.0277126457076979,1.7322060394343,-1.60367467651001,0.61508976098336,0.469085034775286,0.219263283675577
"166527",2.23567053933825,0.748650260438158,0.873933609117474,1.18088844528436,1.04101064301668,0.398818430437188,-0.197994915674424,0.185611106801872,0.490485256596435,-1.14960967558309,-1.51881338525088,-0.0963347459834575,-1.53799064390895,-0.71641913694967,-0.761597218885062,-0.10088471040532,1.28247389153316,1.37233444546437,0.963990272066083,0.0388616230786516,-1.09681106015827,-0.320233514205198,-1.18678635840407,-1.55105947850459,-0.191448132788632,0.0972348595763731,1.3466451126443,1.12323270644057
"166528",1.47971140560021,-0.851163928684856,0.2407482431907,1.1145535198791,-0.540731617940172,-0.316931215392338,-0.349452797975886,-0.0347839880243266,-0.756680213976422,-0.668626222371259,-0.410870270048789,-0.855576936244025,0.116936742120221,-0.144114962150247,0.433478110394531,-0.0117072947349783,-1.05280721760585,0.294667111666106,0.967729649039025,0.342017824257329,0.0421309067888744,-0.288220433018024,-0.987779254129489,-1.70958623733341,-0.135059172145409,-0.973555012664717,-1.13282799297943,-1.06621123526267
"166529",0.188551136202337,-1.49188268020022,0.746716581054035,-1.03819457193665,1.1335550355053,-1.42446435601183,-0.671424476949611,1.19026009970689,0.486906131109345,-0.434428070269231,0.174553824221081,0.150182006201877,0.216870326654495,-1.06842645260935,0.625751358241271,1.03890629169479,-0.450933642363852,-0.448676706558496,0.354231316687583,-0.318413011949015,0.657532190487672,1.00708580209535,-0.642950801250149,-0.968652942195408,0.432818441471436,-0.516157972587234,0.341936538138711,-0.389669151098166
"166530",2.34909288704762,0.705945029021227,-2.8475091263289,-0.210677193718197,1.0149190559621,0.446942218019658,1.27710393571562,-0.398540836969975,-0.160088207397943,0.840085449451119,-0.0447430403365349,-0.156446023177631,0.11412752293865,1.33518595000319,0.672584752511153,-1.08439763334259,0.0896638148676393,-0.00751730707377201,-0.34490449351272,-1.06526691727303,1.68777075242633,1.91784941935237,-1.19357099531816,3.00945073801911,2.11768468767586,-1.86701082578138,-1.02097897363965,-0.0223816133875068
"166531",0.201048588778086,0.829722299177804,1.29203800496458,0.389328101771738,0.781048448481432,0.92130196591317,0.00586434559471749,1.25815943192361,0.849518611458955,-1.43779395296245,-0.542207183123993,0.970358438791932,-1.41072552704037,-0.558861094590526,-0.293413511102523,-0.0441941125728786,0.0795936045264007,0.247536629937426,-0.517209186182375,-0.802091551601185,-1.78687817226699,0.568868710421222,-0.82242980658987,0.231287706379629,-0.0249476620049041,-0.427167584092788,1.44642534812159,-0.14935362409472
"166532",-1.16770566881657,-0.76099543747066,-0.413539871211697,0.628764027346992,-1.32099344998008,1.71893131339686,-0.144073546743697,0.503899782100031,-0.250455027617405,-0.551167126786953,0.144757630573102,-0.308388180549726,-1.08390516337774,-1.13638552477004,-0.858386533785653,-0.207445512799997,-1.74938523601723,0.035291611223167,-0.470586396346986,-0.810744554568858,0.03048724179175,0.115402622887432,0.579782467382526,-0.191191804534444,0.842816527723591,0.278661626478163,0.110486564658328,0.512287533420755
"166533",-0.837963272288696,1.48093742898213,1.0565829910596,0.74623836712309,0.514684050080819,-0.518499155863649,-0.268170754464356,1.93328881190781,-2.12906224153598,1.61768754685371,-0.877590535659319,0.119162909426222,-1.91768005272393,0.605844275312547,-0.76551816318905,-0.298848699917054,-0.859609359867194,0.684645655218933,-1.24111657717944,-0.0631114391596743,0.46997746762984,-0.489067506564003,0.927200086016949,0.549344364097867,0.963529206634859,-0.592189996813179,0.0327427665819328,-0.197438634220423
"166534",1.46701662093148,2.56215281796052,0.976775962029229,0.895891258902864,-0.432110643961868,-2.33362155750328,-2.38182893019997,-1.95900395328906,-0.906481358746137,1.49974194730322,0.0877666840881015,1.18642791632316,-1.17906547024756,-0.437721668128191,-1.25989387418599,-0.211368972642342,-0.560126845564807,1.33348754319706,1.12362075107502,-0.0329926450686666,-2.02031984808089,-0.461815545777569,-1.25705513267302,-0.665162817014613,0.411096230601529,-1.46846253563415,0.200418161767535,0.926823188618596
"166535",0.248471330412514,-1.03591678251962,1.97745603170768,-1.06163362957119,-0.370014961371909,-0.189793367371291,0.849845201157751,-0.206645861192292,0.800014537837651,0.567417626164445,0.40552556080089,-0.517732292244582,-1.0019697985127,0.509786476619729,0.0988416629780639,0.15741731930925,-0.276058994860262,-0.6187158954972,-0.135372481488468,-0.526930740940742,-0.987852495374787,-0.373673151415981,-0.377603338006555,0.12627187331708,-0.156347979929329,-0.308508247386231,-1.15017102740678,0.466918016025937
"166536",-3.32175586558356,2.00548463671914,-0.161951968556119,-1.0780383207598,-0.698753633093687,0.0915334395696512,0.523124985238625,-1.05891532292323,3.34919104753719,2.88378617779532,3.06730978448835,0.0748591629080068,1.51788690870678,1.6091193222137,-3.34670076370893,2.48396533239946,-0.69994632779793,-0.277172483952988,-1.61850379089975,1.11280111185929,-0.0922329812916767,1.07513125193738,-2.92916850612922,-1.91261338027997,0.989755085251542,2.42391709863061,0.630841884218563,-4.03411389834129
"166537",-1.83565561950218,-0.285555543023465,0.937190196837545,-0.0646337277655945,0.615971457724216,-0.0435332069289302,0.158222412413555,1.31594716414277,0.409736986443648,-0.531033182942634,0.047960987652934,0.463646906539824,-0.274825461310368,1.1490687142502,0.46566821291391,-0.478376645615722,-0.575721077875712,1.09559900863576,1.32078303492927,0.619200157221246,-0.162543566230022,0.0472876369698796,-0.123677477037874,1.33549205673337,-0.108423746429129,-0.23341262895665,0.586447985903501,-0.609350998184777
"166538",-0.844953241751027,-0.979932872079269,-0.641994750054368,0.170474774044409,-1.91873628579406,1.28408964441094,0.198582746318071,0.0976234929275458,-0.464650458423354,-0.970422415852934,0.580283978684323,1.03378499313698,-0.180398061357391,-0.848930659568409,-0.322705680314658,-0.0724129182330317,-1.12042681156624,0.16831533518838,-1.08727393552607,-1.04229548748459,0.628862985558505,0.248432324420482,0.240490755002446,-0.362585384782218,1.55310472565915,-0.23414418502189,-0.0123487969180263,0.132377493603863
"166539",-2.01295849388444,0.930922693582162,0.524839041906077,0.601122379455562,1.1605352072889,0.586626057950716,1.03289676071244,-0.382017701806055,0.130708020113928,-0.111628052381586,-0.149599942581992,-1.07310413571596,1.15493075691689,-0.510084149529611,-0.533646496011435,0.285263577833584,0.22228013678408,0.12637242753852,0.465441036186644,-0.00851328747662217,-0.663819046542625,0.975665085539688,0.482961110288373,0.90989643735659,0.0320512789698971,-0.339552338095398,-0.146154896692675,0.439600895178567
"166540",-1.62222684667213,-0.816672170326991,0.221137481684075,-0.0891489637179486,1.03499063313281,-0.0293035343958168,-0.085114816082851,0.800241887585921,0.567339616055964,-0.737091921755167,-0.137126494458979,0.975720079468626,-0.635530805396553,0.506774050982103,0.215720289644768,-0.942974493706101,-0.436161671878484,0.50116516656018,1.31055382730706,0.502206640737146,0.159795623578064,-0.449355677382231,0.848724129089917,1.3765651032673,-0.273472682414839,0.456189282834145,0.142469089433001,-1.26778480871858
"166541",1.50367156552073,2.86975366986092,-0.239643773209913,0.633913905526064,1.52612353679944,0.202329318875409,0.485614682143412,-0.595046321210969,-1.11515625203628,2.26765097846324,1.78388574958142,1.0189299290598,0.16622890339357,-0.340413665882121,-0.840532541592377,0.877232746042036,0.292907697736388,0.714155142671877,1.47077487533978,-0.163155972946844,0.119716048231952,-1.10329151685204,-2.09463424159564,2.64131234698517,1.69707574517564,-0.854829747525921,-1.90196368895946,0.608526622348423
"166542",2.28900903271492,-1.17214019775575,-0.149929337772476,-0.623631839949825,0.962582351199172,-0.0269874872344006,-0.407219051051575,-0.460504091913002,0.781852987885572,0.178399000235331,-0.180658763557842,-1.00555078491734,1.21135165339537,-0.411976657963734,-0.613091135422107,-0.236748052124745,0.0471996380871297,0.951853312760837,-0.692590979903479,-0.0340355058459707,-0.336626003532251,-0.238046383570318,0.556041867805858,0.488753378225995,0.552678932383628,0.806384487671047,0.417242810861142,0.597355634468913
"166543",1.97660309153475,2.57007233279414,0.634801015562043,0.181719139284105,-0.358996981007755,-0.908964451906308,0.374464841141411,0.894164933187124,0.187047678733522,-1.49043312156274,0.796068347708579,-0.0643293658281248,0.959688699128437,0.489943191287135,-0.204999916600402,0.188404509931756,1.18069564750834,-0.318367907141036,-0.0451600179275705,0.0703264548159903,-0.125557830039203,-0.207238249690058,1.66969751057728,0.481964791398242,-0.585792156914722,-0.34410410908928,-0.340579592522869,0.106414000205169
"166544",2.20419484177146,-0.812093375355795,0.143420187471979,-0.377475168852896,1.24141682001342,0.0221603646597547,-0.0431056937617596,-0.128817473570204,1.02312284687163,0.453200745792795,-0.103002814738809,-0.993335782184724,1.52184518176283,-0.198872733707831,-0.234901778580418,-0.396377283174521,-0.431376429875266,1.05512158657733,-0.691774987574545,0.187276748045742,-0.459215890967264,-0.504055055835401,0.0347776344644188,0.0496379345485912,0.332539081924235,0.241910149526925,0.201791731671024,0.598399863384428
"166545",2.01955949627686,-1.89765201116081,0.223922289989604,1.3032480247896,0.601756624570304,-0.109878754773166,0.0892340687972731,-0.923302018584521,-0.442321670320155,-0.227819968650613,-0.761941376677676,0.310532313781925,0.0864278773256037,0.652669392946996,-0.19450173048145,0.986143845319973,0.631749472009968,-0.677032344067422,0.143935555563939,0.360552810654346,-0.294952310123289,-0.343943509578019,0.599166039244257,1.24661688232203,-0.363998468999783,-0.176181126721564,0.150796706588969,-1.23840984033135
"166546",-1.94796682350032,-0.193004369121298,0.162792552894483,1.06523397368314,-0.0711212628564137,1.58228872678748,-0.536792648920448,0.142215633192875,1.16833485776919,-1.09961122348323,0.0303444087082025,1.4925238503229,-1.27875611232029,-0.849530583469996,0.485459032696136,-0.208947672564271,0.286713332680924,-0.06343644778138,-1.66147535042344,0.453837002114678,1.98573440577343,-0.37969563529327,-0.0649911769076174,0.512903416900317,-0.549264928145444,0.938071294861992,0.26218359926461,1.61584629052392
"166547",-0.870847691226634,0.536657150093952,-1.15390886419545,1.16318502752393,0.0544501895583175,-0.197218524700201,0.187659731409107,-0.442010431582775,-1.03993111089126,-0.387925703854741,0.853018547400069,-1.55495392077281,1.10010565013832,0.521968305380199,0.20661900765594,1.08401208172053,-0.0657161824010122,0.152169472491195,1.14131472912221,0.478572256228605,-0.733381631095644,0.491995528086307,-0.580422011540956,-0.229742368972433,-0.669659087888553,-1.20792526577203,-0.156504708393319,0.159682375378335
"166548",2.43334818124929,-0.62407119219249,0.142348090117413,-0.442873006570744,1.06350258849915,0.121619867178202,-0.111363908929269,-0.0535373254180508,0.642335459697078,-0.102870055497819,0.0816790312589697,-0.471965667472968,1.47408484018413,-0.34345699565434,-0.0488670548165688,-0.410761575868949,-0.202604766100964,1.12965179542503,-1.29270793052578,0.383832606004426,0.106172568716339,-0.30018094325354,-0.0410011339432008,-0.117296867261671,0.40312996120784,0.462069550362568,0.689815173897697,0.482077857261511
"166549",-0.620142786435732,-0.357652760585093,-0.302023965307302,-0.607726555849817,-1.1684070166073,1.71162657375023,0.233139224171637,1.23635619311137,0.407601204446041,-0.52705823536782,0.484409934094491,0.89123844905545,0.249075935746009,0.850518898299454,1.01199168036091,-0.630938744778619,-1.09440833358351,-0.681363179333986,1.1420409558339,-0.185098492346684,-0.678377799863311,-1.42163121017699,-0.339207994550041,0.190330250657983,-0.168100779240954,-0.573101102124889,1.86465039579449,-0.371237698091429
"166550",-0.0661453115398387,2.10906054133956,-1.08377335781626,-2.13834839538711,-0.101879327328185,-0.192298630374192,0.544945897288471,2.99657324444641,-1.07270592658434,2.78540308740668,-1.18645013102106,0.574006590147147,-0.976085646195395,0.820762634240119,-0.307428883213888,0.696643313656817,-0.813620981166716,0.618771815623277,0.182460052706137,-1.26727026225348,2.03911549826404,0.730254396922506,1.18699180113305,-0.248447457344631,-2.15255119944995,-0.0895565428501633,-0.284963184917632,-0.117661735873058
"166551",2.04340129347098,2.39676605460003,0.692317624939582,1.28951341626889,-0.754655705345412,-0.0838204261879208,-1.3076384653004,0.74978696759812,0.673735517049821,0.542751939700922,0.801617801484725,-0.941137193165899,0.490838633442971,0.362861548725785,0.440964606850486,0.415409084125546,0.559840686129716,-1.69364627467369,0.463684879883482,-0.0565824888873061,0.594152869784119,-0.181772907551405,2.48419383388473,-0.406338000918422,-0.122548434749085,0.172961049632669,-0.340236071026934,-0.880098910226055
"166552",-1.70953688415688,-0.931170033323989,0.271036934478205,-0.802245457956083,1.42038172195149,-1.05921875772317,-1.08936189216833,1.38308640482824,-0.0305243784072175,-0.974970850717751,-0.156781289523284,-0.0464294542142231,-0.214048958928244,0.0270684456106175,-0.611997994696596,-0.464282046813306,-0.955084336080499,0.142883486965036,1.21646738371715,0.325606018478823,0.611131546194324,0.465654159402929,-0.0547968943613437,0.461608139617512,0.339373419289138,-0.322097932874185,-0.220322058088658,-1.01172606023758
"166553",-1.47280342385901,-1.14493311915842,-0.246194483642321,0.605779622572644,0.5393762704763,-0.313185647505213,2.1072770463009,2.29354621524155,-0.809213790078728,1.74680067508523,-2.5819508893461,-1.60811450551238,-1.144748077597,0.661240635370643,-0.0636428906357035,-1.08316331883692,-1.05481963960332,-0.154383481291839,-1.00962306576994,-0.60500000364817,-0.658842761075194,-1.19331936654459,0.652644453935057,-0.984912291070164,-0.321549441118323,0.466861967542857,-0.231053395454068,-0.123312877760882
"166554",2.0727828195538,2.11206153309026,0.170938603314776,1.56391865815861,-0.774044824216345,-0.506429656113092,0.0132471872579167,2.0044465602421,-0.74627305277826,-1.72598237428351,0.963470499860456,-0.436015103341166,0.895704883982901,-0.0545307841006373,-0.164311519789326,-0.252759583621062,0.57597012933776,-0.812421136432438,0.458807367534525,-0.0890950962374335,-0.00373964696962512,-0.302318076002055,1.22979682939342,-0.666972434797566,-0.133456597154743,-0.0673704306592631,-0.240389867552944,0.632830484970678
"166555",-1.09914258827857,-0.954235115429183,0.927520526694982,-1.35402127810729,1.01445676650024,0.0471093443872896,0.350306671939456,1.88922424260395,0.238483954157766,0.269849925729721,1.35287414512583,0.490266500413443,-0.592720779281339,0.503103172034156,-0.793690201755703,-0.459014113370471,0.487870721689694,0.0691621377897761,0.302724124621689,-0.327709964104663,0.086347731495612,-0.558335247907644,-1.16407620052272,-0.449689734783175,0.19062031514428,-0.0291356054668462,-0.783833605770271,0.14172461240825
"166556",-0.211312599347847,-1.15424622161533,-1.323331234249,0.0223841137424935,-0.914893299806066,-0.273486959176968,-1.75200087042243,-0.393536459513103,0.696589815808539,-1.00516414414279,-0.361357508108899,-0.490480683386381,-1.25584782835781,-0.182604499859097,-0.841839926998589,0.327388880795154,-0.543760970167719,0.269921846883198,-0.446479815126705,0.0857276750765748,0.335390364948255,-0.407907568681221,0.644080613749048,0.80006426625547,-0.867266187998801,0.0913811475097353,-0.276068333163202,0.489224985062635
"166557",1.85212708968721,-0.42314026825865,0.817204757658284,-0.245352242491728,-0.660564289653515,-0.916441039110658,-0.0690736404844816,-0.143767172759089,-0.251973327312584,-1.10888196818753,-0.64154298369276,-0.223037521865446,-0.274916947707958,-0.458460607172116,0.768953271674335,0.228372692133745,0.539096744157443,1.19553245624419,-0.0304460608501126,0.860115508542768,0.798061223800663,0.0718941908546566,-1.08878167700035,-0.772686692315177,0.0682919975568894,-0.487177552711841,0.109142107371438,-0.625847614070369
"166558",1.35967029697039,-1.38193647989137,2.6408817081223,-0.980623603076673,-0.189273701742908,-0.0768779229720131,0.817696273358248,-0.622220791387123,-0.405118288882885,0.148110868874104,0.413630391839505,-0.426838972573011,-0.710902279604441,0.695295126846509,0.238042670193811,0.3065334141316,-0.417563915919507,-0.44591114927035,0.446714777789795,0.475185777221912,-0.00729785196402864,0.709660231602709,0.0580399055752338,-0.0409282064886186,0.0089340125826087,-0.362319204213056,-0.387752423885216,1.30788766622995
"166559",-2.8428391999645,0.468601260982485,-0.0347851575223069,0.2117688039104,0.957123187829288,-1.49584474810761,0.572276470853817,-0.202039564555728,0.780478926068156,-0.618441016303837,-0.0298925303067543,-1.25471331162462,1.28611016854613,0.355423561480308,-0.310168839832928,-0.20983933681923,-1.55768109019191,-1.08035411807126,0.099537706560828,0.348117403046981,-0.749631896640546,0.978640865550936,-0.485323239202443,1.12455771615747,-0.254444313799447,-1.91123770606561,-0.141900140658776,0.121477652476595
"166560",1.69364466630786,1.41003588082103,0.587903100475144,1.81362099077591,-0.096439226711459,0.237216176973265,1.41870087033991,-0.0145027407355,0.345740124551392,0.0830327495327103,1.23313776217462,-0.629526808361885,-0.936102303320714,1.69044855494359,0.0572902230653087,-1.978922642359,-0.279840033468543,0.244454347620706,-0.543388398867846,-0.103996344209317,1.51699086957614,0.279281783736337,-0.0611268450399736,-1.38448981317563,0.0842966424269802,-0.180946139612211,1.21242899826898,-0.676593825775564
"166561",1.23661515554968,-1.01681745559075,-0.624456216941516,0.527613985062625,-0.829330920059802,-0.204293179101772,-0.696462778070729,-0.46883028327017,-1.07691501632492,-0.82329632321734,-0.0522973982853266,-0.684036227810456,-0.892087005627397,-0.702780650275596,0.429816731411084,0.358198774336292,-0.0636985921110943,0.172324313431802,0.404837599287238,-0.0160825892767496,0.0582531941331875,-0.355031528271893,-0.701912548695864,-1.55865771110904,-0.210092898623213,0.667018956338219,0.476714460262996,-1.04676316627057
"166562",0.301375947560734,-0.241472678749561,-0.763558529412718,0.0302834936312843,-0.250111038975567,0.562617934096283,-0.86076227843971,0.0397775828158065,0.935768870508519,-0.30430814040508,0.499613057573315,0.406247104565693,-1.22233117083896,0.0654493866418879,0.794503419913519,0.964385434618867,-0.61886945063438,0.965957141619989,-0.250448283126,0.632013394677723,0.28351746618064,-0.983087182225267,0.740479350128151,0.348370729114838,-1.73044344986237,-0.36695675108744,-0.245365549338325,0.340601707606083
"166563",2.45992048812837,-0.627014876292929,0.161846068457091,-0.651335072284203,0.703084288985812,-0.35485296399985,-0.574836408809488,-0.589913135084778,0.295050821089034,-0.186751774198337,0.0884146777453154,-0.42449347499635,1.59767817067,-0.224523302049348,0.0734838748864483,-0.421539326186244,-0.51773657974914,0.884306421331038,-1.52602919497991,0.416285117565441,0.0574771653857611,-0.244245007710155,0.0247709124006718,-0.00886390428393342,0.434966424895672,0.434229225400645,0.536567728237516,0.401729115299088
"166564",-0.773897596216162,-0.940370299478809,-0.750125598850163,-0.12300955552218,-1.66239760849986,1.37843016622072,0.559962812182917,-1.12244891578736,-0.662363131267019,-1.26142919384713,0.512639717134859,1.17916604310713,-0.345190841111209,-0.0561436243916957,0.322372739562393,0.735789405032438,-0.556840109074513,0.553581401447304,-0.408189404327986,-0.611638133766028,1.16747028296906,0.418795200893948,1.10887735666943,-0.161934831409984,1.62078962458807,0.0882237022907633,0.42809848855576,0.419164296364917
"166565",1.71817510227104,0.0646845010103998,-2.31879343760398,0.339478905437331,1.05567187759646,1.05685645334657,0.354733989908039,0.728519302827492,1.76082473796572,1.1478456540875,-0.143301010061841,0.910232084540981,-1.07048331058681,1.10806719520635,0.786266715719144,-1.07012447389563,-1.18083526536785,-0.616990150106983,0.859715726502317,1.45850554326647,-2.23238592930254,2.76945439542193,0.136759515381492,-1.97002565850834,1.33493293978303,1.54541007840838,-0.730569601239004,0.0191540299350313
"166566",-2.67237180328921,0.102396087392973,0.76115126303321,0.654622962804412,-1.04444750063931,1.51762200828046,-1.23646973674884,0.0271188327265271,-1.87309598300265,0.616411256570993,1.0859357274361,-0.131985536031698,0.0538135049335471,1.91732081844861,1.46944661807734,1.5760311640385,0.621964655936837,1.48942209820766,1.67235405771976,-0.893856108351112,-1.92907487477201,0.218999362222108,0.0801428078069926,1.52300455166855,-0.0926160203200927,1.59815189051929,0.801325529485619,0.318339039460015
"166567",-0.269059647560169,0.762304700968577,0.430312219156599,-1.1088197268328,-1.87636793243771,2.55651530553114,-1.0927691138622,-0.447841491008848,-0.399340325324339,0.864786726186511,0.167247165793769,-0.0137159956051865,1.1822108826472,0.0273152651796377,1.03779708720913,-0.524465902510787,0.76114589157692,-0.870357969384421,0.151619928220829,0.1677533796926,0.723681480379542,-0.631806567666796,-0.0615895901363428,-0.278274661301732,0.868579817078596,-0.652988072063761,0.437189405694554,-0.899753472284902
"166568",1.53980473110809,0.410695049013027,-0.525795018089879,2.03714708309694,-0.55328899315474,-0.292464913010606,0.261910937603873,2.4607550658966,-0.347696446847493,-1.22292831180206,1.08726779861477,-0.371067154155638,1.6384498955076,0.00384119132857826,-1.00898960717048,-0.0855141569479665,2.36309555887468,-1.02362064093689,1.24722587734304,-1.13653310646106,-0.12882898348486,0.254979959071008,0.477791732996925,-0.350789185260684,0.396515444605954,0.16366315145874,0.316159799515007,1.87705266658702
"166569",-1.44635580429433,1.23302363281056,2.87789984351047,-0.251951281067681,-0.259411854261211,0.644084854745977,-2.07000065184115,1.02047419947419,-0.862881084394121,-0.883743982443599,-0.89626472412807,-2.86039737290731,-1.53940682032948,-1.05760981483482,-0.27185646728542,1.48745731861461,-0.429262258900595,0.468803826486478,-0.73300256802846,-0.231606865299263,-0.504304882543824,1.76855793422669,-0.844583327150382,1.2540034750896,-0.422408089136884,-0.0845704752808882,-0.779566987560148,0.376569828716151
"166570",-0.14744941858798,0.925064686070337,-0.807846354154829,-2.60819170160226,-0.640052888759339,1.25363959046989,-0.0309126401333003,0.236215747471048,-0.299220974573222,-1.00032672575031,-2.53387385752768,2.08553567805055,1.05800518595227,-0.825116666356718,-1.75579459768536,1.41264936394481,-0.142134248086305,-1.40946815962144,-0.444424529718727,3.29656685540805,-1.58491732297797,-0.993866213261386,0.118499039133764,-0.389214013005919,1.40282117669152,-1.27540044090882,0.802070699673929,1.07425768870809
"166571",-0.162723285056958,-1.21095000025147,-0.580194398096327,-1.37863536998368,0.779704447786313,-1.60020493200728,-0.0428936718170828,-0.36992917077844,-0.336160151909288,-0.917277659436158,0.120280737195657,-0.105958340905161,0.784463300933207,-0.794063162032676,0.512172410656635,0.50305936712216,0.197489881089567,-0.298881300676251,0.20724766739949,-0.729208695541745,-0.506711409839824,0.49126380423246,0.0858138394478075,-0.94784056986368,0.0695415816896315,-0.283637824747773,0.705313879971507,-0.215506772623888
"166572",-2.52543401973661,0.262593874343176,-0.772714874914166,-0.344389618689481,0.710315839275442,-1.8758129506525,0.366834792904409,-0.375025682629663,0.805574658781674,-0.39417268286868,0.407520136253847,-0.373145478586226,0.711013918121882,-0.50380645700472,0.400025955127853,-0.0252559177682455,-0.636502675710768,-1.11736157153191,-0.28230471258712,-0.0597502292550844,-0.717263841587383,0.281662807669375,-0.169414160340698,0.810016557947557,-0.170635851692715,-0.607564859797909,0.853946279430274,0.198146979436811
"166573",-0.748599108517188,1.07891386199843,0.532821899924485,-0.985503559506958,-1.95558960744795,2.64697673017019,-1.42404525750025,-0.397149561785487,-0.524002583262563,0.471988190878778,-0.43716001478105,-1.27266993083752,0.441615388581601,-0.0405198722680822,0.152375314204533,-0.617672762434917,0.439524638790282,-0.841440137849618,0.167846954007863,0.0961047799512005,0.457486887478957,-0.314802190009037,0.0317570937875704,-0.0197333536636644,0.83434637798563,-0.311798153132882,0.884591316239784,-0.621777902870601
"166574",-0.907439556854495,0.678193250645269,0.157224465845503,0.221193585318376,2.51071714106422,-1.67761582298846,-0.115937769806505,1.16552554048517,-1.91785541362722,2.56209923877664,-0.447041838152101,0.342276280611862,-1.32648835807157,0.407377426036982,-0.0848086364576875,0.880365498751138,0.0990783124984495,0.446565338048306,0.120448686350905,-0.621082425409713,1.20209534035365,-0.800662084079,0.291344110633581,-1.89196348078995,1.14695698501997,-0.396532803962861,1.22185443638026,1.61370399193088
"166575",-0.584041716119357,0.830735487358316,0.487435683525919,-0.585900888779117,-1.16610082186085,2.78432359830004,-1.10385750710317,-0.586443524446922,-0.204242212055281,0.792675926627074,-0.323732077656096,-0.703165346508239,1.07770368417131,0.308934543507575,0.559252000507508,-0.706758340628344,0.230658484252868,-1.0249415522436,0.639904617419792,0.33770274390191,0.676990982798125,-0.634641026711009,0.177551286393882,-0.489967725287669,0.506786517615126,-0.641522529515349,0.335323491341161,-0.754762161499796
"166576",-1.50625005189102,0.161027914808479,1.53501364189777,0.0347590771044654,-2.37265884661792,-0.948739100945335,-0.840730991563866,-0.814110562608552,-1.03882131010479,0.821930290895321,-0.761130342657802,-0.938471788718993,0.121694056501936,-0.441749896378986,-0.0055397634453821,0.0676466739487989,-1.37559029432381,0.330068514172753,-1.0150697273956,-0.63407927165951,-1.4166583490527,1.09451174640743,-0.417613153077962,0.214883396635147,-0.531497681656859,0.691865059598953,-0.470670988696543,-0.245419636204637
"166577",0.0262407540804526,-1.07485074066133,0.723596039421372,-0.827901049310338,1.38461382756719,-0.836288801496074,-0.437857603960545,2.12056537545719,1.33341423867042,-0.353919571959462,0.091449989350773,0.213644534394468,-0.165581059349192,-1.46630501015785,0.581742574981908,0.867136415689477,-0.457207620913217,-0.291155819962713,0.242342318865238,-0.530065759756664,0.347770823840666,0.366012905584674,-0.313659791474452,-0.638217017813542,0.117563541690953,-0.691630267871044,-0.731057681725006,-1.22280302624497
"166578",-0.235111460218064,0.218107003468619,0.726790191621201,-0.791352828298701,-0.215109805899075,-0.143001693512222,0.630482879866537,-0.442023069482885,-1.17297141314459,-1.66981387843885,-0.188160424263669,0.374388174919627,1.36913157821264,-0.999838060873797,0.636207368462172,0.0275151769461806,1.36932802699153,0.719449950200674,-1.28318891811521,-0.264373909046347,0.636806070520714,0.782661721774921,-1.18860806696978,-0.983122454854976,0.927733758896221,-0.696554046670221,-0.499066288591134,-0.289125545039363
"166579",0.010521100750441,-1.17493528989612,-1.4218801088003,-0.217735055919927,-0.70607683379103,-0.261625364642215,-0.862399977590665,-0.366012701639009,0.802391037142706,-0.526818190230901,0.00502255330994934,-0.0578589869808557,-1.17802170866519,-0.295051014707474,-0.0666739502186993,0.43407161932014,-0.0957839053565402,0.62804123506985,-0.232483263676084,0.113849029881197,0.371196366136433,-0.744312822800733,0.196006970661092,0.224048067513355,-0.747167610301652,0.00611648198553276,0.500201240585026,0.951050412091399
"166580",-0.333200299436701,2.18015709814969,1.66468458259084,0.76178850306995,1.14198701240059,1.2235431486552,-1.84086650710214,-0.850728325509827,0.705419034776209,0.784118718008167,-0.613876497640404,0.55309259610057,0.428045085990403,-0.347009043285123,1.01015261721224,0.651979574166323,1.79078071044512,-0.214919302969417,-1.16112421887172,-1.08932322526703,-1.14720309439608,0.290446196922983,-0.926948330382958,-1.48899552463198,-0.0611508078773994,-0.109203734713719,0.473297448988852,0.224929149672525
"166581",1.86054234838794,1.14591137801198,-1.06371432223558,-0.0537096550643646,1.78042128183974,0.669239238773773,0.237710563498628,-1.01720951632319,-1.53677127368544,-1.10583164848699,-0.145355854174792,-0.6296831033625,0.221394925773217,-0.11784361801237,-0.0411730025010944,0.735766334518036,0.190932864083135,-0.59311259875234,-0.118662999014223,-0.661551749236271,-0.00840297941199867,-1.0287997642889,-1.35901705964847,1.7824077199581,0.902103109020671,1.34686055813951,-0.46214401390273,0.0401121839280588
"166582",1.47189794960458,-2.64563427033481,-0.489084657801205,1.73805147198214,-0.717819828520373,-0.950319144373686,0.587525706805734,-0.353896033715162,-0.104327078059673,1.30623154326404,-0.775582020269756,0.678168862258176,0.356736251553924,-0.173073794536011,-1.24072888883703,0.269760962892348,0.65354479959151,-0.647641474134175,0.234629669857398,0.0579688535674953,-0.350170898959979,-0.182187500651152,0.325509946654612,0.624570407735516,-0.523096292374255,0.279670236860475,-0.445107609820857,-0.894907015423234
"166583",-0.497781445276919,0.54114321962117,0.0806533759310332,-0.497572588669237,-0.607562494123979,2.55336166368447,-0.465578555532497,-0.461539575571662,0.338392172684547,1.34995126996995,-0.353094023263333,-0.437135717531938,1.46380106032392,0.00262378564079398,0.56404461596273,-1.08924908231474,0.166666058877334,-1.06576371919401,0.955934792366129,-0.266076780321491,0.290235000533443,-1.31148917911012,-0.0616271195685545,-1.42387948516339,0.59648537923102,-0.813487744391013,0.47293234978086,-0.669993356210654
"166584",2.05786592170151,0.44392343167931,-1.38042880819334,0.303772449891066,-1.07591934316088,-0.784634598852708,-0.349064958373138,0.116406486763982,1.29277418759789,0.624025412984546,-0.804609108098799,1.08130105891226,-1.0122512625312,1.16120845936231,0.68428978787155,-1.79007680232157,0.888935398281865,1.29813985051713,-0.891464376757386,-0.935089625983229,-0.0850490366451661,2.45980961367319,-1.53788256788688,0.359057565082034,0.964578630980156,-3.26393163954514,0.205841330519133,-0.00497942794988935
"166585",0.27662962649699,-1.20343911387211,0.784099642140152,-0.872563404871765,1.21371887363015,-0.799304939259284,-0.17092765372946,1.86568251499327,0.439089692277195,-1.17269669404589,0.112590957269831,0.639438251342896,-0.0608214688946314,-1.57971787228016,0.885175610832558,0.665502920774695,0.0680496361671815,-0.207393689480857,-0.189783598822732,-0.327489507018572,1.14010835854433,0.924310109562231,-0.637681855675324,-0.678950266236572,0.380931017385888,-0.898961894458385,0.166274265381656,-0.572202182834495
"166586",-2.56265496882094,0.771911518988673,-0.157005573768781,1.60587833717498,0.271887812107679,0.580775316527457,1.42571604565126,-0.498549065113961,-0.818169518118658,-0.898425096355078,0.300850992847907,-0.641145217380992,1.65531817325289,-0.131542430840938,-0.13250113930202,-0.0799643080530176,0.018425122847501,-0.356083479136018,0.123118663188594,-0.0456587378008947,0.310350353069366,0.998712986113077,-1.11524267186871,-0.643876223221289,1.01028985803537,-0.796747740765175,0.209053340172067,0.786994418831059
"166587",-2.48450746767019,0.348484236755694,-0.875711543203061,-0.133031610608399,0.920014546951895,-2.2123913058749,0.432936595607238,-1.01443458107115,0.504852888503586,-1.29516413127396,-0.29023457305016,-0.233676308106128,0.453188298000384,-0.918874110304502,0.461553411035449,-0.703837758529751,-0.629826712233803,-1.32287333116488,-0.465799673628307,-0.230780617779655,-0.201248250163731,0.0114534693963597,0.202211665030367,0.670259311452077,-0.129414824973608,-0.901978479442389,0.749748399834572,0.645629755710351
"166588",-1.15025739162154,-0.701095223193728,1.04008729994452,-1.2811751080725,1.38807019763061,0.34796018537607,-0.2317653503683,1.47682786329568,0.133275409174631,0.589873754826704,1.43495598653261,0.239109141057624,-0.89249545759696,0.786192178024014,-0.482327527382178,0.0217171543187912,0.0290186945882497,-0.0700232703758677,0.681979935787043,-0.276944640028985,-0.475204266377741,-0.727171435762443,-0.186913896634495,0.0109017328016446,-0.681986812070198,0.249615741114307,-1.1879596475925,-0.0634025013164538
"166589",-1.06265556713372,0.529978724694727,1.23514607640891,1.91970795558949,0.073203512260789,1.69427109920631,1.46476923554478,0.61160797945989,0.058184342048945,0.129140917510099,-0.0691942194473419,-0.679708509469898,-0.158610410127714,-0.826756385054398,-0.251065127246613,-0.158109790595141,-1.28830513673696,0.0272775400360057,1.01317474471914,0.451494484493716,0.076364410125522,0.847364447925465,0.518081551493889,0.375671620073767,0.999353590676081,0.367160228616455,0.491617509060803,-0.237540152870633
"166590",1.16157514935075,-0.911517950573625,-0.918018806368985,1.01730244165067,1.79723188342177,-0.168410430515877,1.18870293287334,-3.60871061507658,-0.193575065727576,-0.535309082997716,-1.58267256580663,-0.609823916084527,-2.70089185315723,-1.26753112204041,-2.85160508001337,-0.43835616805763,0.0638266040473802,-1.45284894511884,-0.663272700882155,-1.34810098482322,-0.276783591682474,-1.49376951966045,0.398249120948105,-1.37419054386778,-1.07606339123648,0.94340366293803,3.22659430355622,-0.361189215621263
"166591",-0.231858927743691,0.795917572971663,0.531171544999602,-1.06051930008892,-1.59621157375357,2.89981817183115,-0.805980588905473,-0.503406709305979,-0.475313942920611,0.890274415035886,0.177842777871766,-0.131486431481831,1.23394709018599,0.246817387716903,1.06700686878134,-0.397522295792691,0.693335311243771,-0.73569482212235,0.425116564665906,0.258088396445486,0.674077532900863,-0.488203067683403,0.122682533195416,-0.195790604181332,0.708988672533809,-0.881076247731918,0.437252385983784,-0.903321643124332
"166592",-1.61604302688682,0.884802862983058,-1.98126458809554,-2.87034963558305,-0.713931858509712,-1.18702379944644,0.189566566628887,2.24445844062354,-2.08817770913172,2.04701709731323,-2.31366113133508,1.26408189231585,0.0878224797388196,0.531966038668257,-2.10476200264269,1.30154492031217,-1.44131355616052,-1.32727952416817,-0.956957511395028,3.76656888626422,0.290767559828261,-2.14038904750016,1.33989283542149,0.151608860500239,2.23425545828618,-2.22582179709418,0.466977088457489,0.857463639072093
"166593",1.48865875862729,1.30935147154971,0.60837323675309,0.514763728464572,0.154979248701597,0.121989623786792,-0.721037950924048,-0.683402620315732,0.174572637781165,-1.29771686949764,-0.893498297781174,0.60004639388459,-1.43822439024851,-0.190308704439199,0.350677081825673,0.14892763473582,1.09615368890476,0.954233953732809,-0.367454297150928,-0.064935292057494,-1.52183780811369,-0.711698625310749,-1.39012356531743,-0.594927964253705,-0.677301656514982,-0.333053547554643,0.453904897515156,-0.0404482428648507
"166594",-0.529110337127951,-1.53892976627037,-1.20190605295018,0.930947690600216,-0.0478985206335656,0.585251226036453,-1.34335022101863,-0.241215543978692,0.829424817718479,-0.87516688368589,0.186058479962304,0.515213303035635,-0.458500271161375,0.356577651108957,-0.300646409657322,0.360429827445262,0.131510168788713,-0.0136330060159642,-0.339546962020766,0.32091535037097,0.980045052009404,-0.241974087058963,-0.0189019336427042,0.800738244809232,-1.59982724072851,-0.584355349558007,-0.618891105763682,1.01250903669704
"166595",-2.0167036429526,0.835714127149569,-1.04413439620495,1.72326870898975,0.132652332904531,-1.25117881369934,0.364764998578331,-0.773051626444808,0.755244432336313,0.853283498886287,0.285152129592699,-0.224304353061262,-0.157185421023185,-0.76079876640864,0.558466933992075,-0.399776015364327,0.809283098280835,-0.284831835413091,0.204711992514751,2.50494294519728,1.20383329035605,-0.486414584154784,-0.96346777284687,0.0676336859699807,-2.63715745021484,0.0206141830441238,-1.24562534611921,1.11026859508122
"166596",-2.4856955472619,0.213878448417393,0.629585015509824,0.00490719532760256,-0.0837571095043515,-2.61469935220805,0.729440800164096,-0.702777696205703,1.70884620507732,0.844664335691354,-0.195937553788766,-0.404322874115966,1.26892656496409,0.652582516800865,0.898731448995704,-0.327608851774211,-2.88035010190538,-1.04330357280592,0.13092127840392,-1.04138393882744,-2.20711283390203,-0.193636603560867,-0.571121834682988,1.14198971338453,0.255912734501046,-2.11898241208688,0.265730742680795,-0.177137639406302
"166597",3.00037740606517,2.60731845136995,-1.10033212444989,-1.36546052156194,-2.39538647646758,-1.07321533540076,0.856094699771612,1.91945433865458,0.793705293240619,-0.22661275958864,-0.292875692537897,-0.176648661363739,0.994805645310317,0.556966767950675,0.23047324862501,-0.0191966536153107,-1.3567674827293,-1.20560234826964,1.74261650489487,-1.32372142745646,1.40096470638023,0.587274123819719,1.46895408567987,-1.28070522098457,-2.48264194283386,0.577934256855166,0.042493127115142,0.124888611419421
"166598",-1.26579826828536,-0.288346530722662,0.661741072969896,0.0142077403902985,1.1034638103924,-0.20324632662024,-1.53305104455543,-0.265098788892367,0.026561187355435,1.42223910381462,-1.27178303720706,-1.07728492888969,0.938642360799376,-1.18291711569328,-0.942030931593382,-2.63513169991741,-0.607657700733345,-0.591004303689942,0.579543399506075,0.307692542602142,0.450209452180988,-0.355453140016512,0.26815873595385,-0.807345690638481,0.799257019910992,0.0598731153529515,-1.25296893077074,-1.65814121713191
"166599",-1.76042482332749,0.378904070651914,0.625139238132213,0.20100350549053,0.176098843385073,-0.876133231470197,1.47932306511686,1.01775200180751,1.80851524992725,-0.194924649809274,0.174345318594184,0.470607890718154,0.0310814054729938,-0.379464796139192,0.92350622295145,-0.117464737418598,-0.988474848069797,-0.200800723258351,-0.285688286774386,-0.0539979155165378,-0.371520707783508,0.302933838562094,-0.25872120441208,1.37653173525611,0.470130733938478,-0.794738547850812,1.50135392595691,-0.319187523767799
"166600",-2.86648042345437,0.800043281406957,-0.544772815797319,0.613132464821171,-0.294365808802481,-1.10943215262536,1.32348733642302,-1.56016811733559,-0.147744723672922,1.28410667843318,0.461642218602738,0.544350706907371,1.36707091144557,-0.920497578515403,0.431014730762083,-0.144039934770233,0.396849697034194,-0.158779656800655,-0.40748183817386,0.0573786132931526,-0.186971682099482,0.387956512557142,-0.260553537551815,-0.518905210146159,-0.676413364934482,0.604449122637673,0.463221836476168,1.26049252791732
"166601",2.04424846290749,2.16088947747776,1.55308378353046,1.19861146262384,-0.723261917349769,-1.25895910928993,-0.168904995607376,1.36921942904813,1.57981293829207,-0.809079287848471,-0.121187581836978,-0.150932299289508,0.411755257267454,0.77971204696826,-0.692790727351941,-0.353101346927606,-0.349304287465744,-0.611147297236635,0.241838322747555,-0.229023857544508,-0.392240293091774,-0.642788315351929,1.67520112945944,0.4767162280193,-0.168588167564752,0.446617462175586,-0.0859658416028078,-0.265755268328407
"166602",-1.57591929310298,-0.0911596490316013,0.761797443509,0.856215570068621,-0.485202009255754,0.805745891470283,-0.642964260265175,-0.318210248623203,-1.83346369919055,-0.522109172632817,-0.455154727858881,-0.524077014815558,-0.338946954677315,0.363147739824964,-0.300822521906817,-1.16061514285939,-1.48120334530322,0.616161816061717,1.42107387494352,0.217550616392896,-0.427676664514003,-0.185784559102664,0.411515857961432,0.114606562057513,0.776652062077085,0.994172099946067,-0.379713134199341,-0.918150591003538
"166603",0.162000575719039,-1.21626284032576,-0.836326971408424,0.0676817855358246,-0.365798758244235,0.150548534483138,-0.479262245637346,0.224347398469973,0.966410382806319,-0.0835945442132548,-0.192084763211963,-0.876156407338148,-0.603535338746647,0.167021598485459,-0.712422857222246,0.446646319358897,-0.912110973801281,0.889279863349936,0.571251172390868,0.138824667401657,-0.2367372837558,-0.297412972834626,0.213130285949025,0.346366312471838,-0.757172697877603,-1.00508733524891,-0.272950878173031,0.804258261709966
"166604",2.45056494383809,-0.671194028584812,0.277639237502186,-0.494713053015565,0.992698102128067,-0.0271848431183367,-0.342236062089829,-0.095631233673897,0.709957349439462,0.195489828305079,0.0129756811073672,-0.741500184662859,1.79904338488327,-0.0911212655421685,-0.144032713064341,-0.36727615067678,-0.77170342580824,1.03047620028225,-1.04349271380093,0.263481781627182,-0.441491467606563,-0.326294605726024,0.237297737153415,0.178313819767795,0.328568241105954,0.0515995395590091,-0.134789439285275,0.0885246375251344
"166605",-0.881057217396816,-0.0528554900035057,1.54878784559399,0.236439395402905,-1.70118700606047,-0.267512229831757,-0.185185602868245,-0.507530618971715,-0.679877039835265,0.849462650348521,-0.63821404745352,-0.276894540554752,0.151030913882956,-0.631392003370774,0.0959889605868546,0.115993256442856,-0.940125676893262,0.583278965604525,-0.482022821393889,-0.307980506029612,-0.787137496223695,1.00620168039016,0.1809102815544,0.0448909193548531,-0.565419288937523,0.69820895363674,-0.780545617507336,-0.493586580683365
"166606",1.87335694083301,-2.20294775259689,2.33794290398938,-1.19225295029978,-0.124940698176067,-0.628347357933093,0.86247288882861,-1.35937043312131,-0.800898376960369,0.298839982802352,0.251356486913833,-0.615973903230629,-0.961544250923263,0.345480928130628,-0.259116719143013,0.495494550636236,0.335440574948243,-0.386674521819684,1.21853526940484,0.340521059221522,0.454444655660209,1.12984473739702,0.162665024021072,-0.777678162323219,0.672561095465809,0.707976632184411,1.42890022275886,2.73827374030163
"166607",-0.902223967343201,-1.2263926015031,0.53779071630534,-1.25683613949642,1.58836699473781,-0.14021103799486,-0.243594014207166,0.872598611298185,-0.0479537911947605,0.176136294886383,1.16772428682415,0.631470479199873,-0.878264620336679,0.354133007880597,-0.800623503174004,-0.571708939076919,0.161905935935928,-0.499998000041953,0.54461368297673,-0.215315244663933,0.271339352781844,-0.817049165402898,-0.175569163997967,-0.718669278599843,-0.310671239556839,0.77710652284485,-0.605149616737365,0.117443508162934
"166608",-0.656383246620656,-0.237848675834146,-0.802768511912351,-1.08700557238783,0.406061462482853,-0.78592636691405,1.84760531630151,-4.29737227478969,-2.14621860774835,-0.481098737823357,-1.65493885016836,-1.10852202867088,-0.29785990917011,-2.45768957213137,-2.2822901152951,-1.4849228405766,-0.743041202206641,-0.0971675532365506,0.0386063973990603,-1.95862218929647,-0.649877469540605,0.475829980079208,1.65207167701107,-2.33435351823113,-0.651730058963838,-0.321922251632085,0.0658452597073436,0.199265660307797
"166609",-1.86763298969617,-0.185160204078867,-0.618832411385414,-0.738479222884575,-0.124300051372944,0.282828647104646,1.29118350702006,-2.54864651125388,1.91109086943638,-0.252391352805955,0.057757710789614,2.00348120465073,1.1398076762299,2.28080405347126,2.17197651777468,1.90919473602671,-0.000468887809978688,1.34071275103538,0.232121061042475,-0.801461218675025,0.323566185870163,-1.04821585854458,1.63002006328336,0.249742520167112,0.762662817012679,-0.732502923724407,-0.954910262975275,0.0675808275578232
"166610",1.90461214631348,-1.66911806622259,0.270322785235527,1.63144996292537,0.901910445706104,0.330013885085247,0.920258953432458,0.275950894140008,0.0981733527694338,-0.0649105806272593,-0.674919428513262,0.328332823993404,0.0335986647159746,0.13550597494711,-0.489952803550864,0.513708265865623,0.804892578661071,-0.391558943476381,-0.132131252557537,0.166051330809525,-0.272454658556568,-0.577761466985116,-0.424147214744908,0.513726140636066,-0.271009648149427,-0.44187882892655,0.63998382210529,-1.08642799286499
"166611",0.986309871127843,-0.979533881635616,2.663288661108,-0.891655866363573,-0.190528730001994,0.220934007842458,0.993521854495422,-0.173609859885194,0.185650332503028,0.212326398503585,0.43740804675798,-0.409195177780072,-0.653775701826011,0.773559115440282,0.0430591677860357,0.191010437318145,-0.698521785365012,-0.42089591588145,0.123547583582571,0.205889328946584,-0.36833008649465,0.375100456367006,-0.0722138301202142,0.156805700770076,-0.17365573071692,-0.888787757138691,-1.34829320382225,0.47838637046008
"166612",-2.35895326989553,0.365415650813301,-0.751868302230401,-0.416478043470341,1.11407186795714,-1.60293758640123,0.998669166427958,-0.76996738868982,0.790307240869569,-0.348161441636397,0.42644472667958,-0.182002571434312,0.821051387539271,-0.395033960524134,0.522161879872655,-0.0253579710678512,-0.744422993384532,-0.971560354587961,-0.0251229544578029,-0.218949400169601,-0.775221371406596,0.167046843599533,0.117864846966006,0.643221322221734,-0.3303798732689,-1.15193373974202,0.734828181643119,0.114070032861828
"166613",-0.620427658017437,0.198339727105049,-0.0335788768015398,1.17178217739086,-1.14763175094206,-0.757892274961753,1.12433633105219,0.788155308883201,1.24939018881547,1.89219936312687,0.243093248422874,-0.405991192630962,-0.0884205279657943,-0.512037034978343,-0.401686820959471,0.225041993556591,-0.170358269459618,0.994400161882987,0.770023943356667,1.02174390794968,-0.378659300873866,0.380308715604634,-0.433132820888605,0.541073059316039,-1.0858110493283,0.170370317582553,0.252503315368793,-0.0616481856607125
"166614",1.00721643067084,-1.51549527996302,0.438602918161289,1.21687007523499,-0.603166455046519,-0.0989266886492067,0.541178161465803,-0.255876331488984,-0.483851855442366,-0.479258542401923,-0.773657442373965,-1.59424128361645,0.187726709295207,0.299770834595854,-0.060319162275917,0.103037736171282,-0.129456965245823,0.550686690852144,1.99844318457685,0.3360859083799,0.210711266535836,0.308318665447602,-1.51199571319738,-0.883417439570575,0.472541960258027,-1.80968904578703,-1.39819590933308,0.0201283856009092
"166615",-2.57065185088262,0.31493057931195,-0.733861423365443,-0.663894987985994,0.0607478033872168,-2.48146200869177,-0.152165501456691,-0.399570818957197,0.703719274714828,-0.527672708179828,0.06615897176861,-1.03236516957962,0.886892485946467,-0.224135352180275,-0.0875256875416609,0.281311675369588,-0.927648687701925,-0.903911107614547,-0.211984444691883,-0.524523681931345,-1.29985428522946,0.570290651975135,0.0768303584134928,1.02577580803869,0.380640164140025,-0.535120537086209,0.799144768684676,0.0853765740987912
"166616",-0.468649487978072,0.918985178819645,-0.179543955124496,1.61248673545132,-0.40623567015769,0.158938605061551,0.0997190073726503,-0.349753075349213,0.136433180053486,-0.0222635697513458,0.521965005731853,-0.624134101999615,-0.702031823949529,0.494553862470605,1.52324347759485,1.27625166760065,-0.424268382439619,0.452882573490841,1.11374739828935,0.90872742326882,-0.237623823663266,-0.421099587623514,0.239840580163546,0.45898485709761,-0.76266601088557,0.188969796986714,0.552368397662193,-0.222679499621237
"166617",1.0458565413014,0.679627482178595,-3.35933919724648,-0.693212978096124,0.539298024358964,0.726229025185856,-0.570677706443208,-0.293469234581985,-0.0989605969521349,-0.40151443898025,0.489971626549032,0.893281296055423,-0.836079919973716,0.982801508638545,1.33436538364024,-0.364508438896476,0.538278577153543,-0.739840866022504,-0.280342332642102,1.60695203941658,-1.83258094257264,3.37882216063965,0.305330325034526,-1.1747754167575,0.897367027496987,1.36474048903547,-1.12142345704792,0.508219383226355
"166618",-0.689141716173634,1.27942966441677,1.22798827077868,-1.39809641214484,-1.28655344229487,2.22188998429185,-1.1814482824185,0.0219328308718708,0.450506449534048,0.351931333575009,-0.734153889293165,-0.504582073158284,0.940413060480513,-0.145371096813027,0.190985947580806,-1.01896623890862,1.32566806769067,-0.487415871909873,-0.749236350195062,0.512311755535302,1.04543126488986,-0.190723318213617,-0.658706857494031,0.430511924676245,0.499959018428737,-0.617323784388554,1.13255244290675,-0.296049905829356
"166619",-0.86610814175023,-0.627370857152576,-0.761056187550275,-0.876488968608791,-0.920712138721636,-0.165835934547534,-0.512389160463462,-1.92619907392137,-3.68234078834885,-1.58856846642016,0.452758498579759,0.567941222915857,1.28289791955059,0.0968046628688034,-0.31280154560714,-0.553951282379645,0.378468286777019,0.692351603915654,0.972237015265981,-0.386995031188386,0.130669149281968,0.580395195052263,0.864971710483877,-0.35815160716533,1.61806517543842,0.316998298283715,-0.576462088729883,-0.816875508318642
"166620",2.28885749605179,-0.688111755982693,0.329265454478085,-0.226985776096642,1.99004553476771,0.839108466321519,0.0523599331446923,-0.844641938546486,0.488620757982789,0.293116797282248,-0.0891561189808622,-1.14806069123107,1.45881531322421,0.20725645954808,-0.223723019655238,-0.399978306033629,-1.17891033460166,0.785494615900115,-0.408463051563644,0.633319693877805,-0.477626513527629,-0.231289792066201,0.919802938874459,0.488067481903752,-0.566649141422247,-0.224432957202164,-0.312647375851078,0.0776325711106972
"166621",3.20848734164236,1.50810130621137,-1.52261797277607,-2.36137989378819,-0.107048074718759,0.122343701236166,0.555034102057476,-0.127505294834697,-0.634001153591959,-0.0512588608857927,-1.46899337153811,-0.459386341920222,0.881622939268651,0.449097717126275,0.0935977945854538,0.677425671086732,-1.95113751417598,-0.987692919099105,0.974094318426708,-1.39607990591579,1.93354728158308,0.770692472043977,-1.7684519923918,1.21147560969409,-1.27520142410416,1.52883835973535,-0.187973266248593,0.235301681095587
"166622",-0.613643223444968,1.32402252222564,1.4207751720394,-1.38121916279002,-1.37445971620546,2.36520078874142,-1.23190906401594,0.0682143266331974,0.25914084073039,0.256880153082134,-0.704579326850453,-0.582465389610454,0.838443716133194,-0.148371879499208,0.142522174935055,-0.940710762863657,1.38964740221337,-0.421494249027026,-0.747014990784696,0.642469131739253,1.15897897882072,0.0568159256066937,-0.651840240350984,0.620978988942122,0.472856170037788,-0.666549755887794,1.20635963642786,-0.133630031982707
"166623",0.032105085818253,-0.958584584403717,-0.992714447668847,0.0545103901174121,-0.835676126190404,0.325959992534081,-1.36150720190018,-0.0288772939183076,0.548823699003349,-0.920172364152605,0.0698031372025577,-0.0930076648693344,-1.44776988504746,-0.313395894997844,-0.321462362581319,0.530027933439849,-0.111458246395154,0.553051909342186,-0.497049902807372,0.437882575273936,0.648888087754427,-0.273158329519416,0.473368680419576,0.985434111720954,-1.13178907977474,-0.0873336679993559,-0.0598758748207892,0.741800093037817
"166624",0.353685194099427,-1.40312206704164,-3.14783798157416,0.0373005917708252,0.0988256152379267,1.19026375109436,0.149913546294032,0.0906492884547415,-0.641823081175545,-0.814260506824482,1.13168659105158,-0.374331672172188,-0.903621780049298,-1.29093734856013,-0.694539274116689,0.615786760695738,0.621843105321988,0.527002530212776,0.764190730190191,-0.13553709135726,0.540087614651625,-0.669723720283489,0.552508774439634,-1.47061938179513,-0.781192498216831,-0.367435293240893,0.0305455161196446,0.923031506761883
"166625",-1.79659617161713,0.44384513924356,0.806857249113925,1.16456847079322,-0.300038939023724,-0.339458653888548,2.25670767319568,-1.17093796299393,0.79746693114467,1.66437492139049,-0.282779196253918,0.802548299821285,0.882057431810204,-0.377447412852397,0.377020883428127,-0.253445575743084,-0.77984933384956,0.452984769162355,0.643797046154027,0.305966012116623,0.042607833266873,0.549574486637908,0.752469077705231,0.0414629478664469,-0.0434267694428886,0.42594818128441,0.484380645796819,0.488872521906391
"166626",-1.81926722303075,-0.103329750974647,-0.405820432584928,-0.539722055144224,-1.12039362886846,-2.07349899620524,0.153454057068343,-1.99294641326663,-0.954652815912022,0.869566146366343,-0.105152566742984,0.363050312378524,1.85527297338273,-0.694273894979795,1.02943795032455,-0.270239768830617,-0.0272479397122287,-0.0968157197183442,-0.996491222809348,-0.796263557765091,-0.909995835681087,-0.22686991386081,-1.07681698360513,-1.81546983029342,-0.580156829618732,-0.0739410136496529,-1.36920343524581,0.0543802860265146
"166627",-0.0333422189913853,-1.15873500652064,-2.45120161526251,0.688748234541086,0.296334092241185,1.32096409801598,0.199507283273045,0.327671982407417,-0.47678727111559,-0.88476847156909,0.929783664127404,-0.740583093865716,-0.0214263360645259,-0.207345380292783,-0.724745339592807,0.706291849082993,0.0254269924934172,0.620453388888443,1.07599831802746,0.258549581543109,0.578028067894484,-0.242739326979198,0.030888605833499,-1.32741891134396,-0.90521701897392,-1.53523876952645,-0.956968633584103,1.05254278840573
"166628",-5.25643759712387,6.24311559128603,0.350969294297669,-2.1894394573891,-1.26176459178557,1.01351880901952,1.85050623072394,-10.9291218247078,4.12157855880071,-2.3105209350701,-0.386777133230855,-2.30933306603132,-6.37751225979329,6.50672921144999,-7.01515303954597,4.46350106053346,-2.61384552232173,0.187984435783517,-0.810070728816471,1.50958029701537,1.94254978129309,1.45768688710703,-1.25873743860889,-2.81047161334794,1.45361949661987,1.74245146297112,2.28426462195974,-5.01561735532172
"166629",2.20245676239785,1.09566422319488,-0.919021016891077,-0.0255797881330308,2.19023686525816,1.33010842533154,1.01981376448237,-0.578985600897663,-1.05403772678778,-0.488950959800978,0.311953711344962,-0.385977357090163,-0.129924130229524,-0.417161501633293,-0.174626203104861,0.807336790853777,0.533018067875922,-0.363035460454357,0.238280352736069,-0.0903900926814376,0.485010896156534,-1.05171338369693,-1.7057679673075,1.33962076175481,0.86468611221299,1.59569254468521,-0.0668652044352152,0.0659686775837896
"166630",-0.18966400562875,2.24315251590671,-0.439745971630879,-0.0611848911580567,0.868355465568079,-1.58482699362166,-2.46815532500252,-1.08301426720158,-1.28932976996112,0.446794678359072,1.47008235912065,2.91496061482194,-1.00489407395682,-1.82613365100316,-0.900687047133497,-0.093482836389502,0.362710658359579,-0.0995372709821739,-0.14145030350349,-1.19860612814222,-2.03125466020976,-0.0087303346999341,0.352556151884786,0.113809398226076,-0.180645101440941,-0.846246090578689,0.510977440135504,0.457786151317398
"166631",1.50463459440143,-2.12351870618379,-0.418139745557095,1.67040213060457,-0.81981135168116,-0.387373867009083,1.02390181558773,0.136746455712769,-0.360527777822899,0.950995064789349,-0.164135421605336,1.47966103218212,0.443895587760859,-0.307866680575364,-0.871509868902671,0.196752682624577,0.830479902271186,-0.464556343729877,-0.810184013334855,0.109706882165603,-0.00534546841752103,-0.095288345565323,-0.351457013201956,0.33539179493329,-0.74007817468037,-0.0295987467213108,0.0389132500709011,-1.33323610954606
"166632",-2.94525288228645,0.975533535139274,-0.281815072767124,1.11798732204242,-0.599208728324461,-0.882434764103469,0.39692411620672,-0.677370718187607,-0.00684509685864386,0.12745661025307,-0.106300038905304,-1.5402696198011,0.800559465681282,-0.641598543618445,0.187706327621116,0.0931406975396476,-0.226326140104582,-0.485202695227186,0.481535206751904,-0.526988645409649,-0.911488072253335,-0.158288808237191,-0.892376712515045,-0.314301908806567,1.23022833437582,0.0329755997274092,-0.366583930199014,1.15559112354832
"166633",-1.20288995784202,-0.349758415253239,0.398720845703763,-1.48741442685074,0.188022947540024,-0.25371077789482,-0.594439493062299,0.0265182672434008,0.252248677072527,1.2023755082636,1.2648588820474,0.451072015125824,-0.100917362903592,0.658590881051768,-0.0396161434634497,-0.937625866696839,1.65978070973413,-0.643903067854213,-0.996357473847309,-0.169506335990405,0.896142557690603,-0.501790642549396,-0.892115401033174,-1.3077059981051,0.461079231474207,0.819960343028313,1.07288205371338,-0.0307081994833097
"166634",0.239213468236009,-1.0646292594251,2.1769663462494,-0.470777382044415,0.285997334201923,0.541521415275161,1.68199720178761,1.58025857816172,1.65985832571297,0.913022940348519,0.112004592097734,-1.19915838536583,-0.985056299994443,0.158323602536064,-0.506308222836995,-0.389571282294656,-0.523882115465996,-0.271071379496546,0.352821894271673,-0.253751863639207,-1.14405098344969,-0.497375785946119,-0.907707109505111,-0.219992666145083,-0.0273191898124729,-0.603132599286024,-1.43116632464323,0.249650152526597
"166635",-0.820780669363848,-0.1637448267662,1.92524843596895,0.363842073474214,-1.51856077611651,0.102605818294192,-0.513866860353823,-0.663036915192477,-0.861907518476561,1.44469349776842,-0.129822098837617,-0.178212859657421,0.805490014398366,0.397037297167504,0.666292430211499,1.29572102906946,-0.743248701598413,0.870268313990875,0.300362796833219,-0.417066365649362,-1.33624203680241,1.45923078885447,0.682805274309699,0.597032101015608,-1.06993248336737,0.500522901008612,-1.00322372721342,-0.133978049973186
"166636",-1.3282236413565,-0.69753453828548,0.0318057350635959,0.272225774434808,-0.0992177125556195,1.64848234277673,-0.383378439574682,0.115505632678592,0.895237744620546,-0.314311533556855,-0.098312685282148,0.410361851052873,-0.827964133422277,-0.623385996321695,-0.337422262284364,0.313926418899691,-0.566668066913804,0.326836556330469,-0.510861846058555,-0.504503110258575,0.18216429116402,0.0172117267853016,1.30314455879512,1.00303594496696,-0.24772386802367,0.592975880185225,-0.0723707218849874,0.797748607071327
"166637",2.64875469342033,-0.794602133856834,0.2880717745672,-0.678520244053405,0.775425301757215,-0.189471766002937,-0.444028513720322,-0.474707015008649,0.364221902961028,0.00887830313169754,0.0507655299657655,-0.604830264693058,1.70867160932936,-0.139535361651506,-0.090598081613409,-0.308725022569566,-0.582371211248402,1.00083946874758,-1.09857785029486,0.432172025675206,-0.106563811188453,-0.0979195780772463,0.311891748635542,0.236086519935989,0.503436336739686,0.221258382265716,0.172539737069204,0.300649735240488
"166638",-0.905740567824623,2.16834944310279,1.85217438463864,1.64404364256993,0.349842036954914,-0.19753710837593,0.595864404390188,-0.224395975618496,0.263901552526447,2.65835959961555,1.5183551800549,2.35444551056916,0.280513978710753,-1.19966743563815,-0.678956294579356,0.0309640894617875,-0.283467904122614,1.26173175013045,1.27008104727687,0.66233515593406,0.744053540168549,0.874056336358836,0.556707531910269,1.14776831040523,1.37844529598136,-0.520199520626719,0.785213991308808,0.714771942838534
"166639",-2.56579093136381,0.703795196836642,-1.38094991265222,-0.322218800186944,0.0125571853858735,0.233506529987565,1.01538018697123,1.2956759406912,-2.17795829992806,-0.92722737916975,-1.1649280482216,-1.62139482751812,-0.736401855847698,2.23184081677027,1.98527071300714,1.44205169028684,0.909534930081171,0.0890350018729787,-2.00182396522254,-1.59237037476464,-0.917585606624004,-1.65799043641127,0.301078566118315,-0.532626011004401,0.444616859963502,-0.502708978576808,-1.05626117373349,-0.646480541371589
"166640",-1.58121812342174,-0.719787288150834,-0.133786589189128,-0.123452907447474,1.43229239708373,0.198875743176065,0.370988207538813,0.454060280819869,0.938484118284065,-1.11940522743473,-0.310313709144855,1.2233834455867,-1.29756700992217,0.466317092906328,0.37810649397377,-0.674334950618416,0.363205407482415,0.81959417018879,1.58710919261391,0.905913294194947,1.03557827909416,-0.672579590648036,1.31850566637941,1.02990033277444,-0.0768273337974893,1.39002141244829,0.89250282299331,-1.12635147654657
"166641",-2.7896885392638,-2.22165144536281,-0.904156884302767,-0.0474602609818703,0.865757740188365,-0.646980864162942,-0.975741312851307,-0.892946454202662,-1.56809298050876,-1.74170832309273,0.967957759280059,0.810860901649733,1.68741750536987,1.97166871991469,-2.26232269182809,-1.68545211556551,1.51938382682746,-1.69993516113688,-0.773503815896517,-0.857720456672547,0.421488761870978,0.420563683824239,-1.65452789654793,-0.353682316213331,-0.406822626495627,0.270215563804528,-0.461794503927481,1.3418531764902
"166642",1.62065000370048,-2.04448725964256,-0.681357744843995,1.76075632831812,-0.81921185166035,-1.14193510224156,-0.751114546507169,-1.73777460316855,-1.45475841338402,-0.702660000532545,-0.687722790608747,0.104856700022731,0.309543755640597,0.8200858096691,-0.148451478697857,0.60779364573579,-0.689780303611286,-1.61404471865326,-0.131321927462589,-0.052205731410215,-0.307355284363629,-0.754751134706059,0.0799072807763302,-0.0494401456773299,0.631649152619869,-0.0547478720529064,-0.251527593170683,-1.66452552917332
"166643",1.58603273344266,-2.23267273317033,-0.396901615840448,1.73815203588362,-0.524531158173418,-0.557558711635169,0.733182652133966,-0.17108242933322,-0.469242157863771,1.26174909930444,-0.230690245975662,1.19315519603965,0.611052388912716,-0.00156882575005653,-0.723577789028022,0.376679257355267,0.368331187481181,-0.575834012803126,-0.333633812497349,0.25148335967091,-0.310895693207107,-0.128821678874008,0.0288701180112715,0.199647506743323,-0.982919123804011,0.171945266954584,0.0673629156692572,-1.23841576932224
"166644",2.88498317052115,2.00491995171881,-1.65830139399133,-2.61169560385812,-0.545705368771421,0.194240682702166,0.869870749850357,0.490169852320489,-0.12321741085356,-0.235158263614684,-1.35994405641849,-0.330244505089804,0.534079997238946,0.454264641043572,0.469147566411742,1.02218611064523,-1.26452042473013,-0.432834951787308,0.55027117793625,-1.44716003686718,2.01377280254539,0.500041786180279,-2.12288892329027,1.29903305102452,-0.906173885408459,1.85138781395966,0.104656382203886,-0.00170999792077887
"166645",-2.19981229586619,-0.822547501029241,0.082455063456582,-0.671064075054154,1.53215572666831,-1.0762654347982,-1.18142208256314,1.11426368941613,0.249656531628354,-1.06637799637783,-0.275257946942525,-0.0897836882701703,-0.229256562022113,0.360522485018107,-0.554171183969861,-0.336214751456948,-0.848148703158312,0.0555390596624941,1.19487295075047,0.178955029218105,0.541413675291441,0.264764445848328,-0.0100708477753702,0.58392953006038,0.182960381629542,-0.266920633957252,-0.443523571249188,-1.08906363387349
"166646",-2.03715183624321,0.406251846111271,-0.559333142529647,-0.113068997647282,1.36711068182803,-1.36746899342736,1.55008789049094,-0.179100084053376,0.941750432364911,-0.820717813049632,-0.00652069982113863,-0.267894977829166,0.485945006917416,-0.872670786853735,0.316172700486643,-0.350664882213651,-0.298306575931094,-0.577049069815774,0.222499745226987,0.00216861587678324,-0.104537448848277,0.237894835469667,0.0917566006253517,0.363295391552328,0.0520445970669775,-1.15183773061471,1.08146791657215,0.67808058929198
"166647",-1.75077576371618,-0.73645786813865,0.437696511040965,0.670679009370906,-0.597767673001809,0.143066888044979,0.110600276843065,0.217594922514597,-1.07336892194155,1.23660819817139,0.22726048054132,1.57988312767448,1.11644535488464,0.337835829658899,-0.249723647153669,-0.878949937922446,0.0463422160518829,1.40358051972722,0.891432615162924,-0.0425186941040227,-0.244430017343436,0.386585308060844,0.174655396003698,-0.297448492575018,-0.357104303576341,1.71881512796014,0.490482540910483,-0.201421704230207
"166648",1.61172330141175,2.57312439244318,0.48920254982551,0.290828954353059,-0.514957997831907,-1.15032573827014,-0.118906421029895,1.14436037628205,0.367047836012875,-1.41714663922223,0.632832829970024,-0.469316056238393,0.88742708455154,0.42266388522309,-0.552572257580393,0.120790682623759,1.01169009933568,-0.49414469692756,-0.200661809769407,-0.25712194859611,-0.555000539659948,-0.317730010544507,1.5294073793361,0.513503425328506,-0.609826693720759,-0.0397437800136388,-0.358247036307364,0.0740049567211226
"166649",-0.706502128944536,0.603713418198864,-1.43694293714434,1.14783626163189,0.217659936126468,0.207916350875585,0.54689517351464,-0.143006069404478,-0.419081752310211,-0.869781072960589,0.3600409322176,-1.52894453965815,-0.389412591280227,-0.72349746236309,-0.108486932752782,0.402187765233606,0.53827296114607,0.100796473767541,1.07019022910613,1.02268490216183,0.195048131414271,-0.107784368441295,0.0194033705317747,0.0948765459047685,-0.512440546312657,-0.448538741379967,-0.515575617875888,-0.207316299136639
"166650",-0.685169562761522,3.01142105171059,1.22037091723073,-0.262997790760665,-0.738192224698536,-0.361013473030253,2.67363636918519,-3.81306840280927,2.01065516045944,-2.13590047697036,-1.93458798787343,-3.74064430669169,-3.35155503649682,4.40562096569707,-0.731019532960149,0.365833093765978,2.57325227563885,2.665861945802,1.07307573416035,-0.247267391422292,1.7558789801835,1.15522585011899,2.64064033932767,3.19225594409522,1.31204524274361,-0.728437613967136,0.504446640939973,0.515504959288611
"166651",-0.502979998951213,-0.521706745124833,1.25427732468049,-0.298313662808324,0.014121674206351,-0.252172056662422,-0.590179190616533,0.753023149210782,0.554888726727736,-1.04619775897507,-0.414043724927852,-0.449732075445717,-0.595534389853088,0.0209444451631784,0.402249517568316,0.773063433655749,-0.883874588939514,0.0235334881156139,-0.0849625270618839,-0.297023188956342,-0.499187341507042,0.962721263502975,0.398932441927109,1.00967294179221,-0.310848990582081,-0.105334950748473,0.343473443900336,-1.03325070983617
"166652",-1.61334247302802,-0.13366045308804,0.858015138027201,-0.297759264810076,1.17609116823199,0.0885520937117584,-1.29528819065569,0.417953753472089,-0.901544332056339,-0.714994622506017,-0.233950689524138,0.605122383841947,0.545459325240616,-0.0552226703359592,0.0910168236997734,-0.248211100384189,0.0952951676703793,0.727953376178439,0.673955012030015,-0.0510376967416115,0.525800099480447,0.0775967378604615,0.186446185536049,0.320104899720147,0.333606380165332,0.355926190716832,-1.23626691173384,-0.965688658402159
"166653",-0.427281800958382,-0.581420465595808,1.15869554295124,-0.0876316761146788,-1.85451573110917,-0.738033444966476,0.92228683263116,-0.589287243865074,-0.253310536955227,0.820035871629405,-0.393579702264366,0.982811912049959,0.967054239538742,-0.597141825452055,0.587968046327429,0.0608087920706405,0.0868671104410431,0.954369054712738,-0.430274780793312,-0.382730173873168,0.0798994015124693,0.800452794147389,-0.427464974121678,-0.747413249940951,0.548479925757337,0.401640415369004,-0.535130762994571,-0.415085429618254
"166654",-1.13585406726587,0.710105876246001,-1.61445648986479,-2.92054984941922,-0.522532465460165,-0.997684370014402,0.33110725896543,2.18355770735359,-2.43727604588453,2.50451730868698,-2.0588980753705,1.18040503237612,0.414707435366835,0.783306127199587,-1.946341963501,1.62150127137283,-1.68545705138805,-1.15942226707483,-0.366921437229596,3.97508361518469,0.09342038868893,-1.77021379430159,1.53555136527664,0.142546783400397,2.09824266129453,-2.50967803699687,0.587814012142553,1.13914494881091
"166655",0.76031432116941,0.299198381393065,-0.115924941319554,-1.30279763294755,-2.01069041061795,0.334568338852839,-0.488799833178313,0.422840060791888,0.515860774577834,-1.00909968113675,-1.07713997691574,-0.536831789041397,-0.24249451703375,0.298893287785638,-0.191706612502785,-1.39156908715542,0.354093427491347,0.565148000558359,0.33798951807853,0.796983648498396,-0.218447258415508,-1.87411799830446,-1.48815588506921,0.473634711214254,-0.208367826027057,-0.576054064185781,1.24926319016991,-0.140301616904696
"166656",-1.53918686206044,-0.781348020039517,-0.510256166041457,-1.69755400222257,0.549467502135067,-0.369390804759988,0.148836447089924,-0.169531168429655,-0.969028397256697,-0.362691386431999,1.27278275492004,0.140993755565193,0.109366063686083,0.965299098432364,-1.15636313442757,-1.0121413848967,0.593941745110209,-0.268934441346051,-0.0915199373796172,-0.761372750044539,-1.24806303092554,-0.903673708535591,-0.0755623925373024,-0.241755800821404,-0.442229490898695,0.447222292670672,-0.66649334342425,-0.0645846074651615
"166657",1.24688902240644,-1.46172438362549,2.26403786545296,-1.20340242154044,-0.324218941637886,-0.0585551664963168,0.66151770494618,-0.815423694906574,-0.418138514194193,-0.0607896998614352,0.321899680109508,-0.37721547798563,-0.959046234751831,0.413407842584443,-0.0120965406638187,0.234106279128821,-0.263831736980881,-0.588051629294671,0.202967656345438,-0.0404969093893269,-0.267379694908767,0.557334713969988,0.507585092084805,0.300383235248343,-0.00427302249757392,-0.196054733913015,-0.571937114292046,0.897645451138099
"166658",-1.20644865634135,0.980313095202555,-1.47154755823437,-0.136278703380668,-1.27697412311359,-1.46800696418566,1.00293545046401,-0.502946623025382,0.166907425333311,1.06174639365732,1.07014834993049,0.16432883758332,0.346923816360349,-0.725427337180206,0.779687877750282,0.906903321167718,1.497546212571,1.04742078792616,-0.155663095338219,0.75736197854127,-0.331625613025299,-0.0828589591763389,-0.366021486872966,0.34300589015165,-1.46547553480875,-0.118041446671996,-0.128147256795367,0.178654933391611
"166659",-0.529416178713739,0.691885146047978,0.306270728268886,-0.70184243221551,-1.21708136568121,2.60842432920732,-1.13001109765732,-0.690786430949133,-0.245867169728162,0.867604594290997,-0.246792958613036,-0.547796105754705,1.14487293322076,0.255194429323196,0.672431085159538,-0.605405416999827,0.445487459724836,-1.00566221723897,0.650688516580906,0.119364717464612,0.601992297595268,-0.70133408927554,0.191454749603269,-0.637731264482285,0.610179545578518,-0.426849916645622,0.660415377664656,-0.605822680048354
"166660",1.99305348441744,-1.20454136654461,-0.195244210338809,-0.436494705880229,1.0649742565771,0.312019265527799,0.378426408924788,0.545945486109326,1.59866066372116,0.48071179307182,-0.249042633545045,-1.21689101989591,1.17728872358699,-0.622284461901743,-0.940689894679399,-0.316211261237961,0.641658801651321,1.37392547302338,-0.463718426993617,-0.428027676068723,-0.536098976733161,-0.431549577820952,-0.091761931992757,0.385790248114268,0.902553182512118,0.538136535073037,0.416429143895213,0.804939041433763
"166661",1.33370779794671,0.929232679530283,-3.38977773035514,-1.12445856946496,0.190167571556242,1.05292911124993,-0.0448191131780005,0.594121425124227,0.203200022022237,-0.401205202719569,0.421127121286729,0.620145739371884,-1.78966004577996,-0.0130043194962974,1.06602331221848,-0.581567975779609,0.925262844566144,-0.278300374798363,-0.450918209257923,1.55303688330693,-1.90056805697215,3.1522942675481,0.368676492234149,-0.956835069018917,1.2933245610861,1.66566585754017,-0.877192689765706,0.220460777297629
"166662",1.77416043791626,-1.72003583866545,-0.363921996456759,1.66386822480107,-0.612631824753632,-0.00919691109234309,-0.0147051925521588,-0.648239090428421,-0.923702720215752,0.00796423917933755,-0.128019669331175,0.126356838026707,0.112429885621933,0.857017860631765,0.139004103592609,1.37647742952802,-0.155085961170387,-0.820545397009172,0.361430193359161,-0.277080674593804,-0.945685225272053,-0.782926509891517,0.326557664780664,0.498722227690174,0.304730364760747,-0.354021676015943,-0.498108490546881,-1.9239860420198
"166663",1.23344200941694,1.6110954830607,1.18637904774432,0.898630002199102,1.07519176997059,-0.516142361661328,-0.978685745569416,0.284097914807408,-0.19826543990548,1.31607548614366,1.45381831841471,3.78875012348748,-0.990214579011824,-1.354382013626,-1.05200525229814,-0.0555135629043886,-0.106879083298291,0.821251033867355,0.902340418775768,-0.572812009159466,-1.01595943016502,0.641144830893553,-0.139342460618629,-0.561451700150462,0.75429912427672,-0.723181486997601,2.04150961480173,0.651714780082393
"166664",2.27516110186884,-0.607832069328179,0.113829414382508,-0.395112246509011,1.37924585871805,0.222657405627076,-0.530496070759059,-0.583575735732902,0.693928374985861,0.0854588424915193,-0.108294478886784,-0.875409910294455,1.41255594883003,0.0209991871485244,-0.138019530282915,-0.238066115205522,-0.817391560442035,0.861039303697929,-0.86221296718137,0.384170544287385,-0.397429262055398,-0.434971577531709,0.842438061963584,0.356794758531908,-0.112498490600878,0.445862695219226,-0.135990222654442,-0.00304761364321327
"166665",1.9169720476337,-2.51468793350211,-0.539274931287977,1.07726243598692,-0.963562713764526,-0.832320877801567,1.00143277264944,-0.494719748894361,-0.741969400179662,1.5464420858902,-0.0730869166685882,1.15090215954141,0.326996914602163,-0.254716664983787,-0.443110986136887,0.679855551522174,0.912630057358534,-0.294656441203083,-0.0502309472705016,0.139320783215656,-0.449681168473803,-0.0505544786777929,0.162466928812516,0.394715655343537,-0.521943194412602,0.464670677589243,0.744265893841235,-0.834460134081408
"166666",1.58991948228132,1.21090343253914,0.480305723425658,1.40645315982051,-0.34214483740011,0.39249179178851,-0.775502562406399,-0.465215017110549,-0.827039162466522,-0.810799978325121,-0.36775512543979,-0.0194349229377417,-1.04963550376129,0.251677483652113,0.624253940546131,0.480740025455091,-0.167802531647884,0.763385607750616,0.632836961565748,-0.320930055857634,-2.12172223695763,-0.666511456460585,-1.71756971495108,-1.82490384730713,-0.357852393179369,-0.72839093757148,0.405031531640175,0.294289145608774
"166667",2.00293202744266,1.90762011676135,-0.122389324002084,1.19535811590511,-0.985481015057422,-0.766642041376624,-0.244582935985435,1.86622660551866,-0.648434013038014,-1.32124911029212,0.851969204126103,-0.87132047157361,0.683054220394308,-0.222711680644284,-0.295962386532925,-0.0201130526904095,0.604741429475212,-0.800138985294446,0.792184443579934,-0.744177679864143,-0.888888023150127,-0.535038401945241,1.77619619883932,-0.267134130065242,-0.076891052263988,0.210301219221453,-0.34425940489322,0.56329554918006
"166668",2.24852032291441,-0.438714927395443,0.110616332505538,-0.458995263005596,1.08597584702806,0.00324207973808579,-0.267034111776329,-0.0706261855684932,0.893714822966498,0.0715287841095463,-0.0596719646053489,-0.717847547607075,1.35659131752089,-0.309191269890881,0.0229126133451465,-0.395319447156772,-0.49699505747339,1.09317847664167,-1.20793517348642,0.23206163992413,-0.321003004150165,-0.638720979964504,0.191797352686384,0.0150643092855451,0.235937149580299,0.438320208450141,0.258326684304066,0.252973353373631
"166669",-1.29519350536922,1.27970643048934,-1.15149397040275,-2.39417060440477,-0.00494267868913822,0.0855154826922144,0.451937090751783,3.20780766531795,-2.11212202401414,3.12460732718846,-1.07706788443242,1.91310621949849,1.02211628923913,1.62563364322007,-0.857067384275317,2.8445235793052,-1.14130135716833,-0.516245230113938,-0.22730055726074,3.7622794443529,-0.39589912937134,-1.74780820914189,1.35935370837883,0.218078294624536,1.12212806644229,-2.77030417113954,0.650606575589139,1.32775386139918
"166670",1.05691942600186,2.08851296889045,-0.0134056015655691,-1.44902568114046,0.31110731270558,1.79704969330932,0.182336307173494,0.913005503273451,0.63928111000824,-0.397492456000761,-1.78629402652679,0.913837564552274,0.514812463661438,-0.242509392222467,-0.45917466805925,0.355210309133293,-0.233929487203633,0.248112950081145,0.623491361825497,-1.87080462500559,0.0454543079567766,1.95274437657041,-0.662892804544515,-1.7150906539876,-2.93043911181267,0.799658378580651,0.592379073167903,0.413136469705964
"166671",-3.14828327793553,0.777033391632766,0.460778286265999,0.637900626572067,0.144451324878516,-1.56155784997212,-0.353297367238324,-1.71622505102974,-0.455350921913304,-0.159803149849516,-0.511739201165225,-1.65305260232017,2.3818883055067,0.607676322727847,-0.367070498200538,0.01133152854125,-0.802632062466919,-0.767817144603083,-0.21793995937373,-0.40385630207913,-1.2760580812076,1.08825061325608,-1.00217420643937,0.549955698725751,0.390811984639134,-0.831900634291849,-0.126247646431265,1.25919007690868
"166672",2.66145889893723,-0.676482059897338,0.0512491484154433,-0.644162706106998,1.36783664232997,0.507255538798981,-0.305076609171848,-0.510282204337584,0.761166251677288,0.0902426011342233,-0.0612403273573921,-0.850734954235924,0.881631996886827,-0.392639672465308,-0.442751238887371,-0.0860200047095852,-0.417651990156887,1.09683635887463,-0.661574407101484,0.453055257002141,-0.144217271295289,-0.341421051280131,1.2672611637975,0.394845815492793,0.0880214694438226,0.928845049607498,0.221023988013231,-0.0637629582629335
"166673",2.20501688982942,1.91397964439978,1.13720748509209,1.00016783537413,-0.23003130024253,-1.03279316842234,0.512440567616381,0.708952027406511,1.74168493094631,-0.734476016104945,0.0744293146149769,0.186483081157481,0.351684204035039,0.957037044392371,-0.932688155630325,-0.254359272565635,-0.116931925650103,-0.600107267886106,0.491343304893671,0.146505760157392,0.271736067698031,-0.5960505118978,1.72405469184208,-0.260052870714674,0.0169799317779417,0.966444154736748,0.705435251448482,-0.510273205050939
"166674",-1.17934727970215,0.0413644855853028,0.308948092698909,-1.25976744777573,0.99034850747573,0.626610125078244,-0.901634868734655,-0.659884284246985,0.838226255644527,1.08712536116243,1.25093435415265,0.87778291519839,-0.971416343163123,0.861389510434416,0.216486619924921,-0.310354338635824,1.86833942668215,-0.716311760272902,-0.483295086137081,0.259071467137888,1.31686732060669,-1.00044533666449,0.943779408865768,-0.638419503682869,-0.511523179122152,1.52340038147973,-0.0337932517198682,-0.844511480256562
"166675",1.43996960165046,1.7533399553081,0.276943692039832,1.4756540405682,-0.598481081856666,0.015406272600062,1.71226728784498,0.300009939236898,0.620766132420146,-0.0847318290672184,1.37091495300216,-0.300374996730828,-1.78511551185522,1.03656265199905,0.712716642797354,-2.01377243148691,0.731982679080089,0.534309669582448,-1.1951561645498,-0.0503512082836269,1.92538106268677,-0.254733220369785,-0.708046089484949,-1.53059858522541,0.427233399400275,0.557489142603906,2.18017014427879,-0.274167978509549
"166676",-0.178033723294375,0.482465675302447,0.0155272272133007,0.788751969927792,0.19999883258225,0.519523192116886,0.0818296582250174,0.500980009348446,0.29053192410266,-1.09554982724814,0.00745551780854341,1.05029717061473,-0.909565224515588,0.0333562399148989,0.278337039314421,0.351421757227639,-0.610152807756415,-0.178239570985506,0.0806823965411796,-1.66400472998208,-2.33613167778174,-0.126963716901719,-1.05321072015911,-1.47229632003186,0.682333063297652,-0.10838995473473,1.76066928770633,-0.388703176503055
"166677",-0.94481781285899,-0.114459637497848,-0.825084817316776,0.681080465081108,-1.55560831500681,-1.83388763011493,0.400621367567186,-0.478284533652469,1.04304871811342,1.61845623992426,-0.223430802514368,-0.54655342202918,-0.744084018639643,-0.960159496776309,-0.200052585620177,-0.162224248348268,-0.130700633616806,0.332570513168904,0.480848228810647,0.856368903418991,-0.407973978544488,-0.238085896742226,0.0638176286758662,0.736895118431691,-0.905057745185924,1.10456904965297,0.414233851182359,-0.0529253077498542
"166678",-1.77449866972735,0.0105095254971979,0.166383210152225,-0.0514112378432975,0.104646183271885,-1.55625585570348,0.865112122586534,0.179623471657471,1.72581183007386,-0.144611973109089,-0.139664506837865,0.123408168130998,-0.0613202256189575,-0.313300230065336,0.527813742570096,0.00124701336461278,-1.19433337119239,-0.504486620065779,0.0160657889565141,-0.328132796592663,-0.616333978365661,0.227065345127877,0.367018235200819,1.21007479710703,0.679555465822365,-0.000497017634176741,1.79069471801637,-0.330167407684978
"166679",2.50906748786005,1.94009144979515,1.69803848680677,1.00715867978145,-0.183367757363376,-0.983789707179725,0.678931250355125,0.217730563351552,0.894990717008335,-0.958345369579929,-0.0995117014894136,-0.0132032737040554,0.468804149326438,1.26091216646045,-0.126069555663786,-0.0816036449850209,-0.125660815157134,-0.361170623189742,1.01808134241715,0.434735448443638,0.284181822144315,-0.203605295195805,2.10920295091557,0.352449691613587,-0.174235274913527,0.164964990569029,0.651050178265582,0.413826498308293
"166680",0.809764249463563,-1.07029431056805,2.73271944444816,-0.838511017277406,-0.169440858506301,0.11384768150865,1.24119429326076,-0.22141712145482,0.570865024977955,0.556589354002796,0.413028886665276,-0.584724429206459,-0.649956954752048,1.00536840251715,0.061981066632798,0.405915354456821,-0.397787806637856,-0.263910627855278,0.560086427220286,0.295878651063761,-0.314029843009697,0.335038641523291,-0.369813902438987,0.0837317410938608,0.0229913964892834,-0.879638330199648,-1.28340986064981,0.921119543798454
"166681",1.17699790224217,-1.26853116928141,2.68996073068209,-1.07358929591515,-0.469795913024994,0.0221311060563024,0.793941788799922,-0.534669816214789,-0.227663976004056,0.157368532094513,0.442175988739031,-0.428461894749662,-0.901728162113991,0.536243024139405,0.0757020589499205,0.208027199043904,-0.373777204196121,-0.521512858686882,0.199906647559373,0.318926685490367,-0.140563067947438,0.622363261071815,-0.00102933597418222,0.423523352782036,-0.0217937481823589,-0.656687796379747,-1.00338211872256,0.996372583349012
"166682",-1.05688103112921,-0.179274082437278,-1.29061112252323,-1.53393431066342,0.195413976126454,0.590822675673375,0.889240634501113,-0.216907484656595,-1.54683961161412,-0.976979302087717,1.60856565990474,1.16187690534018,-0.20947476263245,0.487287167800594,1.10423288253924,0.880209434118645,0.648085462292803,1.34453278659162,1.99591895958542,-0.417506872158931,-0.54860651546269,-0.321064942855268,1.95727452307244,0.683932294727398,0.204651387489354,-0.506358973717039,-0.425846776815671,-1.67386717920089
"166683",-0.875254065567037,1.19828759360375,1.83659933140583,2.34737476510271,2.28913461591857,1.8722311830657,-3.31444970395801,-1.84477812205967,-0.527138704131867,-0.249588856174151,-0.91355735310578,0.274579385650774,1.89615621383879,1.17692739961668,-0.534840378051778,0.49047090988028,0.890740758117931,-1.54119001464416,-0.989734726603554,-0.7572680178614,-0.409597693704769,2.09791509362518,-0.693119921620026,-1.33192885665779,-1.08739774951819,-0.400457231198967,0.201902671048556,0.550706944250004
"166684",-1.2088902073211,0.180768137180167,-0.797910581707452,0.470743393943532,-1.90637771451362,-2.61605815825013,0.48103526815021,-1.33053931684251,0.515577877335815,1.35346951853103,-0.000578054313821394,-0.0202482045979241,0.438411844381514,0.0345909296703358,0.539819172800781,-0.010102339439271,-0.567824303344121,0.337802085212761,-0.119913743579406,0.575700845627402,-0.525833753453678,-0.137000745445015,-0.706374147599691,0.136345027471645,-0.719511019602201,0.202164396739296,0.671259680556304,0.0135085404678092
"166685",-0.932202725170752,-0.344089104957316,-0.0396061626160345,-0.502679951600674,-1.38229285742068,-1.3106531473946,0.677611805591802,-0.902724826666443,-1.46369308693542,-0.0154941499489208,0.0631949396563977,0.932260385574431,2.21349795391031,-0.94270762784753,0.550856268001202,-0.185683915170637,0.809344391058377,0.564887084948045,-1.19933119807434,-0.609987591701221,0.0689327607452841,0.886512971323586,-1.09703373342145,-1.65465128503893,0.166691928250001,-0.370575588113932,-0.946691518059562,0.0306164900951787
"166686",-0.807231344887351,0.87145562520723,0.438213045709949,0.356385589205029,2.37724218028984,-0.887057799521263,-0.505597755201027,2.00644797300456,-1.79110176624717,2.28002058877243,-0.389193006566997,0.404557958766647,-1.4803810663163,0.277636416121824,-0.230247934138928,0.810479011735626,-0.177508620804823,0.368441994597697,-0.171991482259279,-0.292493832933278,1.14216281786104,-0.676962417576463,0.982417415888656,-0.689733728409556,0.762098358107259,-0.742013590519173,-0.42728736415233,0.332258323481985
"166687",-1.81242538994658,-0.481988171702408,-0.679062205322574,0.760622738126753,-0.584067967589703,1.19988848911094,0.0127022531097234,-1.87262299012969,0.222067594906074,0.0176996838753804,0.773439876030212,1.23012741266433,-0.423192002240104,0.471342915073697,1.29048624908616,0.71461792511265,-1.38993369610001,-0.313174756030188,-0.103664070900116,-0.33254732568601,0.626840406356516,-0.889550729168413,0.633837365216921,-0.742327576944202,-0.0547807062063897,0.154367637505266,-0.299809128169793,0.910276746527252
"166688",1.72699893741345,0.52925987112946,-2.13205033347449,-0.0759763686943314,0.0114554080388785,0.748415351304946,0.128495436712428,0.624830134402401,1.279391735458,0.181780251276046,-0.190391705276346,1.39214795154509,-1.62118939121637,0.743850703795157,1.57852005545581,-1.22637412119276,-0.607482780246088,-0.499376230773989,-0.153295579572231,1.88455064700969,-1.480123722414,2.78657614205045,-0.00487447864313417,-1.13037625029248,1.69614614485309,1.40937177177772,-0.987737381239751,-0.0168782656816533
"166689",2.0689828341384,1.71618399211056,0.0691096561769362,-0.732531941830564,-0.922630383926363,-0.495882522863417,0.872890965970623,0.0240922514710553,-0.709416776872574,-1.36748250343852,1.68473471353046,-0.00731307915360324,-0.359661910674739,0.382758738992542,-0.441974678621312,-1.9318747379606,2.15816385967364,0.654259849191263,-2.73509793027405,-0.248783030583316,1.74610401731186,1.30313034719352,0.191842931225259,0.656450483922142,0.204738520581847,-0.912363313930173,0.276013185565592,-1.27885262197502
"166690",2.11177535571877,2.68141989758183,1.20304536628006,0.864738231429776,-0.535244908503411,-1.1437342489019,-2.21845901561381,-1.30915710500109,-1.2429439879361,0.920215871357626,0.841971906184914,2.407924063087,-1.41962813639836,-0.618200749147061,-0.82910864665748,0.483823215601663,0.740254570923574,1.85727653558878,0.723509292853428,0.327890140832849,-1.01931518385328,0.150377646337986,-0.7787202471278,-0.0449854716984917,0.265279910528395,-1.13603294616614,0.48167224706969,0.691211030747486
"166691",1.06712983027097,0.403838229883089,-3.18176399184259,-0.258043707709586,1.18766524866102,0.771496309894282,-0.457393740794509,-0.318923815658561,0.0615146376516693,0.0798862094047102,0.292989780004542,0.498465248640378,-0.503424902268685,1.14667049898358,1.13405401784264,-0.679346224534202,-0.12166195370016,-1.01233487464317,0.387995330750049,1.82718384078327,-2.04284582841831,3.30782576142614,0.276173295152381,-1.45561601696833,0.592358862689476,0.981533079224249,-1.5484457682892,0.714731071645944
"166692",-1.70018353612142,-1.83029685397296,-0.381815389930506,2.42852888392596,-0.577195710847248,2.40755832958353,-0.0417637072787662,0.410676807802668,-0.600684429736074,-2.05460631957323,0.621715602294838,1.99892378779232,1.31054774076607,0.27518035504628,-1.05800968683589,-0.33899330857971,-0.0677965207599024,-0.566728511458434,-1.18710340094127,-0.731924236901858,2.4981199376611,1.54267273741456,-1.08117668295061,-0.698600982597151,0.857209226394949,-0.857776985749789,0.0421733010839338,1.59487968214645
"166693",1.49551205592227,-1.53554417595324,-0.609483490195178,2.00097876067563,-0.0924585906807588,0.312385533585741,0.473416811121548,-0.052964667875375,-0.572422646123394,-0.185499080693327,-0.486217906856041,-0.179363439519056,-0.387604389960815,0.131167800810708,-0.294143499166066,0.483906873981843,-0.408119244858572,-0.988368624010369,0.0346251625623409,-0.345467781331405,-0.912046311065909,-1.2574141263106,-0.06856442325689,-0.0039473250399169,0.12114238700275,-0.336695634307426,-0.27821458533987,-2.06746068144979
"166694",-0.175847081047446,-0.657129959142108,-2.58551600300507,-0.208878117675314,-0.630529357310106,0.429206086805383,-0.239738009044103,-0.545251131282864,-0.819888516374047,-0.792610781216574,1.05282944238289,-0.732377146275929,-0.441650309602812,-0.300190259005503,0.144117562734258,0.797798022584238,-0.373576123284234,0.49926260014181,0.423253126791577,0.192641351629744,0.0419912468138705,-0.788004725593574,0.14370374264092,-0.952904422738976,-0.869610051160448,-1.46207828464211,-1.09840271755346,0.647105122636855
"166695",0.169634661404756,1.89254010805813,-0.320732205795161,0.00400303742249883,1.44772259613454,-1.23887657251839,-1.36495108729654,-0.746537769887983,-0.521534506232678,1.31589870936291,1.81804366919063,2.83338458028025,-0.00710641713363098,-1.09193411203537,-2.04384251392336,0.187829146453726,-0.0437646099970049,0.293950262103879,0.706853860357529,-1.02863561924571,-1.91512337351218,0.482079279935777,-0.298631605139447,-1.1907548298875,0.420152965027053,-1.18871988552576,0.801559558142582,-0.0118659607929484
"166696",-0.375971270621121,0.996845331296131,0.454392767228311,-1.08565479243793,-1.80901509509426,2.84910622423236,-1.03629579454599,-0.339855080099287,-0.295594518735127,0.700359131918562,0.119836662404409,-0.107002381734306,0.922471602659796,0.154555740920577,1.13026296516206,-0.209589734558888,1.03325693655234,-0.603211945159899,0.241190503084336,0.155855945156052,0.731502524348564,-0.614277504256809,0.230967747494008,-0.0523728044458913,0.777139706752556,-0.481649323047963,0.524857885950872,-0.897445331033221
"166697",-0.920593536761996,-0.544888653157568,-0.125181086283579,-0.415636534639657,-1.02870523230529,-0.775454456393147,1.16168812930433,-0.455268910452427,-1.24573893627827,0.23577449113584,0.0589902792750602,0.746917166197557,1.86069253743058,-1.28749605742593,0.520334484421495,-0.213341281988932,1.26190836582941,0.73883507109929,-0.784515173736296,-0.683377632629892,-0.0616721113159958,0.796773844233561,-0.988243515791087,-1.43386183813674,0.0522789836917527,-0.292913529096727,-0.784054559732887,0.279195691635472
