"","Comp 1","Comp 2","Comp 3","Comp 4","Comp 5","Comp 6","Comp 7","Comp 8","Comp 9","Comp 10","Comp 11","Comp 12","Comp 13","Comp 14","Comp 15","Comp 16","Comp 17","Comp 18","Comp 19","Comp 20","Comp 21","Comp 22","Comp 23","Comp 24","Comp 25","Comp 26","Comp 27","Comp 28"
"112981",-1.66360980814761,-0.338801761143106,-0.548472303932499,1.27132589189271,-0.0916441081685664,0.952982911315375,-2.58684250880433,1.45262540969378,0.119427746304915,0.586271476096779,-0.658164749275934,0.957906333680585,-0.125418770479598,1.16276518217536,-0.577611974832071,0.284426272870772,-0.483806638214567,0.39326750826346,0.898448088443804,-0.140101198367794,-0.435199877437513,0.0536611754699494,0.147714962105062,-0.493484052778963,0.27043288646606,-0.183953487349961,0.0164035165964673,-0.262334241407936
"112982",-1.25287629917824,-1.22738629477555,2.31239224733519,-0.643485268816204,0.0420917860102469,0.583582654435978,-0.0322396055620301,-0.370222625105034,1.63411961980957,-0.15432284176697,-0.390124578588079,-1.01083913962757,0.723577409025967,-0.380070689699761,-1.44186281331548,1.37685790584347,-0.572222215149861,0.193198078063415,-0.536075653258879,0.785643981349479,-0.436430615795791,0.577854814362813,-0.375775570727862,0.750226377932158,-0.670724417237446,-0.664834818137033,0.0346198370326497,0.31052823335592
"112983",-2.24905945937946,-0.405156666315357,0.104857995575684,1.1944134452017,0.817587154684485,1.98906080895588,-2.49655524963389,1.42099025510111,1.94076365858019,-0.777309907792403,-0.36831802684261,0.890858985165798,0.4018387234957,1.88431556541769,2.54365337957907,-0.367550767078119,0.856995204601182,-0.986500095979383,-1.4818397037163,-1.32491204090613,-0.915761750141703,-0.133446415486185,-1.28220333656236,0.637432350123565,0.266192952655945,0.531053698524567,0.55368198488679,0.196635668402706
"112984",-0.710163578921421,-1.38844440536059,0.359221577322411,0.352765932586915,-0.105589123156179,1.02004905551974,-1.05899704568674,-0.0528176067615273,0.673032270012961,0.0821246146524192,-0.354639508594626,-0.984163907536604,1.87323582868591,-0.692473020464129,-0.294620947859163,1.59169529484882,-1.41438202685852,-0.178098778400719,-0.0782714370699464,-0.567274152468666,1.59385297550555,0.840960494581721,-1.08792356068979,0.598553756930804,1.56628830828194,-0.13862251673469,-0.66765541076026,0.592024601573228
"112985",-2.13698530168082,1.80584694368322,0.595626074086634,0.539844686034029,0.266142381465405,-0.874829544845753,0.330013824559121,2.49724062461042,-0.274985961901259,0.467828850107563,0.539258482665195,0.062633206993338,0.663587751075839,0.366420180300618,-0.78928896415508,0.0994519326434754,-0.876547791196565,0.303578875798503,-0.0334462534852357,-0.0770571269288909,0.942105523009983,0.0920436653152391,1.34644921551937,0.246193692476705,-0.477373236777191,-0.276622518560294,0.324126421510588,-1.06826194320999
"112986",-0.908720562030241,-0.939420472148309,-0.751738761907534,-1.54231161670148,-0.418233621225859,1.01372044204481,0.0357609068882146,-0.0709978561204739,-2.07586018914943,0.700962658182923,0.459238832131944,-0.155676751614434,-0.737872370890733,0.0159893395153831,-0.62042694988658,-1.1079240028412,-0.506389972365677,0.259054377204559,0.275575692974672,1.05600572422341,0.637656313799422,-0.917463556610216,0.218430572026652,0.479201722366193,-0.118552130150994,-0.331412831330326,0.230970316492061,0.275044795670728
"112987",-1.54641001098866,-0.145045534368899,-0.346188784142382,0.615267134976648,-0.413680639675156,0.70855247212414,-1.71064777101988,1.43648990255876,-0.301824197675376,0.068183803302071,-1.24806405379707,1.03238664477683,-1.10954790973751,1.11018960689122,-0.608820016855188,0.0645687573406073,0.0550377968306295,0.172169062729241,0.270009945778348,0.0551048363731029,-0.644123235543182,0.554888576357103,-0.335295096762217,0.0179426655971316,0.0433093436113911,-0.17429730975517,-0.135774737744636,0.394670191942913
"112988",0.251094346804139,-0.0320788672345119,-0.00565086042767766,-1.12633347689498,-0.393810156313379,-0.756664147450541,-0.020215583457115,0.548724714607206,-1.98146164602542,0.501335870842488,-0.214911443821773,0.251912745240289,-1.47855841824675,0.0622805634696766,-1.36137396545166,0.298371081971722,0.20648909374788,-0.28078250918839,-1.46570993225216,-0.165919542651568,-0.572084143457548,-0.274908114136672,1.05417310104956,0.601780808147919,-1.22794332403946,0.275288723115632,1.09586423852611,-0.719740913848706
"112989",-1.06150693144315,-1.07032870096609,1.46355915898023,1.18043972190516,0.559272111280338,0.435861360942531,-1.72837489388793,-1.63820279760093,1.16111543773356,0.322428303358323,1.44036386350536,0.233862374449306,-0.721800831869753,-0.744605310920785,0.250718672073632,0.494711176669275,0.144585979224135,0.337475130707084,-0.0521704690125841,0.768707458024005,1.5596521037331,0.582458524630471,-0.971641538613941,1.01567355447283,0.678692326962173,1.06290968187583,-0.0183032618728184,0.217214781572503
"112990",-0.873341998534643,-0.672341941312905,0.824482025728787,0.0739572936817735,-0.151656795289954,1.06005453575513,0.12533479855988,-0.676555090644228,-0.905911315096414,-0.573153157270529,-1.74513855273213,-1.29013974254658,0.670368888812009,0.743219622729415,0.574252278577493,0.296151331163741,-0.39913113752464,0.0282218858107093,-0.635836825138616,-1.14635357184828,-0.682642073396639,0.4549497585322,-0.508025895284825,0.385798472838228,0.3832927540982,-1.49823840068376,-1.61561730775736,-0.244114673416413
"112991",-1.35349602946707,-0.611388111537349,0.984704785449432,-1.7637193231733,-0.286280610548482,-0.0706522801524048,0.88615108168318,0.258347334156042,-0.63558405180219,-0.143471869439756,-0.0941237430685984,0.228460440222881,0.52208114903261,0.659959382510586,0.899923950867337,1.00563778736052,0.957346780691614,-0.707056851670308,-0.387124727283758,-2.06678526742428,-1.07881634117042,0.44107511218923,1.20732117112973,-1.19996188072407,-1.39192518256397,-0.180322157757995,-1.6091297961048,0.01957582616101
"112992",-1.78641730153964,-0.108791329777329,-0.423117310876922,0.726623291804173,-0.452647047086045,0.732528632568102,-1.75754675777803,1.75545374346737,0.0670337966886767,0.328485814706328,-1.14125792263322,0.877905260086379,-0.947348918385946,0.912385540040766,-0.814354810457964,-0.183209071251684,-0.38502286136118,-0.0385882804365839,0.262439020629906,0.00865397096269615,-0.349289060993984,0.931165334754493,0.242513821046293,0.136245282443585,0.0851420605223492,-0.448812007390442,-0.196040219198597,0.373005557018301
"112993",-0.465590970028041,-0.766793867831837,0.343899383148432,-0.767444482549008,0.240602033614838,-0.162127689717196,0.271852802900756,-0.613987361231387,-0.23697953169383,-1.29196311414853,0.502512719013596,0.699343976061504,0.911613064428702,1.10968808693385,0.473230808022375,-0.805952829962253,0.137406309465031,-0.766126978652338,1.30181719260292,0.822611512783524,1.00545071468247,-1.75588805112808,0.0715345270155405,-0.0338002331344808,-1.4353093996384,-0.384951334543941,-0.42221628789402,1.10845972262301
"112994",-0.863484015723018,-0.741269033380239,-0.434878020305196,-1.3327498978701,-0.480396044550598,0.706827969081824,-0.146450673483181,-0.138982089572134,-2.06836051995629,0.731511633502747,0.215016947169911,-0.374011690688288,-1.02543663756906,-0.220650843519812,-0.882690092834494,-1.17359923918267,-0.444930669096901,0.113506906410807,0.042592213351972,0.996872846713788,0.592811736719449,-0.559401511312726,0.464310906164592,0.407195386319165,-0.386777288109756,-0.551696791106172,0.263771633445882,0.302867759580523
"112995",-0.619061534143873,-2.30093026697434,-0.965278107226465,-1.22332841285487,-0.0869948457611713,-0.280137956013086,-0.0442127381303375,-0.756712488273345,-1.0539346174596,-0.496936537304779,-0.826775516664986,-1.51215648278265,-0.517638948042055,-0.498722410576067,-1.0455174740567,-1.98391112297407,-0.69499990236464,0.373187898415205,0.0630998149216076,1.05612963431476,0.776354331932144,-0.692408431015857,0.227595681976588,1.07888884065863,0.462040669665514,-1.31037481275707,0.0708322466477676,0.294270759182857
"112996",3.3117210026711,2.24594801756701,0.592305475065753,0.638657200942622,0.0762188211000288,0.171581015284483,0.64463018647071,0.453717684205555,1.1318231588778,-0.986158212958034,-0.495853106501113,0.11891435565666,-0.220932894915097,-0.457299581208176,-1.04173929572108,-0.294767663874946,0.867675365136532,0.0752670926493333,0.0380716717937433,0.942403197274138,-0.649305216236528,0.238703860965712,-0.422605149043403,-0.833015420304427,0.635580607979453,-0.324180889731567,-0.439606214896456,-1.31612124697722
"112997",-1.11847570667837,-0.91737765306259,-0.783750056756427,-0.923647016006154,-0.635887784997042,1.04081121628333,-1.08864735057841,0.347231436248952,-1.61880182210606,0.807776738444524,0.775070818906435,-0.522203414099185,0.702498595011226,-0.184952365532659,-0.193111009485063,-1.24944136598742,-0.605926187441334,0.0152851244021002,0.358949511859683,0.339655435245271,0.246930612927452,-1.36922809150174,0.461303395644869,-0.00412559111932775,0.115388857282007,-0.481088881891728,0.82294622585228,0.415355736839182
"112998",1.336611713363,-0.357927157360325,-0.687545252910016,1.08166514448307,0.774711585704079,0.0197468117878359,-0.758300357641219,-1.47565178124445,-0.149656318281121,-0.640872708645794,1.19085203757478,1.83570288555148,0.201836143172428,-0.314998379509614,-1.00978968928008,0.109715915958936,0.23835678100095,-0.162988144384822,-0.832040339545925,-1.22720155620728,-1.27256149355588,-0.241690793262962,1.47801806843733,2.26045802484092,0.227977125956288,0.698779555822865,0.650888113668517,0.26701205401198
"112999",-0.446539656808402,-2.77637326174347,-1.22656873084739,-0.0503583000662274,2.05171365403538,-1.6976927025877,0.229554402553292,0.252754298045476,-0.303587410983205,0.630702108371335,0.0422245654024991,2.02638675846961,-0.172497330037515,-2.34266692041845,1.75395225290533,0.504165468106652,-0.370332259236279,-1.7851064759041,0.0854555289706747,2.04705261855312,-1.07082618605746,0.627001894596545,0.40145238049536,0.572993221236664,1.44831995908479,-0.565558834364197,-0.791981223539527,-2.79320461231811
"113000",1.59320709062978,2.07875235431071,0.849211130244899,-1.36361993676259,0.180526373424161,-0.694838099014034,0.120843413936493,-0.615867923668694,1.32639981112008,-0.87769059458721,0.260734684397035,1.48248437139979,0.192766447711791,0.221364516630419,-0.0869160018726659,-0.69247154305025,0.51373482027726,1.43803426549889,1.1699559794007,-0.689376549006384,-0.0307350852061779,0.285056280689522,-0.349338043469575,-0.69213196980436,1.66825267390285,-1.30920588572946,-0.429069100104215,-0.313702476221928
"113001",-2.50554666202911,2.71279137025279,-1.71141097363039,0.668307702540224,0.752278276438847,0.215911578551195,0.0789909973939526,-1.81100300361594,-0.00046022945759365,-0.560915246198649,0.36674536514999,-0.25782715783376,0.520300482578314,0.297159385520325,-0.264439696234919,0.358180156223409,0.127310019450465,0.55135484900956,-0.348802176450144,0.949298337498051,-0.156644551574916,0.808648522614721,0.222684618122176,-0.886893606829477,0.213347107407473,-0.687983703789565,0.226851382010148,0.412368365828169
"113002",-0.794949189131325,0.6454524295857,-0.0372140982795215,-0.348528042653948,-0.903743473503055,0.637732788540972,0.475884822380335,-1.26018571711057,-0.106626400289799,0.87670876358069,-0.824303231572269,1.63646674360384,1.34783702432188,-0.0778232228470336,0.847709205071014,-0.432111312875649,0.407550414549718,-0.0388688603458856,-0.297563964284089,0.705736859903443,0.690218496955772,1.32202319460073,-0.0760937673860706,-1.29271162735197,-0.263205892481395,-2.0101765857745,1.18497426568165,0.186486300883691
"113003",-1.77058716210915,-0.179856314218822,1.05978453223784,1.60542877509884,0.79848627661176,0.539388015278468,0.554042817707635,-1.05629552971217,-0.860550393728049,0.121464176559423,-1.32337301659928,2.08231245753556,0.224934203849316,-2.67669195533897,3.01626354989766,-0.165779328472454,-1.08818822447581,-0.384995178550705,2.69859315721396,1.97199223965014,-0.316110561945918,1.41590870342113,0.849238471364618,0.21163899555259,0.397304199592376,-1.06454311664337,0.702256604828599,-0.766980088176763
"113004",-2.51792482840006,0.0126382917011419,0.705651586481705,-0.478750040978784,1.17777981090266,1.70631680616793,-0.0479826548780038,-0.134573274929806,-2.95879230459862,-0.190776659014705,1.3184509535368,0.789351432601652,-0.538315983352534,-0.0547524670094523,0.295742633039578,-0.324264038318182,0.598970855811303,0.317317945184579,-0.461517767229456,0.0475038011610508,0.471505010534949,-1.16199123405306,-0.151093618195083,0.955447785346474,-0.147801383814926,-0.529481240764131,-0.301506049991799,0.0874736902825725
"113005",-0.277626127758761,-2.86261410884043,-1.72800561085222,-1.0158495583876,2.54976742162095,-2.35322127499896,0.137185593059431,0.501052446829119,1.53110028887885,0.447794793836955,0.302128252594953,0.738072529817879,-0.103378548715253,-0.405797658564936,1.37317272136549,-0.375439181345264,0.101885687348499,0.0864585205835252,0.5402736254226,0.377532718628867,-0.55008685528764,0.0498619994692471,-0.379558024229779,0.265575598467508,0.403173823774623,-0.695903047181508,-0.021807349818302,0.0522373751684483
"113006",1.50742299889749,-0.268576080707632,-0.126227214415166,0.575066453188061,0.907634812878021,0.828629411104862,0.714837495264044,0.85894608914625,0.940941706403279,-0.559755730269675,0.402863429869719,0.114361824462669,-1.23706205048711,-0.396917533304755,1.21164753213274,0.65880988920467,0.0450898495060866,1.0115333256069,1.05397497332378,-0.845041133334954,1.23863034059095,1.03857088270785,-0.363962000526304,0.099893807634084,0.184484265711815,1.32030326501752,-0.623558340774632,0.291354041084245
"113007",-0.763504298836631,-0.756849887828591,0.696491677748694,-1.45556132829446,0.244335253848745,0.960363570411207,1.22797587478925,-0.0931184110944614,-0.18794023917115,-1.43473014256917,-0.756807155757225,-0.691542498081374,0.343488248937755,0.482679051449828,-0.0282795263472447,1.05721143266651,-1.38013005261842,-0.042847182582289,-0.639928436420306,-1.03711356626085,-0.811066859321269,0.41496931991962,-0.251329280065745,0.284543639931367,-0.262555681108933,0.636443342276917,-0.853310921103474,0.0381688940472989
"113008",1.21332686574299,-0.444104091947736,-0.968061694275009,0.15741489185416,0.0381213208742793,0.429184901527633,0.721771790987565,1.21784189783093,0.817141955128936,-1.07936465600892,-0.21772161339162,-0.519711326408917,-1.26132844150826,-1.04711605754211,0.916361131862337,0.291696078184399,-0.981746070608081,-0.460157524693744,-0.283942901746946,-1.43246599173186,1.42755540112945,1.43295084057063,0.0611063040264197,0.630515031604354,0.549283443334015,0.939056298078581,-0.509056452397749,0.964483981025299
"113009",-1.3436019311369,-0.138478764249648,-0.844295621440963,0.0283997602885111,-0.279924023480233,0.811793615783828,-1.45638961907133,1.79374966135531,0.0632990081562633,0.407796624354996,-1.05468378850871,1.29395833567725,-1.40224163834912,1.08082785587495,-0.782368320802715,0.0918165787360045,-0.369793613794468,-0.277147894246383,-0.136112482298854,-0.119456884219142,-0.400160985583329,0.210089248901968,-0.584831103641746,-0.101259554288966,-0.249124376801385,-0.319255333231965,-0.440597144767633,-0.277500782580322
"113010",1.66750936642901,-3.32078565225986,-0.665866859042197,3.19984309753329,-2.11841735958778,0.291631516036876,0.965151166310612,-0.0214362781749587,0.218578866202482,-0.446390074142647,0.348905355608793,-0.786070882457868,0.800451249643738,0.611945819462154,0.123242407820778,0.498497724465179,0.151086729842431,0.302825015780881,-0.443841903771681,0.26247068761925,0.387675582967426,-0.771445475488371,0.785876809229453,-1.23909723584521,0.465668972749645,-1.27708749478223,1.18074716798691,0.377250664680302
"113011",2.39994411181832,-3.72816798371106,-1.42570428447206,3.13963794770948,-2.46728698117292,-0.014377711143919,0.491119827699053,0.699440581554465,0.95190685162151,-0.426464596543878,0.112032183304428,-1.10018310900054,2.04494638180572,0.774114095251623,0.392959655436338,1.04866354091244,-0.0120498335565492,0.82116703478034,0.290117048410446,-0.52019994794212,-0.049896154368713,-1.46888538038874,1.05400132773259,-1.75600421254763,1.02599256519797,-1.03925757312118,2.27868617315881,0.478372348464707
"113012",1.54667502050253,1.74252192357738,0.81754757486975,-1.59356308674226,-0.55980063826762,-0.315575935501103,0.526196427006631,-0.143454451123815,0.870510398503148,-0.984541063092895,0.315097522293209,0.507497915784064,0.15273325789232,-0.399644728654895,-0.724091739517379,-0.0471808221513452,-0.200779556800255,-1.04461818256161,-1.42302423162451,0.0469994925466401,-0.79446536755787,0.76505016143436,0.644640305164942,-0.692365357754459,0.747644144501062,-0.449710926792282,0.069433332911937,-0.0173275993025564
"113013",0.116853735347484,-0.300864393549094,1.23527637323552,2.50136038221813,-0.753025596406543,-0.253845843922554,0.998542275149757,0.0337387217482485,-0.312946082097424,-0.284463216158119,1.31048992699841,-0.133783641813649,-1.19867437410667,-0.0980132053979231,0.86811142444001,0.249137443138203,1.35079215409607,1.32957957688148,-0.077128274969804,-0.975214613477135,0.463834880406469,0.45069487701616,0.0433958760080782,-1.20084641264956,-0.289204696819367,0.143535638617001,0.793846480875735,0.690424171134277
"113014",-1.32719950657998,-0.47496159901689,-0.252274409822928,-1.31240966712553,-0.433957550376961,0.922394697510096,0.211187828246436,0.462593941178183,-1.7270454902662,0.953128031985432,0.499928759132453,-0.0977333745146418,-0.685965910502696,0.0754021877497328,-0.362433110145637,-0.911692293914408,0.0129040044303205,0.174661453353246,0.13089063726646,1.07067359267144,0.441320675456472,-0.819333535410607,0.415687086105373,0.605541430967864,-0.133260189734813,-0.675462665336789,0.41168851504849,0.50357280944778
"113015",-0.825893858057939,-0.77521857575968,-0.468657173414593,-1.66771692349664,-0.141433473198804,1.59846377164439,0.263024290880839,0.189192676777488,-1.33135182918702,0.450946795942849,0.0450215669411507,-0.508078378609954,-0.790879596120021,0.101380849041626,0.137649443463429,1.07936637053864,0.562358862169722,0.825730139522918,0.355406892226235,0.7841233759406,0.307605125804075,-0.361844257439993,0.746854100971575,-0.38700059833872,0.0836349006388942,0.511444123244596,0.414860621329608,-0.398586118024117
"113016",-1.7869992945599,-0.0869960797739932,0.531320891677904,-0.501062000605863,0.447732445138833,0.952718051589324,0.00374576636685955,0.119512250549939,-2.68663742104704,-0.0199111542167298,1.02760650434387,0.56079164487881,-0.474084193363925,0.01290502635061,-0.105057431067602,-0.207006724979835,0.627509269172512,0.641790870763911,-0.101849294353737,0.262290703476354,-0.0199856528941255,-0.750399067682394,0.401478761723606,0.983345085764373,-0.409268744586911,-0.455115372976884,-0.0310569690821068,0.169608175967779
"113017",-1.2789675649855,0.124401709179962,0.567539413399652,-0.517379139857612,0.0376230870615967,0.271743872125946,0.0523791836126814,0.68721245481541,-2.28102277442771,0.124075656764512,0.613369560346497,0.521676295139981,-0.557978300539021,-0.101738956856966,-0.330763646897566,0.0933466824875707,0.51322426574877,-0.114622719487896,-0.889592269813031,-0.202113750905055,-0.34870698263405,-0.730346112096125,0.614159555084255,0.872741813124597,-0.573084910038156,-0.774566989400189,0.456354363739267,0.418484622864285
"113018",-2.25844070157662,0.0836845528617285,-0.231780036851731,0.82737265711288,-0.117241479597769,1.12721268843519,-1.73264559968538,1.70691500249793,-0.228531961931634,0.14642938226823,-0.906258429038546,1.17664120568622,-0.685271357271307,1.23443773645453,-0.0597569047254922,0.301452266604891,0.177515258623388,-0.00298796110482941,0.194277397994696,-0.0848410808628345,-0.57039191541543,0.0619640077352015,-0.434992547565648,0.122795227099629,0.441646023977072,-0.378261297695618,-0.051675027977177,0.521922221667546
"113019",-0.620375785985955,1.25399115258298,0.759608888999391,0.852212348671405,0.213927872309238,-0.662496177198759,0.618251723008787,2.40802016615117,-0.484683241267929,0.0245324270187203,0.480230312008275,0.430425699643799,1.07614324387348,0.645465095072689,-0.681977440971763,0.145303349139662,-0.270782355331936,0.855197630985758,0.596410918336723,0.274672052292796,0.518748148682979,-0.0734306013003337,0.50069051421396,-0.203377332555409,-0.635237497407045,0.318171235712322,0.476068455398851,-0.521386931248419
"113020",-1.6475605352279,0.774017018517223,1.12772646644869,0.889827533920221,-1.14112560982964,0.487891461191133,1.13785401656443,-0.365359124940272,-1.48699520547641,0.749099666152465,-0.525057589527672,2.29693703638853,-0.0783850581481304,-2.8484592814738,1.64959905441837,0.342521874322796,-1.37663306626408,-0.119713032294129,1.90742804090666,0.726079210166984,-0.504699694090982,0.577850522490242,-0.26593332722812,-0.266413806368117,0.576109096737405,-0.823778420447706,-0.0769472806363678,-1.17032404202333
"113021",-1.8283039718013,-1.24240999888315,2.1779381997698,-0.702967526600898,-0.0491515524192292,0.897102761828028,-0.0504588422339537,-0.164515553510206,1.57077424059396,-0.218508061994625,0.0004332791616318,-0.617539734255658,1.21644025532835,-0.136258902948659,-0.675661547906153,1.71413306080555,-0.237174403217554,-0.370334041238049,-1.04828038243846,0.852674898713756,-0.0372130044795504,0.367572692632866,-0.65754648248119,0.97036044568316,-0.231538181145741,-0.694263579507087,0.00678206324442491,0.579694590322732
"113022",0.027712909056373,-0.331653338532961,-0.84368467727146,-1.65422321620164,-1.64700824458747,-1.04865461729728,-0.0852956279802822,0.998518240531991,-1.92912948321671,0.373970968980244,0.3731548333315,0.847887050899355,1.21354043242821,0.893081684320897,-0.359323610036406,-0.817607335094266,-1.09468180950438,-1.1960026756123,-1.82774137419065,-0.669896269398234,0.194700443649201,-0.491766605331538,-0.855737549416618,-0.568308763683187,-1.09196018075021,-1.14196983067035,-0.85489170054751,-0.556172274308009
"113023",0.584983334725459,0.635930496515173,-0.453808240327093,-1.83378784352316,-0.199465597102081,0.352533179693143,0.323312538481705,0.107530139353986,-0.385578482671161,-1.80642644423576,-0.120109718650836,0.836958898430394,-0.376677581310387,-0.865848974714427,-1.75220794969412,0.487128260890724,0.824297020539722,-0.0481952819161368,-0.606098846677038,1.09197354277592,0.109569229534784,0.58411138993263,0.602806180120457,-1.22302911116361,-0.79279829483265,0.25474413821347,1.03548607589174,-0.469656753431546
"113024",-0.955720911790715,-0.0574466777382983,0.0494283427509817,-0.485164587871755,-1.29223633244553,0.586378490632101,1.20856316697619,-0.00437165231684124,-0.0401547231582348,1.9301354443065,-0.759964980175428,0.785308803687312,-0.132607804744921,-0.329477111978762,1.45143920283361,-0.500026262918014,-0.514559691387546,-0.217978849307518,-0.082285462150363,-0.260339514370832,0.302748422565734,0.480113996774137,-0.956637152504824,-0.62386246614766,-0.704109784481939,-1.28840055595636,0.384012708979735,0.687472036713278
"113025",-0.312352152648872,-1.37745293483097,0.428830733326813,-1.36882662340965,-1.00256082019701,-0.079517762146609,0.128958971730466,-0.869014794198956,0.397808104273032,-1.88738404776982,-0.1024329214686,0.212245325258538,1.59213138436517,1.61374879636967,0.468704414803376,1.45932367371489,-0.508638271210351,-0.491111901448378,-0.858157386449689,0.700303846033603,-0.362511215392878,0.18634536360145,0.243016227393003,1.02283110774506,-0.875977319789024,-0.0552961391372589,-0.485730570212989,-0.10677490130549
"113026",4.80251864155045,-0.696210030350748,-1.98017367915343,1.83003019003375,0.420202898485309,0.614300309559583,-1.40922088026797,-0.422571902009394,-1.0399851728773,-1.08800583327121,0.497729152443738,-0.365913904259481,0.923893188304778,-2.51981883197946,-1.29458002174927,0.242709913321601,0.126457337575869,1.53556503389902,1.71638151703426,-2.01571804442131,-1.18856352041557,0.861215342692922,1.24954866903724,0.478154351052052,-0.697840213144702,0.292329130262039,-0.211747687028843,1.34681487698188
"113027",2.23064307241192,1.5836261689865,1.40865901331136,-0.2522769903345,-0.361141239018816,-0.596568431203529,-1.07725060273156,-0.978380503338004,1.29935397573082,0.689215680867951,0.42436212717759,0.6348502352266,0.306023984779872,-0.91699166776458,-1.42898703455251,0.200086705031342,0.404710843232813,0.0304873586660027,-0.297279526274301,0.929707891154161,0.702937278443949,1.26393169487716,-0.61173350634337,-0.275011218390174,1.92245162776852,-0.325121554461819,0.436222031661149,0.180881027072992
"113028",1.92797051362626,0.451339964839719,1.00660559034575,-1.53512963713119,0.355997086185254,1.31794509788635,1.0998180506867,0.822763263591959,0.834749199845768,1.5026718603132,-0.201879727838037,-0.984134806236407,-0.971920075378644,0.494456533738398,0.652488016384665,0.684134857284132,0.388776479009671,0.611786041551136,-0.073788202285531,-0.433600040133919,-1.22613926303566,-0.721563457900939,-0.14119682858253,-0.951843009405361,0.688567385571925,0.522368937456331,-0.0470311991833504,-1.0834755790059
"113029",-0.089992289924527,-1.10888483590115,0.109296817263533,-0.788320591419626,-0.440801557767465,0.541041447776047,0.0981940848149758,-1.18676773850156,-0.877793431833738,-0.21900380052242,-1.71592079090843,-0.910922843702803,0.345222539139432,1.31899992683603,0.218947572087279,0.423801695964845,-0.770431827052148,0.271609413216125,-0.559975999359513,-0.851284882187944,-0.379009064674415,0.741290199031129,-0.264424748380471,0.438692677431043,0.263135648077082,-0.565113213662632,-1.4863928411574,-1.0485007552419
"113030",-0.786338387020743,-0.901445282240152,0.504741754576878,-0.313282814681643,-0.020865774039447,-1.13391643509858,-0.270909167975336,-0.572365305875119,-2.63948703813364,0.226519581207515,0.661065480335862,-0.0709726205801105,-0.212577229864249,-0.162755763938251,-0.155678519865726,-0.421365053324453,0.440519574677834,0.372865792547316,-0.67495960238871,-0.209901064979876,-0.555369431753824,0.152289323651631,0.280786757297607,1.04650992209582,0.00379660695330843,-0.465144017783807,-0.696474668315505,0.416852321451881
"113031",-2.17416999512958,1.08947159158833,-1.24301412003528,0.821108393851457,0.43738980239378,-0.0107191505211959,0.330807566051828,-1.14876610329787,1.32550400559129,-0.0917913544102925,0.583359401193121,-0.541782100208523,-0.231505420167349,0.577312557590018,-0.0557709476819553,-0.387972528351128,-0.401704313919683,1.11281651746662,0.792721775352163,1.08552066614305,-0.0245070212968512,-0.0601458613295731,-0.327531075352245,-0.148546656644342,-0.768232698876433,-0.644363548061697,-0.25710554611153,0.600592321319967
"113032",0.326718763680947,1.58763812633125,-1.83689653269729,0.608720120792898,0.114177816605963,-0.0740632516516816,1.10944898234644,-2.07978258370844,1.70738703724924,1.43289552650767,-0.812890313767541,1.03059503036221,0.843115555201326,-0.0803899685055186,-1.02926254596842,0.211345579956594,0.710633433720947,1.36056038483713,0.0500885165913235,-0.285571021976937,0.539370057770207,-0.658734273764641,-0.93844677474287,1.59743024358063,-1.51196631307773,1.55373947061473,-0.772358285719493,-0.998629937075631
"113033",0.460222917293078,0.462493901106755,0.0409880977889171,-1.29614614342864,1.05586888499193,1.81409039541242,0.417844364061003,-0.352973157377851,-1.22856559351668,-0.452396951932288,-0.0560663941832751,1.40139722549435,0.396898065021116,0.962437928672965,0.207445368159734,2.70791524208154,2.37790573969152,0.49508704672034,-0.475239570226789,1.63307099368768,0.663554891163157,-0.658383626921959,0.611891165714638,-1.37992625812804,0.464931977858678,-0.574437765896795,1.73949723465432,-0.461672713863118
"113034",-0.352823587081608,0.0210933942685474,-0.516159941756558,-0.244070503906684,-0.12703332518938,-1.31803166416096,-0.012866672159696,0.168262374916456,-0.763834934791488,-0.952576660832379,-0.967166675779849,-1.01079848532467,-1.5153003024903,-1.14020211829495,-0.183840227858019,-0.126496035388293,0.186956905729708,0.381772608660147,0.0234279282812528,-0.651231729230847,0.412507507221087,0.199760733166497,-0.602115378136845,0.536961146054788,1.08743557873489,0.537414758585021,-0.47527933579149,0.121617299172034
"113035",-0.134983443278683,-0.706508778242899,0.240826864878422,0.232581711566742,-0.542870610214727,-0.562124330841384,0.925779846848163,0.107228794146924,1.19563859254358,-1.30967334529839,-0.625112459768243,0.524835124294432,0.387483351538968,0.748353459575418,-0.311334312690043,-0.893059804212712,-0.397199342472177,-1.41097992800333,0.840512715094298,0.411015458621713,1.12452500634536,0.154463343142852,0.97688130147429,0.0899658787348203,-0.658849035257863,-0.177300772439103,-1.21162303175515,0.497826203900324
"113036",3.33253282031864,0.490694463996366,0.601610384823254,-0.240377796561074,0.242462112993579,1.00263796701953,0.464591819724574,-0.420595460001965,-1.48160152645427,1.13592437019703,0.328409300112433,-0.699336785872544,-0.310798496438218,0.627019788638583,0.12160148993485,-1.42841951913332,-1.89883485080275,-1.26850166431137,-0.705230150144269,0.548065959057963,0.0767471833034863,-0.612662422396415,0.318988370673702,1.04806818597379,0.891543949015917,-0.0636821291355991,0.392502139034917,1.51739645467606
"113037",-2.45378544702912,1.56660789821873,0.535066437624713,0.616267451255684,0.122388558341518,-0.681514815306558,0.0424160772569574,1.77303038362395,-1.25905304244162,-0.410408365475398,0.475392778277711,-0.0182390047017996,1.01076775084889,0.304776040817627,-0.375122269461853,-0.109380834889239,-0.985028925620591,0.063850916677361,-0.27669650080242,-0.435108278706926,0.440362820200444,-0.608365501647418,0.550369359527794,0.329562600477714,-0.0181940495406961,-0.119250661223539,0.345079192097661,-0.302852119524572
"113038",0.237662601316413,-1.85868113998613,-0.967250870864147,1.15685015671677,0.0502033164690463,1.43847033074964,-1.97554332275752,0.176005610900063,1.57750911848828,-0.49058127987596,-0.010174525731235,-1.16925289757217,1.63348001745028,-0.0831076604284553,1.88571691966682,-0.319062833525462,-0.432221657455911,-0.569014400576539,-0.363311088349469,-1.15664144938187,1.59014497175081,0.353209116978881,1.02313476724989,0.0593354169468748,1.08043746599257,-0.317981916526013,0.613163880708174,-0.161357257901993
"113039",0.518936833972721,-1.08902698083245,-0.356923978017051,-1.54969394230388,-0.109555958572464,0.484082782128276,-0.0454508171451124,-0.404068201327842,-0.211458576057816,-1.89412092077442,0.136830805805355,0.344587125151346,-0.911312287330471,-0.287013516032409,-1.00947705422842,0.141085360650725,0.0640301098845555,0.801368776278489,0.784705630289161,1.27180559652211,0.503684029905943,-0.931385634514723,-0.0616949187152077,-0.196382906119832,-1.06866918134834,0.885249255855421,0.831279993905075,-0.188935606522174
"113040",-0.7601075582459,0.650386490785857,0.0730055407808734,-0.325494422408722,-0.967464227203512,0.533550946642104,0.427890488696377,-1.46393216576723,-0.376668392892467,0.525757572144516,-1.08726527558897,1.36174559225092,1.1379835487832,-0.459089932374946,0.582879845123418,-0.797049552270488,0.167910188674658,-0.104763878996418,-0.370611380414427,0.379174499265332,0.31835654943068,1.21780556147563,-0.308587236599641,-1.38780920715403,-0.423911301828707,-2.30933243830832,1.03824771633447,0.475999677855472
"113041",-0.754651346832588,0.059972497871456,0.0682508073725405,-0.219986767071887,-1.45180700064018,0.468456853820905,0.792113559387295,0.136177738644132,0.0822438753814371,2.03079755267119,-0.821712269633231,0.587969403030386,0.248980765384517,-0.159824968383199,1.70532050131352,-0.227342094449318,-0.0193942819585469,-0.156461823948916,-0.10905818062656,-0.173266322314528,0.0827869713539253,0.455701200365498,-0.809279681615312,-0.755941105432657,-0.721647422515993,-0.853457702386406,0.898210401295456,0.502822556669411
"113042",-4.35964256773676,2.32747035503626,0.238260958917574,0.431615794278594,0.390761446647582,-0.145133076325801,0.502621492691475,2.74241648985853,-0.612250947954998,0.413093458616621,1.06894065016421,-0.195260966347313,1.17638696893242,0.605702574979372,0.271819749216286,0.326384984394527,-0.869912497962548,0.36232011158245,0.14579015645373,0.118500533875308,1.12500931320454,-0.45836546820668,1.74596973764295,1.35149473711988,0.568553166410115,-0.533872559203502,0.256010212462879,-0.777217832828367
"113043",1.981692763921,2.31225598854989,0.877795416660194,-0.123639715427568,-0.259310346513334,-0.752046959741991,-0.265726392381301,-0.792255362240465,0.665293968569208,-0.887483962077178,0.0931858145626758,1.02450010923669,0.275568100944906,0.209737818500978,-0.348608196728725,-0.499851769984758,0.216207209853285,-0.316328457295194,-0.421163703231991,0.141310103967978,-0.031783042980551,0.728557347583354,0.29202840543087,-0.177286182800648,1.58486740811126,-0.546911583416679,-0.038756005126812,-0.278712297322978
"113044",-0.673903201524242,-2.1425598861871,-0.976191012066785,0.0894900991397951,2.60642754970915,-2.43440893078918,0.341067645978209,0.46644534708082,1.14694163960309,0.596612934407448,-0.242706376186551,0.079918648274927,-0.878048130163539,-0.490231637474042,0.808385141855938,-0.380683978776462,0.179928296315816,-0.813768705919853,-0.599183481326397,1.01765258547824,-1.14487813179689,0.438024146340674,0.272572315661027,0.803518387110283,0.237382454183375,-0.101295189945788,0.391839835878593,-0.172382448895155
"113045",-0.174806762034136,-0.521848635045753,-1.13777362083566,-0.871244640973654,1.58667586964988,-1.038576647954,0.851420324736728,1.13173963650463,1.21663733073358,0.0576054851196992,1.00769807103517,1.34464822900868,0.885500521262513,-0.737863655280718,-0.553694738214762,-0.649236628027605,1.35326766567843,-0.0847135532410305,-1.03661943839441,0.717030412737722,-0.517427263100304,0.430356385966135,-0.841757967712151,-0.54170885405057,0.582808363464775,-0.888659023185655,-0.0938849714445855,-0.836595168759052
"113046",-1.35162759114592,-0.503521609832892,-0.545712991272191,0.480749591191109,-0.221258366618336,1.09270781326755,-1.57011510771858,1.34933269104532,-0.29708163181693,-0.0170789127933038,-0.999723267766987,1.3198418612314,-0.785433144434778,1.26462622681746,-0.505348168836189,-0.182860282947018,-0.235076539329556,0.329302618105244,0.604141973414256,0.0863370140014245,-0.287097654123644,0.590172365089206,-0.452315037231873,0.0474441054049841,0.317861353086749,0.0632589186722718,-0.195425415311481,0.594466757708083
"113047",-1.74759283354071,1.5624541756708,0.698245304960841,1.30142097712328,0.41149361913832,-1.1982399828644,-1.3401544878246,2.04620739924739,-0.0421419332363336,0.691100138242397,0.995710628408822,-0.181100796893433,1.44976011244876,-0.582469357446479,-1.60510622181593,-0.622854619335409,-2.49461372437259,-0.49096018418369,-0.231277794841721,-1.5416209077007,0.488288818673576,-0.806801256580445,1.21357784523767,-1.12143144944075,-1.103504345775,-1.37297612255144,-0.0408949057208873,-1.52802621414548
"113048",-0.829000409740013,1.21041825859693,0.379645004182053,0.487448532426662,-0.839201502294265,-1.03398977388944,0.461183318909623,-1.17142101743384,1.11276181588591,0.0750382454507002,-2.45138354038259,0.482875455025121,1.09943149372129,-0.681588905350279,-0.767969721732695,-0.135321760521354,1.40792026000081,-0.680616174195119,0.0720697706891044,-1.59839128944421,1.03057210671148,-0.652580895609296,1.29825353791541,2.28857739069365,-1.14348741487068,0.854214880881489,-1.57983746045953,-1.30678550398229
"113049",-0.164047008005677,-0.982279816379192,-0.59135737961757,-1.57157185846432,-0.500390405287701,0.671149750056575,-0.150404725374153,-0.336221780926268,-2.19698677307679,0.548750480109378,0.20546408097167,-0.155388754775789,-0.96381070016872,-0.169983154152264,-0.937006934347802,-1.34637566031047,-0.643581373454657,0.0662173391939324,0.0506866467966701,0.844209007510288,0.609265513729196,-0.610440247750018,0.14730700013062,0.261817974941199,-0.49067955452437,-0.400877437439524,0.298006606055334,0.517100499096358
"113050",-1.16669362074124,-0.55099665654961,-1.12260345100573,-0.578175675677639,-0.404568578390547,-0.125570182810334,1.53252772929232,-2.25149351468298,-1.44436763450024,-0.140064838270691,1.95907460610975,-2.50642234218889,-1.24291783117209,2.27935638198317,-3.20642784602423,0.281639264913789,1.62936886219949,-6.31239162937259,5.86347239037416,-3.99065940063633,-0.302666479163443,3.32669418073439,-2.99072177501088,2.15510673268923,0.218019361497312,-1.28228621177473,3.2175417410717,-2.93301279827115
"113051",1.77798095312613,0.600073576467139,1.65867928002151,-0.947279430028932,0.840177054399398,0.589975847554732,0.831497009638332,0.201602734977221,1.78789075733964,-0.875487413889166,0.275101505412963,-0.229401120917916,-0.699913423659286,0.00535461311692499,-0.0379453033475042,-0.391035676557942,-0.424262925681052,0.95526122111714,1.0320605677558,-0.0944850536338803,-0.73606798139329,-1.22988970746028,-0.256000154266096,-0.132433768111241,0.255186420306074,-0.0785133648098878,0.248396508570579,0.110548050208404
"113052",-1.0000588928521,0.258338741940251,-0.321931156210184,-0.280982644561431,-0.351455147864344,0.095065382015922,-0.554140765714517,0.55623777267056,0.362526300515779,-1.54092753051479,0.0299680598279315,0.60389334164612,-0.564261522048334,-0.0957354021851415,0.117243051222778,0.0175742958186284,1.11874635417702,0.336167673512451,0.507427387594523,0.90164391216277,0.969487714873333,-1.39751382580896,-0.471366737858733,0.675664177484072,-0.0402308291191628,-0.373304438297498,0.553634132594695,-0.425920150263627
"113053",0.860257427128441,-0.666296053147314,-0.441594706079384,-1.75346095662166,-0.332321424865966,0.364270631301178,0.416270526355521,0.989672324289464,0.722415372103112,-1.46558701622195,0.252278591142291,0.40168801230597,-0.759988052245976,-0.411233950163045,-0.647876559257946,0.807789996757284,0.924624979399069,1.13003125895573,1.22471802133221,1.36338457043717,0.448619930722469,-1.04792457343521,-0.0773030869976631,-0.38385324067841,-1.58960385703188,-0.154470553380292,0.658501823357647,-0.212204860682473
"113054",-2.3603547720607,1.82720086253823,0.611373522728851,0.591906405967096,0.33035264909452,-0.668942820296025,0.260432252907885,2.17195414466159,-0.828790348440243,-0.0305786017040182,0.460733434681363,-0.0770451183007105,0.702068065896094,0.211496372161753,-0.592998412909002,-0.065824423451872,-0.97314778515329,0.15097401591505,-0.177822384485265,-0.296289938247925,0.710475517582534,-0.292610064007374,0.923368200814816,0.348205316010225,-0.307247336146027,-0.369160863409911,0.266548944499752,-0.618860959608215
"113055",-1.18485690718558,-0.225287197986569,-0.529683320771224,0.454557843698025,-0.0387499014172138,1.08608709673154,-1.05717558317208,2.21618950868986,0.394099935142821,0.473191511428731,-1.09303416771617,1.48901983728547,-1.07237027660659,1.37523808430517,-0.497982310752357,0.476324966570998,0.120124574618234,0.135465447223754,0.342849017880454,0.234626553628147,-0.00962102293394203,0.603975423874787,-0.274332182507921,-0.00531013987522666,0.190425457416699,-0.147408821822441,-0.0560395630755153,0.196317437597264
"113056",-1.68002803298901,-0.00954140239302302,-0.0120200065956036,0.707216216970234,-0.191831159378376,1.01732528517333,-1.46063277789401,1.78305232496691,-0.0298077675163446,0.289908194984955,-0.731474144480365,1.52205209573435,-0.788386465086001,1.24824433423211,-0.287045896647247,0.0102238640199887,0.248920707063935,0.230631357172219,0.511778094831926,0.0789804393570577,-0.634731394829344,0.35812196540979,-0.584634302832421,-0.0265149768134834,0.00056208688187118,-0.576864166242554,-0.378170366800446,0.645159420056526
"113057",1.29484080762624,-0.150808741907068,0.252922946792435,-0.41069824775136,-1.06773788636577,-0.0701614737411626,-0.269443831372751,-0.433506837842999,1.06630460296038,0.067087426477333,-0.802766564955234,-0.783700529211286,-0.266729606400052,0.484037144292941,0.262238323919171,-1.20991236368373,-0.535925438062639,-0.406064495335805,-0.33137593192719,0.168162804423874,0.327401015342927,-0.0781039411116819,0.483236013363112,0.882356480443529,1.55757903506743,-1.50281124306249,-0.566421744302595,-0.348727548312489
"113058",1.1869302826541,-0.692731625019532,-0.283861220579091,1.75637760312379,-1.70704092644436,-0.136984162441854,0.514209767772271,0.954561897398972,0.11963184317252,-0.65129926930523,0.906161087181819,-0.968683867024893,-0.398375150446247,-0.416187444031252,1.15842889311054,-0.0935370873027365,1.62096178201833,0.832584280550642,-0.574599400966151,-1.13675935701886,0.365219378131258,0.54995342045187,-0.20268101384408,-1.37739558619608,-0.567148095446394,1.06212036844525,1.35281385924745,0.26151699954146
"113059",-1.13095942509463,-1.2775869125876,0.404728766432493,1.13467936373873,0.93425321891869,0.949691030548817,-1.78924817334841,0.731136609963136,2.14299179909469,-0.577498044034607,-0.774992074649651,1.51265817834579,-0.608858766190732,1.79527949086456,1.06702453382134,0.0299871087996754,-0.219976144983075,0.0904907081056633,-0.217688276327168,-1.32517198547631,-0.294672390475278,0.649642822559697,-0.653207773687829,0.181228106583628,0.175940826628935,-0.470071382505197,-0.103639896176763,0.520261680109264
"113060",-1.35007146583561,0.546689958330851,-0.139517847381437,0.388680813620492,0.0854510505904313,-0.993372789546205,-0.0680798988448739,0.842064501372713,-0.581076349505375,-0.902751773348591,-0.831335122133272,-1.03603055211201,-0.870565164099812,-1.01431652044918,0.688405666352419,0.55277529509193,0.696821578932807,-0.100045658429266,-0.387425111981279,-0.844713029497876,0.457563326031587,-0.235156164346799,-0.41527264551527,0.789962264107177,1.77067685962961,0.15220992506904,0.0618898791577546,0.675505078949176
"113061",2.22561920979854,0.129900152999451,1.55577372148388,-1.37356712596174,0.376671700987392,0.760517307300035,0.182491929924255,-0.541247114971875,1.06444004930434,0.389778293042453,0.0897541912759825,-0.522598565610819,-0.301756711085675,0.643644216371107,0.484813923291345,-0.309642684296367,-0.0125403242736589,0.973120255538241,0.774285113273661,0.0650403812700368,-0.811594211374205,-0.967171815398862,0.299108500299291,-0.341132669971983,0.0295619649033195,-1.51819360721473,-0.0106494091883373,-0.00272111391344461
"113062",-1.91704863165296,1.40347375665599,0.79676937108519,0.626749167357416,0.274856827216174,-0.722475910091605,-0.00349400305786557,1.61233141218746,-1.33310498325062,-0.621770169996027,0.271654268475315,0.367788245453867,1.14575257825436,0.656826880366434,-0.160028863897764,0.0640224649027746,-0.641779482777419,-0.152466935924122,-0.73340565015694,-0.823633512335497,0.0334595899582409,-1.09368386010388,-0.155183911305601,-0.0593824942423645,0.168226464586673,0.578377672309187,0.974649073831058,-0.16786234167391
"113063",0.372898888978676,1.30321938570485,1.2972150333594,0.511208055769699,-0.566958357726305,-0.582327608687076,-0.147219646219213,0.0465896281011894,1.56092735114615,-0.596958596427107,0.376647568237959,-0.0745144681467252,-0.439706900242825,0.064896289373818,0.290316956625969,-0.990458422948431,-0.287261414449853,0.0270510008849344,0.572216633972492,0.392848272639099,-0.0273152691910218,-0.595712105555548,0.118729942031209,1.19895904828268,1.04427676703537,-1.26387427186539,-0.862201972526042,-0.0448284023455444
"113064",0.665836289651774,0.308697706220824,0.722579530101724,-0.202289496516799,0.237548361950691,-2.43177100761655,0.489984597081221,1.38330160865667,-0.578044406135354,-0.205246375907673,0.340834464222912,0.642760598604899,1.3422916339626,0.672334909866573,0.109739124724027,-0.374803380152084,-0.0595408323446833,1.07135847408719,0.357464029616802,-0.80042468218616,0.836294898139317,0.9364979095412,-0.528423026423365,-0.194245309505422,-0.0918217766597494,0.0216217452932448,-0.305232339687806,0.570097397674426
"113065",0.443226642815038,-2.00858274347312,-0.854110996006406,-1.07487717048641,-0.66233490608212,-1.2301957802832,-1.19341672160203,-1.98891743152159,-0.871685368189622,-0.875015025014748,-1.1247120962787,-0.737998735648354,-0.465375862428113,0.150258511137989,0.00714010011719614,-0.951471400403982,0.770969635866958,1.63487653518844,1.01103342263361,0.491425247400598,0.796102338683053,0.09462787946707,-0.31923800097724,0.421866581938348,0.710431725770589,-0.978152689397824,-0.600927882950353,-0.381839875006217
"113066",-1.89809057676356,-0.294540586873901,-0.519640448772007,0.546634405108819,0.323391907177993,1.62288292266238,-1.56868348315612,1.45519417103448,-0.240001600848146,0.166957640205639,-0.678040722400697,1.47928541413069,-0.692324683310307,1.48251343183739,-0.0281901923407897,0.219408756000513,0.101735925527871,0.498291150611375,0.719612214917626,0.168954733040882,-0.0575599856351907,0.0448059393487667,-0.693836185218577,0.00678341138612671,0.520570892647005,0.13252073268652,-0.220705562949409,0.14472009225722
"113067",2.31901868858049,2.59450674218859,1.38547390995915,-0.702589740278444,-0.00982242915940835,-0.164747420607157,0.737160028445495,-0.225265915585615,0.143699762776415,-1.29169531545206,-0.359429612185134,-0.00247625108232433,-0.323312535196546,-0.215525346244195,-0.708862146496815,0.461365470089348,0.174009034872356,-1.38902419309123,-1.99891626091104,0.170433615331168,-1.91549611764493,-0.0985049845324435,0.362470650097943,-0.511057888497219,0.581570514588721,0.235730949880396,1.07603776824022,0.207353009895064
"113068",2.68350040409544,0.73174421851814,1.39385327696134,-0.878739675471697,0.810760007612997,0.484333761608437,0.0565167872652306,-0.824788240636937,-0.851331521157553,1.63490281991863,0.487327896935877,-0.336591986910681,-0.6172098569916,0.768676919681911,0.0910330378433667,-1.61984509935885,-1.48391901217339,0.366743469414549,0.533380563619944,-0.313909056919651,-0.194061727313055,-0.728581359845702,0.297015236509867,0.359224494870782,0.684741706765061,-0.565478152480955,0.41082160556617,1.00635260507604
"113069",0.216540616823344,-1.08624125052299,-0.0698727208752365,-1.1685302814455,-0.471279995993374,-1.99021242116889,-0.183509080145411,-0.167964363788771,-0.185794264858724,-1.04705085280938,0.38001374536124,-0.0103671179749692,-0.359577401439222,-0.415060664432433,-0.569580511996704,-1.06417127562144,0.609662662524692,1.41176174262891,1.43856815189388,1.23005259373275,0.438187112302174,-0.793787760205845,-0.422423570591772,0.909572053081287,-0.673663297692556,-1.31417615807019,0.0608719798366379,1.07868184116474
"113070",-0.816904174867567,-0.537123569107568,-0.604687244938344,-1.8009255259177,-0.455822573648643,1.52782674867472,0.497239288186073,1.477875164163,-0.528943168773205,0.490917727869026,-0.256814681789027,-0.72321740470877,-0.556554850116269,-0.286879363796159,0.377062915722515,1.27035792883496,0.918622437256835,0.172198942440071,-0.266241708223318,0.3354957022352,0.379083005092394,-0.235133027883192,0.788366136284894,-0.47620295451237,0.0352827558645007,-0.126597188592424,0.68061901037513,-0.07551259469424
"113071",0.0710468312761914,-2.79770182738203,-0.125605165817918,1.85494713879747,-2.05014228554518,0.00600916687930239,0.394825764805114,-1.36829826881207,-0.326241085224682,-0.253683432168572,0.875223816457594,-0.314713269405542,-0.255319706735727,0.769525566178959,0.374663515894959,-0.598857205438831,0.666873715291214,0.476875359136486,-0.99886574653613,0.177907937087741,0.551198465006202,-0.187102592583551,0.334500351359792,-0.942580006681079,-0.156713892186756,-1.08727983854977,0.364134723672362,-0.429391370648538
"113072",-2.469133707256,2.34181184496052,-1.56517182395089,0.551099166120829,0.762678094945851,0.121724983380206,-0.102577929006526,-2.61922005332556,-0.28252476308558,-0.470482745497292,0.619497375588213,0.159552328251505,0.279675296596071,0.494554870856083,-0.633122284161102,-0.099119868589835,-0.190229206609932,0.458639568126795,-0.541158690445812,1.08827813750168,-0.142696123049968,0.963530207826922,-0.0245053906007436,-1.04661143880677,0.070963174939811,-0.136044006015452,-0.10316845521966,-0.0184750787554119
"113073",-0.130486107184623,-2.90404047778765,-0.0618692091510315,1.51898314153755,-1.53857092301358,0.138834792139812,0.752597808169496,-1.29765999738339,0.0856341318649801,-0.139990774171407,0.569263126232567,-0.208140164786222,-0.63217660484101,0.707494785882055,-0.0316234214226449,-1.10048734742458,-0.147126594179898,0.176704001650911,-1.34074445107383,-0.276916248241442,1.37531880745771,0.548466373312118,0.927866721060225,-0.709547624308036,0.321887483738488,-0.912829226781368,0.708395320959407,-0.240556972519011
"113074",-1.54431737291844,0.890444290371366,0.475633170060564,0.58766136125252,0.162915755148677,0.406534596439652,-0.217381048334714,1.02553853764899,1.14938912474185,0.136699209711851,0.908647638916686,-0.412501561324365,-1.21079507706409,-0.675587608223203,1.44324215335377,-0.380707860259479,0.0809712085021856,-0.535698848924118,-0.82393858388677,-1.17787871084025,0.485896598734669,1.39787778780671,0.428980119474372,0.8379828098143,0.072978299747938,1.14859163880954,-0.734660618954564,-0.4107736465703
"113075",-2.22782502263462,1.50333770654969,0.483813808626544,0.401334448497853,0.0956945751386753,-0.703132589356579,0.429491565010128,2.03158396430158,-0.963915873793175,-0.255834779077667,0.3806150240437,0.0577067660534454,0.735410945749243,0.262581528737394,-0.702540639975758,-0.366492241505168,-1.19249806283901,-0.0667058623854424,-0.403931130737455,-0.349204088398386,0.606537388572725,-0.203528552658734,0.715529623576722,0.421283162288705,-0.149329175900558,-0.0588263096622829,0.268538034182799,-0.374725738370136
"113076",-2.0967437019442,1.40189986426638,0.29184867446774,0.590459279883564,0.153359601810365,-0.803800307077805,-0.233029024635476,1.52736385950283,-1.37324119325719,-0.480955607663369,0.264711536785964,-0.123090148694284,0.984881262522754,0.329313965632276,-0.608360655400711,-0.0738595145504218,-1.35246135069217,-0.224413904698807,-0.644422420010624,-0.78025688361537,0.137189856964341,-1.07594490013791,0.333344651043582,0.0475745943899523,0.00680988437197584,0.355356606522189,0.669172853210587,-0.680424850202328
"113077",-4.18879095301416,-0.0313542002779485,3.25728507832525,1.01731966522295,0.486624756464963,0.84152154401895,-0.740100364392337,-1.35974865756776,0.910610113251875,0.874071612030699,0.65574408438737,-2.01030824308395,0.709079997964789,0.000949641632453939,-1.46368479724266,1.67153779022635,-0.258669726494092,2.21464110065108,1.55460401631784,2.33052350128686,-1.66605549302338,-0.0559669589313616,1.17090371445607,1.54509521868939,-0.649897761359937,-0.757724234662173,-0.633156262739475,-1.1820092289157
"113078",0.156345770088162,-1.04924698118127,0.759735931877427,-0.183119189287553,0.404359406213449,0.391835387010231,-0.0464808000761377,-0.0997002765047878,1.4998782923126,-1.27325525415378,0.945274695692651,-0.100214453279557,-0.784452885669951,-0.697791274710282,0.370847935577775,0.188171461217511,-0.642312178775399,-0.134698011906996,-0.288417562493645,-0.556537095886534,-0.0258545045290599,0.276975334902213,0.377131186734612,-0.159215216493477,-1.2496275314718,0.248462037031871,-0.224720135028477,0.25714826267072
"113079",-0.909770985778285,0.534398175841044,1.77111456214427,-1.58835233069379,0.886297284779676,-3.55302702068452,0.438880840502525,0.858023048349456,0.404916533941942,0.095865289044122,-0.43988759140959,0.570875224627438,0.28179880344604,0.421352284965644,-0.918568074158583,-1.71883701842844,-0.928645048336108,2.68649398761825,1.20161622928506,-3.24442403870394,-0.391776565382674,0.750455222606836,-0.289835858241553,-0.84540646567451,0.238724341972318,-0.414990167252305,0.32644614168833,0.275357853865386
"113080",-0.559207197725569,-0.707251129605379,-1.19288111396044,-0.575457843656302,1.86264915083005,-0.927885058759476,0.555183307256287,0.41644667568102,0.427027922784744,-0.460380847507531,0.76068934257442,1.39355583155277,0.793329496526702,-0.729156402640761,-0.466925609867817,-0.2740661827706,0.816016885845035,-1.04942849148091,-2.10504616087998,0.18513203064629,-0.591557432967902,-0.473716146349535,-1.40932496772526,-0.629441103071584,1.21245007552833,-0.597255687333924,0.168605459081724,-0.720255833523472
"113081",2.71458872747118,0.928026777576614,1.4369743877089,-0.305129275901943,-0.0258740417664408,0.391023462233931,-0.135900954752708,-0.823559545550333,-1.32223130725818,1.92006634458066,1.39349830041123,0.178267263973409,0.00822301478554356,1.2562119999485,0.762094471707903,-1.10544612619923,-0.768344448339172,-0.429515724150075,0.0170761999166668,0.966529658646564,-0.17469729015397,-0.538015522872994,0.331627730761512,0.872367362103886,0.348645031388366,-0.574448030194978,-0.0908378922474626,1.20632539798871
"113082",-0.606400631002681,0.0673400400339304,1.4925091908575,0.223755942922192,0.998809961996551,-1.69100870207056,1.14340868208801,1.06618154470718,-1.6596612443915,0.212798891138425,-0.138080962023172,0.530038981569607,0.8543038106654,1.00355764538084,-0.215691298295475,-0.251357906466075,0.20697865315649,0.983502855773703,-1.02974740523753,-1.4425735947365,-0.0539185788587321,1.4822581799719,0.297461220992087,0.423737114374811,0.0727163556097045,-0.356823871073521,-0.897803905933946,-0.561331907234448
"113083",-2.0643953499621,-1.11049829897229,2.38988877964332,-1.10387058525322,-0.183497959499855,0.180116051420362,-0.341565691642953,-0.566549712074718,1.62932475373818,-0.0969301338828847,-0.163790267707622,-0.650057673794016,0.959717958020683,-0.120837406746359,-0.909176791990644,1.57271257080712,-0.421445982676033,0.162626049369637,-0.693977618942971,0.365057080105342,-0.323592487953428,0.520159599749347,-0.299106765995849,0.91707116603374,-0.281803886317635,-0.971996638123451,0.166047436587314,0.622882820779093
"113084",0.158705979288254,-0.946094342850272,-0.45100655637372,-0.509132551327543,0.0852633038374195,-0.901174316896997,0.373789362356673,0.812910543480813,-0.198487937695517,-1.55824652614753,-0.15534235024478,-0.595166553856625,-0.0379528248018256,-0.604167987860944,-0.0783165850432465,-0.483757928500053,0.668596314270755,0.595077540041339,0.753256949384195,1.21017654777234,0.764270961484667,-1.3540326433566,-0.559372992589847,1.21609266727204,0.143063035107291,-0.980542449499204,0.785177546222643,1.51605370846922
"113085",-1.79093097881802,-0.593469668737083,0.0600882370593852,0.323515108231893,1.53365530168513,-0.624195184156826,-0.366467694369499,-0.929882573064917,-0.956315947525336,-1.17248625644058,-1.04552726326052,-1.11891112544363,0.0684316297957065,0.321563128159917,1.34476554620768,-0.864452073535651,-0.348485312563369,-2.21934226765274,0.512361258095076,1.00723204639654,-0.129909105002109,-0.563420494469152,1.7350380840486,0.448928786444159,-1.22329884389231,0.359361132390049,0.271707933795017,1.13711351997783
"113086",5.76070666145816,0.347976920662565,-2.54780039679279,-0.574382784572709,0.810903497449942,1.86933270986454,-0.144582346308419,0.559244969246318,0.619059813380205,-1.16573318991655,-2.15682770997471,-0.92924369007764,1.47716788546554,0.11232873880198,0.755702917729303,1.62061968994309,0.159897982555329,-0.406137385224677,-0.276016288923408,0.1697780466153,3.47526518480372,0.952626714979342,1.00083641334915,-0.785858186457824,3.06208028564455,-0.720856945202625,1.56493085242634,-0.199047977399261
"113087",-2.1189855709247,1.52855573634604,0.513121659247662,0.463773160501778,-0.0677773363284968,-0.940849693542104,0.344711431708748,2.1429268666086,-0.747246072781299,-0.0229113964088757,0.398142428900917,0.0681504111566034,0.768450788605731,0.287549404562668,-0.85273959885823,-0.351910399218724,-1.26236137334761,-0.179992626276934,-0.483432217607058,-0.284164909548641,0.668832179780867,0.0837347425259519,1.05992551246241,0.425591734628519,-0.24568972099261,-0.0724721075323843,0.343685077507222,-0.462944818941467
"113088",5.86363528938526,-0.430854654737093,-0.234954327539094,1.80590248939757,1.65166044673408,0.669083789525092,2.27088235801411,2.00890685159838,-2.12362185908307,-0.492237894778725,-1.87707977013264,-1.48115717233645,1.63239974396281,0.736716925303177,-0.773067097735141,-1.16682243761986,-1.79432352676791,-0.455254182180818,-0.360307997661343,0.694496043665004,1.43355826670382,1.88579309417183,0.729554281525763,0.785885603680605,0.302262303698476,1.20919725721313,1.5297462963571,2.48944375609717
"113089",3.05898262927026,1.40043407020016,1.17542982498404,0.612047265474268,0.095786424322667,-0.586379785481749,-0.679746866965456,-0.384812901317657,1.24569195617365,-0.626534255462513,0.368146864544659,0.35159829045973,-0.282145472161919,0.657888038866981,0.935641406943009,0.292668041270051,0.773035282161642,0.96013364891446,1.51346380757231,0.957702781614376,0.930211827794887,-0.51242553171539,-0.0995074011359372,0.66042624332144,0.404010374542934,-0.867726813272331,-0.210881585404989,0.030702999685776
"113090",-0.844154840828668,-0.726252980047194,1.06670062413164,-1.80080955950456,-0.724422844203013,-0.404161933950935,0.332286575084225,0.678766339199341,1.52013801527879,1.75687520248283,0.114956467691048,-0.788095596017416,-0.239227757515704,-0.840734230800933,-1.28625277096714,0.820134347071215,-0.0951374988590224,-0.871083350568238,0.256001464533942,0.0374659533784377,0.434179800792559,1.39619526306305,0.903038737119161,-1.11010727172998,-1.03098358204581,1.6590194197884,-0.223985599456332,0.401706974994812
"113091",-3.06958007055939,1.94617731393875,0.351136408871101,0.641438736630101,0.358401659638148,-0.359400292315937,0.417816998890794,2.25268590743293,-0.970764997540116,0.000801455373668408,0.644189873279675,-0.318222013627597,0.891095192617804,0.45163535114876,-0.133431974397977,0.389307295800536,-0.567610130665506,0.953712859837051,0.651764112003929,0.293775405102577,0.866648963124626,-0.377852290509256,1.27915875988826,0.807854984930182,0.0795458272172037,-0.334556299649821,0.180760281798563,-0.716987780749107
"113092",0.702137835628241,-1.34228664030242,-0.574601317163529,-1.31515073786354,0.306412679789098,1.45915346418173,-1.02998513200986,-0.475907037013812,-1.06806954474524,0.88395210129342,0.594593894224762,-0.0440187209563997,-0.136811086640742,0.0732847158355473,-0.407594688508665,0.907772252358586,-0.363505193447887,0.631581547889861,0.493405198666871,0.0143729034437589,0.235772872186183,-1.20083490936892,0.246257543612687,-1.843374924434,-0.54019165670501,0.745904022512943,0.454185751125716,-1.39581336114256
"113093",-2.28787963012821,2.01530596752774,0.400894176534397,0.676348841978107,0.196964686651423,-0.886874075520921,-0.183120725399587,1.98703187722402,-1.19453043380629,-0.181870427401569,0.309408531855937,-0.299047129476967,0.842810112912711,0.400592014835627,-0.211689586549254,0.64155179608176,-0.551662236577624,0.171226264568778,-0.336442794136936,-0.408814928801773,0.166258567683003,-1.12672951851196,0.60331091397591,0.197506046514703,-0.269654163930665,-0.113051787069852,0.679203320732089,-0.890715205240645
"113094",-1.00943739700951,0.219664888938869,0.976469552040146,0.184573065331049,-1.61897614137977,-0.0564099631567108,0.498186456951076,-1.21290321173111,-1.77641959257551,0.563513975372451,-0.213367013196903,3.00721639021123,0.221697032587135,-2.57595581874801,1.80766070576523,0.00240494204509452,-1.4098341556396,-0.22066595978269,1.72236336446598,0.367245512653216,-0.430265558656409,0.690111181670022,-0.872331892438719,-0.653166127732532,0.380796181829049,-0.535890263758436,-0.19642313477404,-1.00267652104813
"113095",-0.682906577864637,-0.432340710159886,0.589167361505588,-0.643084515013105,0.572948152761335,1.00518099050896,1.14529422082154,0.525795880513913,-0.534053165441525,-1.04862606124297,-0.255451019383521,-0.684029374331287,0.755932806433984,0.160448982027497,-0.394254653984404,-0.58364309696407,-1.97206603460466,-0.165164261171938,0.00946468904203424,-0.609375568944632,-0.264139513132802,-0.442773143105538,-0.595630807034709,1.02819063432243,-0.558236102742624,-0.922481010478192,-0.948021021212398,0.870998951906504
"113096",1.28175081449112,0.0111452618781802,0.925858568331432,-1.37969295578884,-0.579204815895714,1.42268844973843,0.244983453701206,0.383568703578439,1.3052332382912,0.536310285426585,0.695662845682021,-0.517133834277852,0.671791502549429,1.06310965259757,1.50968639996771,-0.281794097832596,1.15786954020245,0.0977904354183265,-0.150715297846102,1.1508280490377,-0.784598630476216,-0.763540351451493,0.0681985562810408,0.224362212016445,0.303907319751609,-0.406396096133061,-0.0867734937843816,-0.509970226108497
"113097",-0.763560654026613,0.0303557986290675,0.928816621137183,0.103484122432574,-1.51634581852911,0.0534242447802131,0.675498271031287,-1.253527175863,-1.70769442345043,0.46102661607577,-0.317681424691897,2.82569216260293,-0.000108546402575474,-2.95665433220247,1.29181871181586,-0.60153086962671,-1.93878601935694,-0.0302726989359347,2.05726498627182,0.26862245828236,-0.335776696274007,1.00261427485549,-0.794233038139454,-0.725988045767582,0.167184948469955,-0.786485539506051,-0.544465347733606,-0.921729971022509
"113098",-0.719199844965837,-0.192545930268691,-0.819903172660771,-0.277836412488556,-0.472496838584453,-0.975914665698214,0.510600648647181,1.01348899964194,-0.530766270051347,-1.31089016061384,-1.07731160597561,-1.00331296126958,-0.961240118087662,-1.22892726108505,0.237403236320347,-0.103435597958936,0.207662959093006,-0.291474989837511,-0.497883081344374,-0.870089328066212,0.381843930647636,0.0215804710775443,-0.855701198614657,0.805159815636852,1.72338108622219,0.429806193013762,-0.292134494657508,0.876370453363441
"113099",-1.00062964269885,-1.18759802206896,0.100858934302804,0.241939032322922,0.123417698082274,1.04573755536657,-0.988753495030986,-1.00042645344764,0.650212894225295,-0.34312834718869,0.0484870425334011,-0.416220074955612,-0.355553799086974,0.628750856297266,1.57825285143926,-0.876078433565449,0.317740283878765,-0.392564324621875,-1.19481057079165,-0.676141753051249,-0.0108100527304489,-0.185367491506408,-0.21658290546216,0.576951717220648,0.453941935695779,0.556449727464013,-0.053593103180412,-1.03951603550895
"113100",-0.545280420474742,-1.2597544326843,1.73545053063635,-0.633021049062736,-0.161752314101222,1.18917214650317,-0.0345045320552999,-0.356908669346807,0.00779777540256764,-0.0284491819940647,-0.0247314920910006,-1.16469937908005,0.993346682498667,-0.746426854895984,-0.642863836193387,1.97476477472211,-0.456622736881269,0.301478867869885,-0.29039965335026,0.240212597369216,-0.512077442636278,0.783417894924029,-1.37434518144351,0.105326892330334,-0.22510632905268,0.384258298227443,-0.685942599280141,1.00384507697062
"113101",0.162251354288299,0.52966310902422,-2.15854925331399,-0.0686245980514601,-0.787035681484297,1.02321350915212,1.39169201294567,2.82247784289556,1.24941589289749,-0.672076384742951,-2.41960091577075,-1.81010528734567,0.540254287111058,-2.63950373296267,1.42282973890053,0.429040155789098,-1.20989253957738,0.610644094999982,1.6102526470924,-1.56015389713603,1.22723730864509,-0.0961597995895732,-0.487053983339548,-0.539255754479766,0.0375913762843498,-1.13481047074904,2.04433764103258,1.87018142811445
"113102",-0.796534568786184,-1.23282446181455,1.13850933541133,-0.173614876272259,-0.163247683503035,0.69642935342012,-0.467700213941291,-0.718335060558376,0.23237156473258,0.0136883655669467,-0.292197104151434,-0.32413650160688,1.00987435849984,-0.260726191531648,-0.313624953330111,1.26816242708193,-0.633931705764777,0.449523854472311,0.0863661821993565,-0.170848273212205,1.01596781329485,1.07354682332273,-1.76103947161982,0.776614656396878,1.14382331140023,0.100971391306026,-1.08279584726109,0.746868066042201
"113103",-0.791191894706244,-0.41969375954001,-0.262781310610397,-1.23370438020334,-0.512261756658582,0.732704912545398,0.112743623812487,0.687873098412586,-1.4854588322508,1.11226602102096,0.448180757961321,-0.189108821793186,-0.845728972066317,-0.23041064906906,-0.684250277328848,-0.91379486756376,-0.0603267668060344,-0.0156902602935265,0.0331888052913176,1.04557657383101,0.518251763200359,-0.650393190520644,0.471254501527184,0.318724658540104,-0.661263258134478,-1.09072459243882,0.190835108322488,0.306506274181994
"113104",-1.12936109723487,1.26026991901652,-1.86513975899724,0.492685714341856,-0.863378491149228,-0.792360618193348,0.208824415840014,-1.06379136575046,-0.447251822420078,-0.138611405555221,0.11659682912073,-0.758262173062552,-0.00827095030089937,0.663037133412172,0.618185708185537,0.582324970172587,-0.305286685441773,0.0832418752809637,-0.605666822315813,-0.4097761799091,-2.11434791108784,-0.861539021243001,-1.71639680332165,-0.811626157494134,-0.115688617544176,1.29406303260956,0.421464084767557,1.48703733272279
"113105",-0.0191009234206352,-0.716020101832873,-0.0327372006015528,1.59165828193089,-0.104565770978282,-0.12521443644656,-3.22360797787627,-0.699529285784918,1.84147549134765,-0.764209599036088,1.35018916665163,-0.606528930185726,0.80105268482531,-0.979209436941006,0.48353662499029,-1.49281477492166,-1.15678240678878,-0.641120348799978,-0.178223916451264,-1.37515477665246,0.315124304146868,-0.074267322307687,0.302817348631098,-0.568327427274163,-0.997640602438554,0.375149457866913,-0.441592708383927,-1.57074438048603
"113106",-0.0840569283377544,-1.55940557738351,-0.224450670128791,-1.98487089888483,-0.33787609244411,0.0770621009202987,1.54802897673362,1.3863304521503,0.425788981874316,1.09716000760288,-0.711482395238891,-1.26464905569392,-1.33663365527817,-1.05725029805588,-0.918278651879333,-0.553807573662561,-0.100079566565575,0.00412122300906687,-0.672713139425741,-0.0320495761206621,0.367649001828614,1.89368020438256,0.914629406960035,-0.309835453907668,0.0558635121984294,-0.37091934437459,-0.894865785625363,-0.122358733873323
"113107",0.278020948425889,0.53766303160242,-0.369121462005721,-1.70727715578444,-0.335798946092333,0.225208769587278,0.160784454462288,-0.257292981361847,-0.676156729807494,-2.03184373920072,-0.221630089214836,0.635504908052472,-0.422748619456676,-1.0973415861571,-1.95725774467822,0.170254419895949,0.463119915759381,-0.117981809902163,-0.618082598071461,1.00085583361704,0.137052660533524,0.858157888676643,0.824214319623685,-1.08346227563974,-0.668310409526256,0.0623389476003203,0.888997681753428,-0.136833376435329
"113108",-1.1507558595676,-1.25231220114536,0.390374342006917,0.115334255502806,1.80100409867613,-0.110776297188405,-0.10871294114582,-1.15799124462735,-1.12962586785547,0.2511584497807,-1.4127774890825,-0.879487138139745,0.0256091939983427,0.965846288176426,1.60221183294217,-0.35331371325935,0.0228077061338685,-2.23403721264915,0.235054962930499,1.05809902022231,0.337686490475844,-0.321166695055787,2.07662178632565,-0.0655317885029424,-1.19272704923574,-1.43352952387794,-0.0706308488629861,1.12303544307472
"113109",-1.50892926981262,0.388201877944882,1.17802089486996,-1.01688724491293,-0.498459598104459,0.75240637389695,0.382725248660317,-0.407611990904347,-2.50402405948981,-1.13219118023141,-0.113488935134649,1.00289328249348,0.315250314261957,-1.9821767726323,1.76795860405147,1.18090125006003,-0.0278666516144139,-2.40415106295874,0.371315012368402,-0.371542888652526,-1.71510233673749,-0.972100777499766,0.166252270236657,-1.32067664661229,-0.302564970117323,0.360378939918007,-1.86566574223796,-1.65694244745756
"113110",-1.06128069986418,0.601481591003776,0.0948118223792199,-1.63082091410955,0.405540387974314,-0.646780795176091,0.413051995705203,-0.238341583258897,-0.474731679726119,-2.04407277627298,-0.554031681198622,-0.142582507385101,0.00964236778363163,-1.18790487498937,-0.60491683101087,0.277779062118265,1.04817717062005,0.0711462229462941,-0.97817581283404,-0.0814162463810844,-0.0398172237692007,1.02355605297652,0.521207125004278,-0.408672467601677,0.987251825470236,-0.433147529572421,0.706759642027907,0.738248904848396
"113111",-1.18120819576416,-0.843791063982882,1.20945588442371,-1.6549655222739,-0.212295266403014,0.135566609315716,0.666872970724583,0.807849264290265,1.33182391247772,1.09783854648626,-0.146703958864797,-0.920538260838667,-0.222471402024554,-1.34590393836705,-1.15781292612014,0.723202182463078,-0.364269188150419,-0.853435092819677,0.411206488709151,-0.627539138089666,0.508189742701743,0.863767960980707,0.320761239973094,-1.26887230670122,-0.595832569013964,0.886706779194055,-0.405405839927577,1.21589939039955
"113112",-0.517857932605085,-1.38565988740221,0.543500631692208,0.472415812299145,0.307303433006187,0.759227856297143,-0.960208328579915,-2.11736738576917,-0.073672771207338,-0.328933685653149,0.479891076334415,0.211535066135033,-0.761205258366273,0.912384864865996,1.43580164840802,-0.427323005332228,0.451885734300089,0.597675696341679,-0.0790204608625629,0.0733722748275055,0.354025915851312,0.0173687193509518,-0.275643794722913,0.522134393749698,0.110104418942962,0.00938578476389262,-0.896655541131083,-0.808945384917945
"113113",-2.35466853313678,1.6334791845922,0.535542598616405,0.81118337273354,0.356226694708004,-0.701241845032041,-0.380701879788934,1.88041237296541,-0.877681989988762,0.037288777001615,0.764100148047531,0.0867208128734862,1.23894563543784,0.252441536953857,-0.543148266800386,-0.0923142717286597,-1.42390111609932,-0.265147881903181,-0.439188384256331,-0.736151365792892,0.591381075577673,-0.820024869834869,0.755268177787779,-0.0220889150994893,-0.175678144846762,-0.278583364246617,0.391232791352598,-0.789913741335899
"113114",-1.40329679681117,-0.365045445149818,-0.0807425781437321,-1.11645844965989,-0.198962890573907,1.23140172369445,0.112691748242815,0.301065870838393,-2.01547988677299,0.740437415689946,0.724664717124735,-0.109256664191926,-0.567708207073067,-0.099911986870621,-0.0707812387606004,-0.914282690157087,0.229435301012496,0.507375458420774,0.613936253653151,1.20882294126619,0.698689073776959,-0.827403860332971,0.256078172896349,0.616541901672803,-0.237346624513639,-1.21248119696856,0.0320067378292946,0.880686800472351
"113115",-0.87734924784668,-0.197949762767141,0.319930162256356,-1.16841248144318,0.127136715816288,1.14652519406637,-0.416091025314298,0.440023009144968,-2.29481086173026,-0.302599389156239,1.04232446603544,0.244491876074475,-0.0648066132057666,-0.53132774557664,-0.0827355216021739,-1.66404825133562,0.888774708587849,0.848089037534377,0.154122248300531,-0.0859813252585699,-0.0332399825031853,0.048059592103158,0.0410592992955433,0.648624089653411,-1.23811520509286,-0.3606333933922,-0.143536460528304,0.402127296303845
"113116",3.15836105418705,1.01318341029551,0.0522392535864165,0.505811432004651,-0.458506218266706,0.867399712855703,0.125347769644525,-0.278885403669956,0.40633870403712,0.000907069531651816,-0.788913729934005,-0.276608871372639,0.782310851020146,0.399353430971612,-0.347695895858872,-0.145396999240547,1.0482859278296,-0.0118917233028872,-0.245578678907512,1.38492253666508,-0.0974736714371502,0.828582333329672,0.473395490167204,-0.758110465956549,1.57029250947857,-0.850414242445868,-0.360038826833464,-1.27766630810847
"113117",3.06135189982211,-0.73712795972995,0.568221471467955,-0.49636558688963,1.92516121714764,-1.25175219933397,-0.813223236568112,0.355164588384296,-0.421754476717807,1.0935890714625,0.627379320028859,0.622775258741567,1.64569462958497,0.30413493276061,-0.36602820016607,1.29652860807231,0.0592222554777905,2.40475112002685,1.44083474024772,-0.286632397320825,2.53474900574248,0.214114962042967,-2.23450929674553,-1.03969713958765,0.57314486015454,1.66749869120369,1.27610632102077,0.42242480940813
"113118",-1.11352256002376,-0.315728939655971,1.18033543627317,0.176094938168302,1.08640835874579,0.356888068051158,-0.254235167495729,-0.466774310649067,-1.6273915768605,-0.531465589427811,-0.524309089459992,-0.080888016481114,1.6039771692869,0.0865358917374739,-0.532387079900685,-0.669028098274386,-0.958957986332716,-1.18206881671448,3.34410371221879,2.29884339332865,-1.04170813745695,-1.44695506507684,0.300092839446931,-2.80057901831206,0.479197760336501,5.04487937297369,1.14069880638463,-0.424321640713526
"113119",3.46359224307063,2.82570283757989,1.20715622678069,0.479187588410126,0.384252302989064,-0.322476137523547,0.17367790262545,-0.217069284421431,0.763869670386026,-0.931857054070644,-0.202007019589353,0.612685196486891,-0.0879680873692502,-0.176841389680132,-0.611128446805272,-0.350044190087217,0.606049187051936,0.205884375564012,0.29148724256047,0.481290469087865,-0.229924099045638,0.627939065229754,0.131234076959038,-0.462352314971871,0.698345810353483,-1.02674679854028,-0.0619014974575229,-0.129695046887597
"113120",0.916676552840065,-1.60398228597523,-1.81217084253733,0.468976506972675,1.31739987839189,2.14473597046109,-0.00193448283909383,-0.292876490080559,-0.21114029298641,1.29433090029402,0.768770273780736,0.755678418272303,0.83263398317005,-0.784085500034944,-0.872375474722395,-0.383346761020333,-1.04435373339548,0.203663325863248,-0.364931498443286,-2.67824487809001,-0.313860590635581,0.862033894428871,2.22981985989594,1.30546869392288,1.92014399460274,0.440758777003848,0.000429946004871017,0.13736258797928
"113121",1.37547180358608,-0.476800789285076,1.08364055586689,0.76705995882955,0.895709985193143,-0.699627511215033,1.09805063967073,1.1497124740443,-1.14565600580551,0.839056462791205,-0.531840333568341,-0.53032911993029,0.923691796596486,0.611470250172942,-0.796999013960303,-1.31307990630112,-0.269363746241812,0.979587704737749,0.0812750162587071,-0.0115677261618259,0.301515965054573,1.192969210206,-0.264483891455947,-0.645385204239283,-0.413262187606073,-0.392084581775804,-0.8242398701222,-0.29083520731009
"113122",-1.0955761198955,0.209071827579589,-0.350095956796295,-1.32773085844895,-0.214199624686789,2.98975728862452,-3.33186878102077,0.173997717223387,1.27936074595314,-1.09965565140704,0.725000847236305,-2.38166182487844,2.30240565939333,0.0471691812340892,4.17459647765678,-4.93781930025211,3.07256408693348,0.958091994917162,-0.229216036586832,-1.39435428367049,-1.19628804139518,0.773427659904598,-1.11457599220864,0.714250281095765,-0.929020715811801,2.68611780264445,1.34013894688919,-0.919282515584365
"113123",0.702405344605943,0.0346138459457943,-0.628569299518801,-0.015218349732542,0.084403920327681,-0.159856506020746,0.562462635738485,-2.32256920267982,0.553988321720546,-0.19608100382495,-2.49606543602468,0.915119410467388,0.837670865302532,0.0638201637158705,-1.06124039873605,0.0580648225153077,1.01988315262212,0.140722595608078,0.670387525836264,-1.21375997753803,1.41182832287152,-1.57197308592478,0.159486027795753,1.63924162294471,-0.900756776203586,3.11774338231007,-1.38636807613498,-2.78765201137121
"113124",-1.38547172330107,1.36140586048862,0.219278666422994,-0.0080426502124856,-0.0810629433064552,-0.841511723442233,0.576030352246258,2.36439510283007,-0.633991399404892,-0.131733593956984,0.52938066947415,0.344784948268659,0.698393270724312,0.040009778512827,-1.04414610338537,-0.716446352447945,-1.63899856789646,-0.516843537835136,-0.667244521771903,-0.691487717505812,0.438435182736866,-0.410396646812922,0.269840846841104,0.0613609115649811,-0.733866360021669,-0.436552867528732,-0.0742631342095278,-0.476197732936058
"113125",-0.962051989204004,-0.530125922601327,0.726340968219893,-0.941680328075979,0.546748034034936,0.705859949889704,1.08079893224871,-0.208340211795151,-0.826844738661689,-0.769508875561187,0.052526520238737,0.0112773954348399,0.637418487925105,0.994095033862756,-0.142630719340404,-0.258114052478261,-1.76968429082334,-0.0388327754091456,-0.133176823613545,-0.254869220139283,-0.108150815324221,-0.356854571615166,-0.524728534460899,1.29260646686144,-0.225662715762192,-0.112420735835842,-0.738016140860038,0.59711822728489
"113126",-0.736748594456391,-0.360710758719564,0.484049215553811,0.294641011060553,0.00468934491359226,0.521375856561327,-0.133059963520301,0.0190108300633662,0.4123670235546,1.00623228071206,0.0469016555665419,-0.599866287241503,-1.25756842475087,-0.0847265862548756,1.15877871488908,-0.259821392390347,-0.192429444033433,-0.110819124962229,-0.735608768700493,-1.41792519730726,0.142221908808989,1.37910750528807,0.692242129073967,0.263945003982955,0.439011952293316,-0.0364241667624379,-0.85240768846898,-0.27219526854957
"113127",1.90793650854328,2.15488764937299,0.657628358539939,-0.54313797036691,-0.896901057587632,-1.11143362464943,-0.219513728124332,-0.399050594699471,1.02153113547865,-0.825408889486181,0.334302923576754,1.00452855891529,0.287127791429832,-0.317171953607429,-0.587060221556026,-0.780149089715753,0.223403125886302,-0.070443191152796,0.00229001285837868,-0.0183463876790978,-0.36289599467516,0.677452528772368,-0.0166980553904871,-0.51219345492051,0.941468465559206,-1.69671188103772,-1.00642325011871,-0.362268879213182
"113128",1.26812574885597,0.764683894199039,1.92396292720135,-0.384204454580054,0.627475922100122,0.14470190440236,-0.00594839792354237,-0.433225579168277,1.36620254681602,-0.721357159988895,0.403146414106936,-0.291351093742456,-0.687426394984855,-0.0192716382468554,-0.158694621457342,-0.180296425681297,-0.678173150739243,0.0873523099938793,0.113880383026369,-0.182596750510299,-0.924632810957547,-1.41920900568157,-0.0564206513703985,-0.227727627532881,0.211155506419913,-0.0556699565670556,0.274509954936761,-0.239332386062266
"113129",2.89266044313712,0.467724062599853,1.35259799885104,-0.151665131933312,0.24561159646928,1.17986649720856,0.256966883968091,0.104825568608547,0.150467824045653,1.33862204791468,-0.202521666534451,-1.49321945206229,-0.609624986637935,0.0186429321048239,-0.0261005984262091,0.0749458216927616,-0.683826801314233,-0.292054385326818,-0.393795011083641,-0.0707765754795475,-0.870650957009237,0.260486703907959,0.895251104686339,-0.761003498052638,0.370928743632103,0.407022894228025,0.0234925938299399,-0.280793256176516
"113130",2.25698215854911,1.39981467953794,0.777667423714613,-0.560017781175241,0.1782804370383,0.590396559601515,-0.23100088311767,-1.65385262485139,-0.211222052540496,-0.156104564548082,-0.333548181379511,0.505214931210824,0.336977070341863,0.651071935844731,0.0276921846034586,-0.927672178606452,0.734673015672528,0.686860785825066,0.181001812083164,0.392749224313378,-0.0922774083900455,0.618809702962717,0.0152774360685451,-0.625636875273243,1.64173385639778,-1.42472585250522,-0.61266401373952,-0.661175464455046
"113131",-2.69688185533452,0.652213735126877,0.932135902474294,-3.53568541706741,0.189891860070813,-0.610583938279169,0.621813771277404,-0.670213914932869,1.47875100185374,-1.25983776264666,-0.511988964273626,0.856581885532393,1.56647189661319,1.14431199151857,-0.398305984895188,0.839343519446829,-0.520357758855402,1.45680742418572,0.0259485655048223,-1.61393681144724,-0.544119357618725,1.8268534372479,1.86115119686675,-0.060490616646392,0.489395754342296,-1.55546004461631,0.205712524639523,-0.463126105342958
"113132",2.20919993291816,2.78611363248323,0.18596541952906,-0.966029655240829,-0.541183663033317,0.909493456276672,-1.33640905441531,0.611589167894827,1.62640070700339,-1.38044822137663,-0.0311138208849312,-1.05667996642819,1.35187484481985,-1.09769429872499,0.0880371130036128,-3.9833797268162,1.37475868833844,0.0481622809457022,-0.259094979980129,-0.178446542083705,-0.762065194052531,1.8742873363754,-0.263888494459022,-0.445776251895736,0.136604939234415,1.0148993052429,0.288361780571657,-1.15147504081734
"113133",2.11954695867301,-0.152390701539113,0.50030695146387,-1.32887500350402,0.0388288008068532,1.42513076087247,0.602053457589256,-0.465465524868802,-0.393885550281517,0.945743819101153,0.0882105674938557,-0.855148448762263,-0.567601281758604,0.641109148322246,0.597127401949054,0.232838694914624,-0.762308346050889,-0.227035729551996,-0.560242832265255,-0.0990906855079134,-0.695507900120719,-0.437450888030163,0.0317181235738189,-0.388162232792122,1.18658090989222,1.13069287708476,-0.218691737767298,-0.429104680097484
"113134",3.60855895099557,2.13755210447301,1.19535830035663,1.5199753300383,-0.315238987672773,0.467326625188281,1.00270517518634,1.80051117038395,0.759201931868499,0.0968172115116328,0.421068558938741,-0.780790913029615,-0.866385170060977,-0.799998891641005,0.0590501754342323,-0.352163197985346,0.452372236518593,0.304879760350727,1.19759266700533,0.460322197339034,-2.01743424982634,-1.44688761395328,-1.728464617022,-0.303873241739331,-0.58506250942361,-0.454101916411698,-1.74858228563346,-0.326428361619247
"113135",4.22359916644804,-0.981861213277136,-1.80916618747811,1.91905809265761,0.190126665767716,1.00684748243237,-0.104378976681577,-0.210420297147721,0.0756754064782297,-0.91388754956554,0.767051276908169,0.743151619969435,0.288452232545502,-0.941314731784421,-1.69681332174313,0.0414382023277189,1.1243076362021,-0.0333295622063141,-0.314094870488376,0.797761056673409,-1.26551709820433,0.45648629145904,1.0816696991227,1.86971495831163,-1.24487982325082,1.7097035735298,0.0551645753130941,-0.652158998692058
"113136",5.9727145015226,0.816759044676545,-1.86511770041443,1.27742023020849,-0.306531015138717,1.21401915402547,0.743319848982923,3.48374560477063,1.33519572579076,-1.20848203401584,-1.15029914863241,-2.02518249028858,0.784358446034963,-1.2138329726037,1.39805798870625,2.31131535129924,0.449240303796572,0.284902535691117,1.78876649406094,0.261423401017458,1.75243852187901,-0.549848578677794,-0.412806445517997,-0.20307887407185,1.40620906517312,-0.474593973421596,0.103328214975735,1.09788264716579
"113137",-0.622253192552747,-1.3232672160867,0.517862553945711,-1.0703395057918,0.906152459872863,0.115682917127489,0.112735510612231,-0.962254508417977,-1.16859184756943,-0.192504900043848,-0.416773339815994,0.373086047403415,0.70454709039665,-0.170817815778929,-1.84751225145658,-1.85232585563566,-2.19002484976342,-1.06768560792515,3.45585913802364,2.36636203458418,-0.108500060947222,-0.301458637981632,0.404885223584626,-3.04937806964846,-0.0546342362316134,5.26706736841586,0.0319062799988161,-1.41801113829918
"113138",-0.422782152832182,-0.579386382338453,0.51907638534077,-0.51688957224134,0.463258110855614,-1.11269502374787,0.527792480245777,0.0963777595613559,-2.24022188995712,0.207848109344438,-0.34138446654847,-0.47954181013617,-1.23721014175434,-0.295544428058506,-0.619606009977092,-0.0288592754453398,0.611400118882908,0.259055870905787,-1.24155153160239,-0.569939088857464,-0.981229249028404,-0.255709044904223,0.0355255113439125,0.880256309114336,-0.0672513150740441,-0.0937339860260713,-0.0696811575354837,-0.118906054691698
"113139",-0.138830541036826,-0.143593660808207,-0.314926126373325,-0.904859824845232,-0.642150814437599,-1.07965062025239,-0.0607748057951904,-0.92841424255942,-0.563598179009553,-0.706673252378789,-0.424152904580613,0.373715520316717,-0.199696071985963,0.769281234311179,0.452373127605023,-0.030600084031408,-0.20802190636179,-0.755942199254587,0.873682051675115,-1.00326238956144,0.529433499057847,-0.194235066273748,0.0726255717548771,-0.796258440379512,-0.511688290009298,1.17717010171214,-1.46002612759073,-0.113299501874068
"113140",6.26952136189554,2.81839012170981,1.15351576050918,0.767698344555496,1.03207354197229,-0.346782370467079,-0.144963723373908,0.36747312323611,0.349510622337696,0.689943523926942,0.343706188854408,0.382462397906201,-0.938972738924244,0.990553427359395,1.12603664770172,1.41356615852003,0.689563069541654,0.872395232133452,1.44122181903684,0.388820523493147,0.292917531761989,-0.570344944552652,-0.368653813952758,0.0164790487847482,-0.250080931449762,0.886524820686124,0.654340944394754,0.0747271552701386
"113141",3.31298148575137,0.854093784863834,0.748253562476622,1.7567629161576,-0.568512211842509,0.0215831824955149,0.22300153375293,0.135873120865217,0.861506204038456,-1.01546883953738,-0.0169593310268514,-0.460072215731241,-0.703477142729964,-0.202774344259677,-0.385770763295933,-0.423426847753736,-0.215865928576247,-0.75453808099748,0.200725578351599,1.92460105445849,0.268256669641555,-0.446466397679028,-0.34291395515116,0.906859472725336,0.0445832495332191,-0.508595925721018,-1.14458359256144,-0.287242311281282
"113142",-1.58987858562822,-1.75435381725424,2.08414276837774,-1.30969928267752,-0.149579260490215,0.313459423111281,-0.48186767103505,-1.21913374492809,1.41984451812289,-0.1825673961669,0.0416266298299715,-0.461570421458798,0.971772907125886,-0.0834733542371802,-1.2884464304792,1.10028812519841,-0.895812946076435,0.5483720333761,-0.204787447135787,0.558413387220682,-0.0401909433937842,0.723271704294191,-0.470606113832275,0.692692338896786,-0.381226831654947,-0.530885143096864,-0.244660047095716,0.305356373475341
"113143",2.37049933702055,0.101634592544026,-0.667838620628523,-2.15467373186428,0.523853220862491,0.651529308527707,-0.477335506961632,-2.61823906841888,-0.357436345036066,-0.829035182678051,-1.03969594748437,0.450101334787847,0.0886719736914495,0.67401597051936,-0.419806843600292,-1.38167273564811,-0.764881633318244,0.938266446855318,0.102416194637431,-0.99301787252972,0.522675655238222,0.0943060745120418,-0.500020697424633,-1.05243770696645,2.69758689097666,-0.189947842149895,-0.0959892895927439,-1.30634242334082
"113144",5.29679812707877,-0.116698133644275,-4.43128510945726,-3.14587615235855,-0.4215560986831,0.359832476794706,0.988490076872002,1.80814944758128,-0.0237203552801533,-0.576314575457713,1.89720396753008,2.11354116009817,-0.117144510883312,-2.45342380366545,-0.509790907795379,-0.126464497734437,-1.2927601887241,-1.14193289501928,-0.727762685821035,-3.9912930641772,-1.64121044975991,-1.95154608905318,-1.93010258124519,0.894946427914642,-2.1178616705504,-2.35114598824508,-2.28516135376398,1.12597718577746
"113145",-1.95337280597439,1.52459325966263,0.348544477581372,0.465517856861943,-0.120560707624109,-1.06211595103163,-0.225109525499169,1.77068129630965,-1.1980562759576,-0.389195321492863,0.336632113096045,-0.052949306123388,0.916912000631427,0.0747681092261078,-0.755878386616899,-0.28880582088702,-1.48238042708951,-0.63351451282619,-0.953411508975892,-0.938493751163573,0.0850368346597255,-0.896235957236679,0.327701966800357,0.00476553879097045,-0.375278938329001,-0.207604943307993,0.393491356448207,-0.508173544060674
"113146",-2.17964725183624,-0.718916111237266,0.874290384377085,-1.3529836213141,0.735471831434687,0.799968199120567,0.884189400482421,0.840578359875599,-0.913171439530251,-0.200594087991983,0.608333410729543,-0.56438610010866,-0.123523253852444,-1.00059568209288,0.625236237891707,-0.556552255193966,0.938093955674492,1.00794457665864,-0.252142673357078,-1.15558202304497,-0.229777846598637,1.65249169496906,0.685820188631869,0.601463871780014,0.348556185716207,-0.491631641587789,-1.40460633988329,0.453910425899833
"113147",3.19102072841573,-0.457441402314483,-2.74282976126791,-0.911890913970354,0.0594681396168714,0.521082521210239,0.203839989158233,0.349437731456505,-0.395236247529474,0.0908330832093855,2.2333565627823,2.41614231831079,0.532949775392706,-0.95037157518531,-0.235943191281476,0.646069295717897,-0.172855323866057,-0.274227327062502,-0.390487275582539,-2.56303275020858,-1.71055385324103,-1.31816329152904,-0.69725543818121,1.07783003845489,-0.456587992117304,0.25624190321525,-1.12685519558277,0.267743646095531
"113148",-1.1655245297829,0.567942663462413,0.762717725002038,-0.0854029209545112,-0.419864554292445,-0.775151555921371,0.339267574701696,0.0904721103678058,-0.0435917482272416,-0.692854005944249,-0.494787791316094,0.0575384914176021,-0.093365080380002,0.112065101567779,0.587895722559903,-0.398489575042742,0.133660027709666,-1.10032810423577,0.716161321948433,-1.25652965630308,0.448066853833822,0.288174407006596,0.465970200027374,-0.580392354383884,-0.479237292311434,-0.157531949981087,-1.58666642977706,0.936490597796834
"113149",1.5086561043041,-0.450067239399,0.937343596647827,0.451150507813003,0.976219795297509,-1.37790899907566,-0.150514537021932,-0.187737453775502,-1.87678534069538,0.637994212995654,-0.748461809063059,-0.608677231623494,0.767890556707526,0.771983565988784,-0.776457617978819,-1.10464215939315,-0.646863511555931,0.833897938041994,-0.3898705017276,-0.77621380943601,0.158632459274002,0.669450050596609,-0.391344141346674,-0.984728994039386,-0.375692610689663,0.0752500663989516,-0.269536511344537,-0.690218297463977
"113150",-0.207427000692332,-2.13823191617225,0.751440971225769,2.28653946089711,-0.492757975849369,0.691595529313499,0.652895091351574,-1.02323984651818,-0.520005106416532,-0.935560349108175,1.35289752821013,0.238527222867814,-0.129956078427461,0.653071974977737,0.451743414260567,-0.866441276416337,1.04337156619766,1.1294091303586,-1.07098468756638,-0.936034570827646,0.18283203184722,0.213389414609243,0.474176053526316,-0.500176849580014,-0.542437901109819,-0.378368628111267,0.323276582678158,-0.9752664860058
"113151",-1.270145993309,-1.32697754405028,1.73110139253552,-1.43833326077901,0.140754967610789,0.957878183392728,-0.043694245677389,-0.773870443500673,0.32517133114349,0.472755033555534,0.17763925046954,-0.663109512313719,0.584315667718967,-0.355711945072053,-0.895603336994907,1.65166839558955,-1.03315728402911,0.377986495312604,-0.495763550071902,-0.26015321437763,-0.403450029426054,0.685586176896149,-1.26586407327009,0.08828801881823,0.0272561024051618,0.823853299250847,-0.604636695407985,0.232056174985777
"113152",4.53636020500558,0.952166340274435,0.71345961073853,-0.170892437837899,-0.513913284330499,-0.459624143651495,-1.38261519100305,-1.24468999041377,0.577072477229546,0.682098351119825,-0.627771840746266,-0.664623759559536,-0.42480704847651,1.53865612590213,0.756437858394515,-0.535604924904981,1.19702646013097,0.771047685120127,0.496015380302352,1.35115923184664,0.0831317473924771,0.239481414602297,0.596150447473448,0.540927751078892,-0.238014425304055,0.0723393843502256,0.632642160275794,-1.19030050987797
"113153",0.965078968109163,-0.944913869725152,-0.195111040028134,-0.1573718785111,0.649514588823657,-1.10732079545309,-0.639834965925394,-1.0278007415125,-3.10477721297196,-0.218343026779882,-0.794249387741618,-0.526103533998379,1.00719431256029,1.39995752642931,0.563290578097324,0.358725696054642,0.489478430207616,0.87763468880208,-0.859576706453642,-0.495252147375916,0.170912206523205,-0.825332438591412,-1.83110231346937,-1.00517685701868,0.37354640158358,1.15244199013295,-0.167513558796098,-1.31468734918519
"113154",5.08427341028231,-3.14047945562799,-3.77877518962673,-1.83443028922835,1.77106256772587,0.0464953152259405,0.593062515938531,1.22588996721456,0.729148768262045,0.423121480959677,-0.373415247886425,-0.33892390549487,-0.029187463709025,-0.340956734584743,0.0170709900353891,0.117749074630795,0.127293721116457,-0.432801517850845,-0.789675968212807,0.8150940849421,0.626665026740983,-1.96006844330943,-2.21097844012952,-0.549752148445754,-1.15580014835501,-1.22912825536797,-0.0169799049903462,-1.44676714481403
"113155",-1.09498587872328,-0.286759943004634,-0.946441824802271,-0.414723176164427,1.94464073613415,-0.788238498004246,0.38021010087109,0.494912040368352,0.250411563031171,-0.427963444625463,1.04902339461658,1.56347177230181,1.09648339229517,-0.402774838876814,0.30975726292528,0.270378429739813,1.59438016262017,-1.03828371869007,-2.22295576385849,0.234170618927803,-0.946909642204331,-1.15738112504819,-1.80155287116989,-0.581868141168557,1.34035508347401,-0.603811199266153,0.353218931763109,-0.719511549205314
"113156",-1.24396965661397,-0.101426113370636,0.758903203753821,0.219088924170392,-0.298549274464233,0.0144299832065368,-0.830501690023088,-0.681767484262805,-3.73615932424747,-1.00359047458623,-0.0521242941247195,-0.35664861276301,-0.419047696337448,-0.230281295054761,-0.0748236409682888,0.375417201387589,1.21797485971788,0.756902377525795,-0.272755845167467,0.0998476738700466,-0.895637069587641,-0.737460108637682,0.465774496630929,0.877997578163344,-0.277120777846906,-0.255889175295716,0.79713567873461,1.08934241934015
"113157",0.409895050478348,-1.52974449000127,-1.59101207712999,-0.170994581556953,1.05692137588059,1.9268351576456,0.347297777535673,-0.940000840592473,-0.542169031391666,1.74714480913528,1.42899565692467,1.63136920766719,0.390217470810532,0.14317959090377,-0.662127539217018,-0.41742636037847,-0.427410481540729,0.58908915566426,-0.36708950875293,-1.90276265183269,-0.885614000172867,0.65432771354449,1.71727539454138,1.63912572605535,1.67073874767387,1.29225747549455,-0.437037356222851,-0.620315019628646
"113158",0.179761643563014,-1.51932102652112,-0.958712797818931,-1.68177309202634,-0.224889112440884,-0.354693680737749,0.0184902356715119,-0.415246540190206,-2.04021372138661,0.695017075854155,0.0598136698991798,-0.687494940875272,-0.439152579561476,0.0408106537551046,0.231071101605551,-0.708428370952678,0.202487507116149,0.458768245265116,0.0024750281014449,0.617121403100225,0.641265807664141,-0.444346593312665,-0.484268215164072,0.543641764986323,0.507273966725636,-0.259471667263186,-0.192727921558343,0.580136305838097
"113159",-0.7435544146721,-0.914015446138916,-0.227236897728841,1.33313042495256,-0.089624618870716,-0.389467681770661,-0.418593311985006,-1.75317554817024,-0.819616216318278,0.515660771293673,-2.66703338810498,-0.803791259612957,0.040025075481146,-0.286123748826926,2.62282091029782,0.348205635125711,0.14018600043183,-0.16271282451334,0.738185106941947,1.16562432728616,-0.911462030826416,0.391617188663159,0.369480881026617,-0.272970534543334,-0.756788776713655,-1.10562082144018,1.95945965410296,1.02708447535223
"113160",-1.44020060302919,-0.348440624380864,-0.72317359164738,-0.070833614098461,-0.747122649143967,-0.225147590942581,1.02536516280583,1.01936014369107,1.31424813902579,-1.56238497218965,-0.952822124531579,-0.376802509769622,0.869488467075455,0.683027604600518,0.492844655029408,-0.180343885622549,-0.227724234741792,-1.34226282036685,0.859832122437839,0.0899368278983876,0.866250325008132,-0.756540130506689,1.25171922432623,0.667761928569654,0.252439858255297,-0.257948310267714,-0.6197636503929,0.451216215551991
"113161",5.0918418564079,1.27965799397418,-0.522811685005502,1.96197236034435,-1.95483467329491,-0.0850220276688617,0.460251342943787,1.37921871607716,0.0193579374905967,0.710791922249511,0.98714954522401,0.0434130977260734,-0.41646813616406,0.495217796886964,0.583931814564556,1.8041367209758,0.80193251539785,-2.36861336668039,-1.25415766024411,3.35217169527103,0.688378005036963,0.435209024319063,-0.373312180631792,0.821915990048682,-0.358673445911201,1.48378050118493,-1.67747622781911,-1.16469473190035
"113162",0.951014797847182,-0.513164726169079,-0.897119738937615,-0.84629564589364,-0.280870595600173,-1.43139340843936,0.208142983978915,0.47320891352509,-1.64578054537494,-0.785992287702186,-0.282813355979881,-0.799071331522713,-0.750210955593063,-0.855908647524892,-0.25189430215863,-0.0919357557341953,-0.34708983446228,-0.360429159778316,-0.317848537772792,0.277709054084375,0.801119581043809,-0.334744337212802,-0.299352729293374,1.00145051282416,0.417110244904686,0.364892764304819,0.715975558000099,1.8144007772318
"113163",-0.866208397523173,0.534882591084811,-0.453110129085962,-0.265093023869481,-0.562270444649614,-0.0272281465525525,0.0390330951565467,0.979320975329227,-0.292486632871798,-0.418772482285566,0.0129762089571685,0.209756705503535,-1.2419495434949,-0.513788376992328,-0.370375950151273,0.22134607100835,0.397695190439242,0.58257908697353,0.782231714813743,0.47706324588791,0.978307407577662,0.0520864915268571,0.241235665174552,0.444641723074142,0.340412491374738,0.584588157621822,-0.00593571516949269,-0.314711761477174
"113164",-1.11602911230905,-0.212445425548218,0.487962714776869,-0.237032920813412,-0.629318096717283,1.37036429106165,1.98789219836704,0.998369650728238,1.01970767341001,2.30968202689848,-0.587265474143728,1.21727908338893,0.142274468639169,-0.355554375661008,1.29478946762569,-1.08110382113954,-0.83220183108284,-0.56495191128053,-0.211592538268701,-0.472185169962524,0.865970431735494,0.938190048764074,-0.788407042889961,-0.704429152678105,-0.301291214260001,-1.22197949688982,0.542686673290689,0.911721518759928
"113165",1.10005139201286,0.0578135557542169,0.463269702438625,0.29879665537388,0.815610991795919,-1.68798582290272,0.588836146731874,0.982754940131556,-1.04871650197815,-0.312053249599419,0.263424239239033,0.420935392578735,0.940999866547338,0.65195642508352,-0.345500089776124,-0.366822382614842,-0.387935427890018,0.760085194842213,0.0155355431932822,-0.336599773740744,0.726085245375022,0.286685863733148,-1.09767907667469,-0.452446492071786,-0.251703361627894,1.00086302365732,-0.485117598493645,-0.462293793238539
"113166",0.436479416710096,-1.46274166119609,0.616261888873917,1.93954472431489,-0.926615903162008,0.700686633341654,1.09874534972739,-0.244912303029481,-0.686738035951929,0.668127579074527,0.616893460343951,-0.762938976776899,-0.944729518519891,0.321380871486327,0.82841212311193,-0.251259145140316,1.15608834561041,1.15521059091469,-0.613064823141081,-1.10281075818107,0.120420652261141,0.296542896160019,0.0731527815521442,-1.61457004811784,0.0245401901766361,-0.304838445956752,0.68427777241159,0.0349645635827802
"113167",-1.18699560339409,-0.813075311937757,2.01159519487689,0.961494329895507,0.482475333794409,0.0124339544341637,-1.80661327484893,-1.47945087114379,1.5201131481406,0.477772410049432,1.58220938501096,0.477137869325088,-0.855983585030766,-1.08210714878075,0.131657624855366,0.126261364721287,0.192075557303352,0.400855549793816,0.0366035945810519,0.215169580542689,1.36715021816462,0.746128311580034,-1.08719373258202,0.717023893323753,0.196194954266337,-0.00470413673977754,-0.396206591669562,0.566994246399944
"113168",4.40309453757848,1.23077791450882,0.0505288384705001,2.49111764180664,-1.44184630401398,0.50309061761976,0.522892316306428,0.848086827500244,-0.652408877293236,-0.283881482785851,0.527917976671413,-0.790420585871112,-0.646310447077789,-0.574037970932202,0.0598441091939656,0.45585773438092,-0.0313246298582081,-2.04905360064693,-0.729073899754381,2.68740226594668,0.361348707098522,0.533555111324677,-0.561148529761947,0.867544916797615,-0.162470479690496,0.677408595841405,-2.14709398962787,-0.0239661290396686
"113169",-0.50249207290781,0.0401448340450339,-0.240063246312009,1.19713804143114,0.796735807497385,0.648616404385631,0.717446234729725,-1.62624426422687,-1.13955917678802,0.119665229465255,2.81894017191701,-2.34259405195548,0.033195911033034,1.92424035648329,-2.53286749844156,1.31610464883259,2.08426958013531,-5.93844912060959,6.92755591185741,-4.66307381445232,-1.02082593324823,1.09562148197113,-3.97694128259629,0.688886639643418,-0.309946260211477,-2.94277542473876,3.09162130591135,-2.86627928567384
"113170",-0.331077309354948,-1.55412824525344,0.32502063990326,-1.58638033885345,0.693692237689183,0.297294315159743,-0.0988277592669605,-0.865636562234064,1.55510499703519,-1.20832681930018,1.24795641753287,0.594982458312797,-0.730345198866744,0.121063741657455,0.912204383438113,0.348448712539513,-0.408554074508017,1.53694612523334,1.0123322771715,-0.871104271610879,0.349481486453839,-0.00500807070639119,0.0897910995328977,-0.235337045840741,-0.599505980371937,0.876940558002747,-0.0957674518047666,-0.17485461069173
"113171",-0.281023199795682,-0.668388218287598,-0.338216202414243,-0.489721424882502,-0.511351534118491,-1.09222885395548,-0.301253240728306,-1.15946570290821,0.327396079578873,-1.67578656366813,-0.861121309479365,0.277487929169072,0.145403600184584,1.0564303538785,0.34090511921602,0.151856471350211,0.334065076452992,-0.535952250065929,1.11761913577938,0.0255356877405836,0.979616113480226,-0.890531486833073,0.346922991815968,-0.363292416759839,-0.65678917555828,0.261401695366408,-0.900435650124563,-0.443159735107459
"113172",0.497078198534157,-0.56153070987677,-0.559455466112337,-2.78222893541918,-1.01579998321367,-1.17916708785793,-0.444154712319472,0.341376331418819,1.14676046732103,0.25102641099248,1.72134908601354,1.00723038709237,-0.694502582932968,0.109115053694669,1.96330450385627,1.84450356821788,-0.0357531644524913,-0.0991026680076006,-0.666860841514449,-1.68142539199084,0.839299627832885,1.43617128594084,0.599733462387076,-0.273036894699453,-0.859533071188437,0.888915627135708,-0.27281803231791,0.436081584201826
"113173",-2.00069499235239,-0.0393776493231055,0.710549159862895,0.703328986801374,0.78211301812223,-1.90942754055505,-0.577147131275556,-1.67520380635955,-0.313891452368024,-0.964812112474625,-1.37844486846545,-0.27480059622105,-0.790270131734822,0.676520635335327,1.42286076981637,-0.121216967358665,0.367399216626279,-1.70335677101631,0.727837203582307,0.522727632622712,-0.531546996396295,0.44580939726334,1.71377740975464,0.164309897974759,-1.02940535040079,-0.0593381445680905,-1.08166234139959,0.163206202659023
"113174",-0.670342154814645,-0.172660508841455,0.026998785963001,-1.02356820407139,-0.42036360654429,0.830806714380119,0.369400335919651,1.11410813752589,-1.28204701331164,1.24745723103635,0.558873747104272,0.00768246203321945,-0.677133194929854,-0.00976523266768196,-0.306066597027878,-0.49930685397239,0.578487242236498,0.211868825070799,0.266105382312533,1.28547690129384,0.450488821732712,-0.723153869159362,0.41590424292813,0.34492889805295,-0.680855182670181,-1.23007721961052,0.339416602410597,0.532136465771526
"113175",6.47529384870105,2.5443366448103,0.919248331527945,3.26615221236598,1.31200598812405,1.16097678334578,1.419098847112,3.12842178426906,1.7258288066947,1.02275215768892,-0.818837910661734,-1.40453938567638,-1.49153445386252,-0.29915053524674,-0.642729629845281,1.94070712447493,0.700751348590969,-0.588853725471347,0.16767744445818,1.34054523576959,-1.05284219773084,-1.68533041511486,-0.769841297766285,-0.938344125621132,-0.681099032733777,1.56667351816315,0.406028445906037,-2.20593302938807
"113176",6.47428663545862,1.97479903096965,0.519327133338744,-1.59057080433366,0.407071860628209,-0.951344942787718,-1.69787050493704,-2.05634225640885,-2.38643585110927,1.56209489555565,0.745498975084332,0.167785939314031,-0.300541915838351,1.30753270500877,0.714139830129747,-1.15247655300962,-2.80220702666302,-2.01511254402346,-1.3368446142739,-0.85786284212862,0.496799339639685,-0.649123054694434,0.918792543290551,1.0850544284934,-0.579839985277892,-0.746833592873297,1.78795913902282,2.50648965861261
"113177",-1.18455448127183,0.199463253630668,0.719723114790061,0.481325430120323,-0.448058609102005,0.840133409259034,0.862293144115932,-0.152785483273373,-0.867460042448827,0.890420941892154,-0.180642560907159,1.34237272167618,0.621923117830493,-0.307832701428323,1.91859965659405,0.087113827008052,0.217279116907664,0.390794709124037,-0.0716630675369545,-1.05035410807228,-0.207920130792168,0.565299564053427,-0.930560525836607,-0.293442227125144,-0.812019802670562,-0.709809350133176,0.262040773227499,0.501499718007721
"113178",-1.47946072657337,0.275503041656145,0.273204702013212,-0.316770991661418,-0.652514454611416,-0.856881200648022,-0.726224338468555,-0.218501133894052,0.0565940301101126,-1.63231460438706,-0.310849221623027,0.670547885711062,-1.00896799852578,-0.169551792889789,-0.460080658340511,-0.376971588088063,0.424456981810402,0.16064462315387,0.193425632572438,0.339862218312703,0.613114322523361,-0.939790860719153,0.0476664503615043,0.863951264275202,0.177206849399067,-0.702319009744363,0.700786253732108,0.220454565473676
"113179",-0.0101946528908571,-0.356601486342363,-0.174366925960567,-0.144828323823417,-1.68627130040718,0.135526450403406,0.651935523871382,-0.563741865740732,-0.442702803938105,1.68577718364014,-1.11376135290328,0.35457781897259,0.0398508129393333,-0.420775110721703,0.945380835778777,-0.710076269019479,-1.0331965297129,-0.314227152518652,-0.0809322313881058,-0.260287013975552,-0.0396773546148236,0.69083293971217,-0.62321168027029,-0.744428700145419,-0.836459504780641,-0.755162889269556,0.781095023570071,0.801008566296771
"113180",-2.69768032655855,0.907351914578406,1.54116024596325,0.360555621935477,2.29773467740045,1.22043390584483,-0.106390469234482,-0.919321605763929,-1.26882790062884,-1.57363494166049,0.308448900407428,0.455270594655143,-0.17154756779096,0.89042407080246,1.7154157770052,0.487327961423956,1.20120448217689,-2.54750274012098,-1.13784548645037,0.46764028820778,1.68811142703367,-3.21927140760641,-0.89600480045962,0.113388880477318,-1.01088100620683,-0.658060866746008,-0.108707198793632,0.529475484857558
"113181",-1.39700614141853,0.242818371223665,0.745955034445737,1.36570923738991,-0.0683652845729198,-0.723423841182488,0.47718449014531,-0.727385842091636,0.466569488309464,0.31169131999362,-0.28347331869898,0.662994802216994,0.449265504446886,-0.332140373081155,-1.62790284188649,0.155853650014273,2.00887109597257,-1.52871217785906,0.671778198926607,-0.93322470953546,-0.248627613993471,-2.50733441367067,0.717233928476077,-0.945746646708551,1.53665211848802,0.936519524422002,-1.08175465656879,3.69702886058972
"113182",5.31679662524959,0.421513163534903,0.662434429528851,1.45316584403008,1.94801656665413,-0.65568506379033,-0.663983963704509,-0.44445627112854,-3.09935701147973,-0.029897214593924,-1.07265186430232,-1.01896239494943,1.32860608505714,1.05487248206496,0.128977471688988,-0.321651985285463,-0.40163760122193,0.500023602463076,-0.110485622074327,0.202206787247523,1.72520681069396,1.52493654033181,0.383376196407029,-0.270882819607037,-0.886098575970075,0.589779396906976,1.22493423521143,1.16874287273801
"113183",0.833358993671881,-2.17170279786887,-3.15012077641381,-0.185319705349773,1.57346061043791,3.24692171139713,0.241312788415471,-0.17712946711515,-0.668713448088499,0.562923881569048,0.793270266705075,0.841765586065611,1.51907725644866,-0.210673386345088,0.622844637330251,0.700965544451569,-0.240678426020899,0.690658583401308,0.0719945930644366,-2.1299199070172,1.11310589190278,0.552024137597057,1.75439483356468,1.80177370696043,3.12234298028003,1.31376859203618,0.346752074898029,0.379087788266791
"113184",-2.35837154794135,1.62811376922215,-1.69666649445553,0.484574995527008,0.220457398110515,0.0810320082584578,0.826638210243102,-0.36988643971161,0.615999083556282,0.913803291988491,0.779891451718147,-0.725212425369621,-0.563185176872076,0.30672838248818,0.276901870809587,0.285075437515469,-0.772342339025177,0.791449232240995,0.454841645496718,0.303657927363962,-0.047151682628012,0.563480333177417,-0.223419907883253,-0.335145955526707,-0.193279629178937,0.150091074796332,-0.652882554159641,0.784799795491325
"113185",4.64078503897062,-0.947655855918182,-1.98413977193158,0.639286658172589,0.892547057289744,1.56294983692761,-0.522177987673426,-0.709508889631993,-1.22963556364812,1.03392866498012,0.605246187945463,0.731528510445102,0.679589298996671,-0.280366931487992,-0.244377692980843,0.791568189318134,0.819404945041221,0.807031676704388,0.182259417905179,-1.17320627757007,-0.395093696223512,1.25615440090802,1.83832183140967,1.22516096409752,0.0918469045192777,0.902257451207434,0.420889254063126,0.484763038522062
"113186",-2.57591038746347,1.81689906589071,-1.89607817253644,0.488187229165656,0.133609372298678,-0.0396873489278114,0.510801554470967,-0.594224424474967,0.301967830156625,0.867255569374962,0.714994957368254,-0.977938808319846,-0.696345403975563,0.257635154988366,0.33496400281751,0.514157602346132,-0.811704095380265,0.531301386704051,0.110254251273332,0.286420491027076,-0.173885867316453,0.261616054084116,-0.224390481849423,-0.26215259869904,-0.2536549589577,0.182803937180595,-0.628467753596495,0.487479123399705
"113187",-0.961931623895146,0.0973624269447842,0.386838963483565,0.731864980406802,0.134400333790952,-0.43431555204732,-0.227933317095036,-1.19010428976095,0.520067616259269,0.206461220187367,-0.551282144143131,0.0130168113884258,-0.0828325940151218,-0.843145848579922,-2.05820313241084,-0.93782826529995,2.21483115960944,-1.13693677410922,0.691730875813514,-0.938551473459364,0.136757342141374,-1.76914358513884,0.480340618439245,-1.42299132551145,0.663587541114687,1.76577106745741,-1.32656371121956,2.46235769486155
"113188",2.75719637896804,0.736138077304618,-0.334476848286735,-0.955773463249725,0.68090802979018,1.36634724654736,0.649157795060982,-0.798074581739217,0.371460246033135,-0.401696969910515,-1.16107206152042,0.187487457429747,0.180683675937026,0.622464669996857,-0.22590772479198,-0.644789900011793,0.04235600276115,0.229791506168083,-0.294605703930995,0.219209966837825,1.00750549317028,0.788239466725749,0.245134870233233,-0.475449888169336,2.60620957735091,-0.427042893987082,0.139698649831438,-0.927125020507611
"113189",-0.205610374961617,1.15573627332323,1.80089084572504,-0.463817332594751,0.0959484240561066,0.259214836040311,0.573981807504985,0.567796172955158,1.79688112010094,-0.496438796317816,0.544418334865,-0.535051383216256,-0.468113157378652,-0.060210418096956,0.275413009103894,-0.156201252510186,-0.439499805420424,-0.255568914426942,-0.126127134976357,0.246369813214211,-0.624300632844611,-0.757073653517294,0.806120975443602,0.754758193482271,0.715599950789807,-0.561510012812059,0.14989210418571,0.220871743235417
"113190",-1.10704032051261,-1.49307032499603,0.249185033783549,2.14017379716918,-1.15303157893517,-0.296055702010991,0.940009503564747,-0.387810476417569,0.629163398977445,-1.12520047401262,1.10887846542143,-0.153359954284994,-0.938660177314155,0.00577776439125429,-0.160795274179194,-0.768756884593543,-0.251017284217915,0.0547197042955625,-1.17142160212442,-0.692633286817367,0.38523131620943,-0.88672123614415,0.152422016037755,-0.533238513525201,0.0244348249099405,-0.260290615264251,0.885879548936753,-0.426472674843758
"113191",-0.0521185786142489,0.550148281059211,1.16883114837766,0.742162296760502,0.600236082710704,-1.76695035561938,0.617195986975338,1.44596427648743,-0.936824214064384,-0.37603481365025,0.32092857796759,0.294518106279936,1.16045689053028,0.396256407469782,0.102468454849661,-0.298543673788622,0.22733943450582,0.585370250065107,-0.164841157443355,-0.470246255790959,0.433889026088799,0.389771548650768,-0.977361043460001,-0.238985094444092,-0.0908750232025877,0.0880523755725043,-0.591186361697968,0.267128241078046
"113192",-1.05646741011463,0.129637356618513,-0.260979069097482,-1.06134873512846,-0.739865450695786,-1.41304552977919,-0.232519642222874,-0.861621622081539,-0.524647057613525,-0.739988115371849,-0.691078985529292,0.0934350874042836,-0.608309126426875,0.31995316652526,0.297516628131429,-0.000648638047698423,-0.508887181359223,-1.37013503369763,0.11792474935846,-1.62464157902093,0.479583455691037,-0.345552745159615,0.160009590967928,-0.791416759401959,-0.461157811196928,0.471259465535366,-1.6012604144795,-0.198438489341217
"113193",2.34733321910034,0.0280674981918315,-0.512186177500922,2.10106852103807,0.332011922868946,1.05862772606544,0.770155881075012,0.693681437304539,-0.497340694788574,-0.17604728984026,1.56201078056097,1.12726228958383,0.667364381843951,-1.55784991081645,-0.75316997558716,0.113183586056321,0.763738562222862,0.770380128191222,0.966440335365229,-0.874255463407714,-1.50158632237957,1.30965180112173,1.48380520634727,1.97714970895262,0.00747414318447479,-0.087806387088549,-0.874626829215691,2.20199183275567
"113194",1.00380534302139,-1.31377605748859,-1.59822561570731,-0.315029932285061,0.717427677489191,1.45903375472066,-0.0764930580864219,-1.03098428989322,-0.621809037977363,1.79202661259122,1.36558604299885,1.61601613469855,0.445843593825977,0.300243189371565,-0.45428982610153,-0.163389942333557,0.124085428485757,0.62872222094561,-0.491832165783106,-1.87452646938688,-1.21135274584295,0.628733513280318,1.60530025476428,1.48269853176474,1.23629278967518,1.46401998053458,-0.145916353929049,-0.729902633997091
"113195",3.37796956021077,2.22160785357465,0.108768541577538,-0.750291207367641,0.614668102942622,0.00611973093913745,0.684199522199553,0.43895242614974,1.3895285701845,-1.32242056872994,-0.805843520747052,0.449494481282249,-0.173517826731269,-0.393523960095646,-0.473999186980613,-0.172872237292595,0.301732589147983,0.567653432017966,0.497090073714226,-0.383416411318317,0.52576386004752,0.393465554586868,-0.171329719189387,-0.644825304676622,1.43266179113223,-1.01200333992965,0.205537344795461,-0.253518424594479
"113196",0.845833212632626,-0.991361898961498,1.03835545637212,0.141705368785006,0.718391026628953,-1.49200112149372,-0.580043961743041,-0.110571696802731,-1.03482140278134,0.999464513158816,0.800372225720923,0.19218155946444,0.951282801172139,-0.418734069595697,-1.53939836388182,-0.0333268344105393,-0.571674800152818,0.986192190963702,-0.0841630112887136,0.189237325350149,0.917357834445208,0.127516897335913,-2.68634640622441,-0.769645835785938,0.217060044369034,1.60132371311157,-0.31222667162652,-0.303885328117331
"113197",3.41448869513882,2.56878806671287,0.920092848175162,-0.207577997798199,0.484819567685392,-0.339505919911528,0.105550112025901,-0.592167711659873,0.654781065090077,-1.05404632071634,-0.0262865688855735,0.889145969966763,-0.206498100187483,-0.194532688109793,-0.647458585043378,-0.583359785557496,0.282855917270058,0.493076058834125,0.519526015839164,-0.0365967624971475,-0.443231919306818,-0.024587814015861,-0.557943229009731,-0.78967859993945,0.613388088350949,-1.16305911278406,-0.423014765556453,-0.421033789578956
"113198",0.652271806109225,-3.11418585331787,-1.14148781778688,-0.297866070600568,3.35181329545327,-1.24819988119525,-0.0893715834512708,-0.361026713286021,0.521923918925498,1.30665001216255,-0.778073644882075,-0.375302207011397,-0.386396985247289,-0.188017047236011,1.09823847344081,-0.865710976175263,0.0597051695540058,-0.00408843426577521,0.0765483329077528,0.50032620799469,-0.85145500703912,0.333964709858313,0.225096649412812,-0.0341090317093278,0.296394327767463,-1.25513813887377,0.386889874212687,-0.057901989457407
"113199",0.880834375439472,-2.1502137210041,-2.41704075559005,-2.40100978134459,0.139684714525792,-1.85786135393944,-0.223215314553764,-0.434468348957124,0.449717629788649,1.46187984853581,0.743639348657729,1.54394464778691,1.21118220284748,0.437305196352605,-0.551954123495033,-0.379531879084747,1.07567444114352,-0.373656468951574,-1.84851412293044,0.790518757633851,-0.448751854791708,0.756144636423966,-0.378620508241871,-1.04586993815561,0.538007118893643,-1.12498202281354,-0.290985694047209,-1.98270601244481
"113200",0.546703592635101,-0.678329174470777,0.232055933612161,-2.00598899853774,0.208789496858822,-0.491681173794659,-0.133982673359056,-0.481827008169725,0.672397265613366,-0.168171047966763,1.08319290196638,0.516037749184721,-1.26499720505294,0.0128925696234312,1.04681560768925,0.936085150881343,-0.78505801986106,0.611868127167871,-0.153255291150992,-2.09347570496043,-0.160042788196523,0.826834846156349,0.266029325805792,-0.577758197028205,-0.505409542180219,2.02561467369668,0.28283963933961,0.272507043191523
"113201",-1.10314915921342,-1.5333149786013,0.807609228942261,-0.631690035684905,0.392916384657178,0.818882359804272,0.378952090083011,-1.47851887782002,-0.648991546527979,-2.11743069678139,0.305275561423179,0.25481399592642,1.40544484281997,1.1822471318318,-0.270392016964955,-1.16900443016276,-1.59888208248071,0.467137726164098,0.66113361770701,0.879416784714593,0.161527506786857,-0.926792479092914,-0.791583944983884,1.65982208602693,-0.643182771792976,-1.12038849302796,-1.05058066809194,0.716362911893862
"113202",6.11708052133247,2.40672123168565,-1.08388036605679,-0.347520150386741,-0.474950506349388,0.0254666948643454,0.07767863436461,0.124845515039622,0.00622692303602666,-1.21183118915671,0.542648162368266,1.02511871385384,0.113251660189599,-0.468834376044549,-0.407554888041403,0.258295184945091,-0.0837870795714819,-1.98624418863272,-1.21267035033682,1.10229675303183,0.22454356862962,-0.696396181820303,-1.53187825074918,-0.703910255127968,-0.786393203550586,-1.39233231891453,-1.38714499464359,-0.873239908974551
"113203",2.07970108630802,0.564331517590283,1.34287835352355,-1.32012424917447,0.56531246488795,0.451541555812099,0.291383478209892,-0.334950701161607,-0.246179813584068,1.89126257646983,0.735507015259167,-0.119852140236291,-0.481017866221413,0.875357298713577,0.372278350943657,-1.41629273290493,-0.715710470825851,1.18732308930434,1.20644670001514,-0.220236616052211,-0.322007406505872,-0.829313014372299,0.024738135368147,0.104901434696806,0.661350751724363,-0.826361329936077,0.0188803501281365,0.562123517535251
"113204",-2.01999472829134,1.44910566013679,-1.88853265293474,0.303235747385192,-0.0168411468825538,-0.20882915224063,0.56025501355549,-0.738383692152369,0.419629627844711,0.885848861735474,0.750021208463071,-0.637015841668312,-0.662152406470451,0.340274592673774,0.0546869845480925,0.164280600905522,-1.05941344619165,0.398641878446838,0.00543643145899416,0.192529283336993,-0.170896635462091,0.504136202132323,-0.384517773228348,-0.463552972230584,-0.366393291154357,0.445808675460021,-0.652541305941643,0.552120542937214
"113205",-1.94763637322762,1.61805397007429,-1.72410754222298,0.394166444478513,0.237866705643241,0.0525903739569419,0.813998384719971,-0.368622165755583,0.550027032932623,0.727027713749846,0.486779412508704,-0.788107605364349,-0.71025618645103,0.256446871914995,0.198352548426766,0.207146546591848,-0.736592281961685,0.456040134930788,-0.0265354079441888,0.0490180041243996,-0.303444079723751,0.368844964361548,-0.594009453256692,-0.513464116263898,-0.30446748856961,0.480546567886107,-0.37875996581518,0.738661548601962
"113206",5.77040641130942,-1.15070903934651,-1.44650791872785,3.3070585803562,0.192220748302337,2.73998331836009,0.799664309163596,-0.0560048680116694,-2.4666244457727,-0.298655904532977,0.167052922393283,-1.1466299335824,-0.132753558451912,-2.6697327359531,-1.92215136344466,-0.220131307377514,1.09535128358458,0.8306394121419,1.1560978455278,1.0264924839857,-1.8190044688574,1.54705326656666,0.832741644285624,1.0428844096228,-1.9941561623978,-1.16696116892777,-2.58435962645164,1.28978384196602
"113207",1.17113785660743,0.908917762477729,1.83893344659041,0.25947463981912,-0.164054579037755,-0.104588525200356,0.328554289136581,-0.268367800941573,0.615183179200402,-1.11317820262362,0.263053736824008,-0.394017059250723,-0.551963239715126,0.277661434952044,0.501983043732762,1.2062839118062,0.398108245783215,-0.152799840108439,-0.142632491521636,0.834815229576576,-1.31824538641047,-1.75942065150851,-0.213133651461375,0.299446926423453,0.43896675510288,-0.222096807350204,0.221743790402554,0.363448668181865
"113208",-1.9091064823787,1.20207179489227,-1.81199487163292,-0.0589372067810874,0.198609141076773,0.246572972980015,1.34271334112195,-0.500985293895621,0.520271584977349,0.651645662684872,0.739209026050997,-0.224186297811241,-0.850935017457937,0.339967068759633,-0.00109956233539554,-0.371919653982362,-1.20479274709882,0.17717017979833,-0.21792756483516,0.0697841776992233,-0.11557539469969,0.531132799024332,-0.991286976818914,-0.389600511501631,-0.238952399460846,0.579322823869568,-0.855630740464538,0.940613468182461
"113209",2.4986858022672,2.11126238732492,0.517534737994777,0.372818014355079,-0.614134108451333,-0.704166974632356,0.0971701408858984,-0.302781636167889,0.597068350955278,-1.18463260003063,-0.500575639315931,0.283750556193799,-0.197645061759048,-0.374731571242803,-0.851662330521203,0.0531669716074949,0.640686671610823,-0.302211136271392,-0.433047033719706,0.6830313073867,-0.453082887500615,0.450298012893481,-0.0861379687239512,-0.530621460721944,1.07443707942827,-0.773018896394671,-0.525979811642704,-0.822256651110054
"113210",-2.62338224193248,0.796593503569218,1.37282357940376,-0.0896313497982372,0.121850512535104,1.28111978870307,-0.0200513780135303,0.00338452816802613,-3.50503372346001,-0.372965923915221,1.38700163879501,2.29476959159997,-0.370500448975513,-2.15169167405835,1.03832459954025,0.203619480677416,0.0197662670684631,-0.416676550633148,1.30355342359035,1.80013963441753,-0.0977020698920958,-1.34626018915001,0.00430708634601889,0.930590986460447,1.20208806652332,-0.593386054658255,-0.234079391859019,-0.890903582052272
"113211",-1.08457691002856,-1.22531945068224,-0.324663181946282,0.0726443573483812,0.0795671311392608,0.573884054171265,0.183043772912242,-1.28353888392772,0.306718123035552,1.21326276397719,-0.986071201093261,-0.0941910213782768,0.447471144305258,-0.282339723151041,-1.67482129266093,-0.924222606069494,1.70859899645805,-1.45502742158789,0.321605613832131,-1.00140072926903,1.19861408233832,-1.26501787117184,1.20378595882192,-1.33870898631382,1.73883428296386,0.491080434788839,-1.56871548847332,2.74794471366814
"113212",-2.23536859049901,1.38745555994538,-1.91386923327631,0.459647450499146,0.0628969790528368,0.0441204284603124,0.383324783915316,-1.05319634016596,0.00534827941537271,0.693682653005891,0.922181885986045,-0.481467802851888,-0.411396066798564,0.607812938842093,0.506016416586701,0.442679994813686,-0.78682313234519,0.274617787677989,-0.170520471307359,0.346160760300607,-0.159135277818359,0.120661269404072,-0.736214189227298,-0.406296820752735,-0.0742708180028773,0.82759590564989,-0.558631937706981,0.577337264375659
"113213",1.00172554162255,-0.283867974914768,0.512853361841484,0.0435614407940458,0.132878581741895,-1.63087560044297,0.255345343660339,0.900243107699001,-1.41252205852378,0.649256559210929,-0.881536189537669,-0.764226353642913,0.87513842886,0.61811587115432,-0.254818598260963,-0.561749762543132,0.14208157132161,0.468550562966426,-0.797965525324523,-0.474265503531186,0.493528386138398,1.17322641227071,-0.137180720775914,-0.545931139503449,-0.322371344713268,-0.587240603622264,-0.441318740712626,-0.367512640506034
"113214",-0.241329955166998,-0.0288114256784786,-0.539851500316898,0.708949488019468,-1.08683024296077,-0.96395978998924,-1.72913139710833,0.364581541620039,0.566089059938531,-1.2468753582137,-0.169984613021121,-0.154511518963366,0.101045135077811,-0.579106599146941,-0.801345818814249,0.178724822834091,0.0463488576943666,0.241396292606683,0.920744896371325,0.676967694249752,0.747207336370932,-0.998309015966774,0.9185323164877,0.238322802010055,-0.25153747413217,-0.912789602141071,0.837949925227409,-0.435966573216711
"113215",-1.55600186335251,-0.72030824958938,1.17620113113295,-0.367525439946225,0.166716739545324,1.01470357265185,0.179332332162722,-0.953862875282961,-0.33117848800122,-2.93180691903984,-1.1373616971629,-1.26098088810981,1.00085313114824,0.708044468800494,0.456984908512295,1.13739562028659,-0.149899939191086,-0.183064890402312,-0.949673569125066,-0.046239502834271,-1.58408432303614,-1.1299825421595,-0.648025404898052,0.775615062828534,-0.547259148693645,-0.0157747636417909,-0.102597181247742,-0.065024924201399
"113216",-1.10024047238367,0.2581040954931,1.04736478537089,0.652303714531211,-1.76744109599765,0.188400611010005,0.663549089105698,-1.04950703639372,-1.97486586440373,0.466237356313341,-0.104312907321671,2.93144159440485,0.412290294059248,-2.60646290589615,1.87119412733904,-0.00994311834376059,-1.36068729574744,-0.620496435191264,1.46789623414837,0.715210377781774,-0.664499988902398,0.578393415579568,-0.960432115931816,-0.462036041009407,0.412355318334566,-0.485536784365487,-0.315415053572997,-0.800102912142982
"113217",-0.202278921817411,-0.714665079920929,-0.342404903575194,-1.46374997784057,-0.0175402084378609,0.728939069610494,0.429038188026838,0.693550234101577,0.520931883033586,-1.4745183282599,0.164711283291038,0.313303051792363,-0.791346751845879,-0.171753785007406,-0.611859034543634,0.729200043974694,0.593569796770974,0.666580141340964,0.605711741086051,1.4004128764766,0.673482661161659,-1.01095512956585,0.249767591474599,0.0128376971026366,-0.766033448873736,0.664482787714758,1.06004007702214,-0.403402899216329
"113218",-0.728873138444283,-0.321386950403176,-0.0787302908076143,-0.507659075720691,-0.797675011323888,0.762547350940471,0.907385560771331,-0.415016433779748,-0.0761801601877992,1.78483820064598,-1.0633040130647,0.541799729936089,-0.153795513660779,-0.276553059135311,1.30728207781212,-0.497988037499829,-0.652917808587702,0.429705053621981,0.407407919384992,-0.572357408026651,0.350184434209951,0.235200863852437,-1.01421495949782,-0.996888274957986,-0.449520170977152,-0.660958413142805,0.820933629102422,0.270768693817942
"113219",-0.438302674573112,0.556530312579003,0.24082317360458,0.790793253944979,-0.429469168191007,0.89722716421378,1.91052457812649,-1.42005961127042,0.942286823476276,2.53304269857238,-2.95135080727777,1.69175032754684,1.00884619298773,-0.658722147956937,0.253802281546253,0.617968251699759,0.503595576180581,0.401638989845666,-0.503418545532263,-0.979180797087448,1.0029694211651,-1.43511539365808,-0.431591623149051,2.06857494779232,-0.414696626275935,-0.0483463396300859,1.1366102822032,-1.05310555648194
"113220",-1.75266065657418,-0.243309654264324,-0.294434802404107,0.555810477133982,-0.492752478309788,0.707174391366375,-1.757873501717,1.35170943542145,-0.381521395249582,-0.0917053207419948,-1.28397345418595,1.1171143820481,-1.06988728871495,0.994976113204066,-0.69037590453712,-0.308429236842736,-0.301857861141134,-0.454330927853752,-0.362783384200909,-0.332868531341476,-0.789281764066222,0.45191692796651,-0.572044879303712,0.00100931828535101,0.179391825306652,-0.114393076174247,-0.103623721271009,0.588758782876948
"113221",-0.869949101793226,-1.96637816235164,0.120359401572478,1.96688204849242,-0.825158316153904,-0.0508910083032944,1.02869541063258,-0.979794024981278,0.41584609606832,-1.27048037157273,1.01445263167622,-0.0227181579545783,-1.12879794031778,0.204582429154335,-0.440494552051358,-1.08687724625231,-0.602599337027659,0.404073365409165,-0.914725968098788,-0.599872309442298,0.674444602356869,-0.710361578767701,0.0660101236835189,-0.577513048851003,0.282372469471572,0.533640794719829,0.949006091402201,-0.653358051241406
"113222",-2.3232021470259,1.41939444724586,0.147216532760686,0.196965216365903,0.0439335619823626,-0.736888766991401,-0.0476944698505324,1.35188115471853,-1.76488856893462,-0.815122307128593,0.224539683983306,-0.0233767187307282,0.813296088916015,0.405294579771629,-0.277338949011787,-0.0175829127809764,-1.09830127584201,-0.277204416595796,-0.841048637757258,-0.748227037191668,0.112573294037092,-1.24737150524883,-0.102581291281892,0.285832030907465,0.110631418037517,0.377932052319154,0.531567648288822,-0.442160138564871
"113223",-2.15681641572145,0.726470917752148,-0.447626042112555,-2.52929084668567,0.329354574045976,3.28641199921891,-1.31034490270888,1.71001496183108,-0.515207990126594,1.22730785147446,1.6210623224301,-1.07067679755251,0.935835010739653,-0.360306772704161,1.37735277695583,-4.36206481053443,1.54965578551791,0.350118343284706,0.0667305617575139,0.62834471832975,0.781452631284553,0.215832101546186,-0.0641994177338836,0.671515638951693,-1.20945367681299,1.09059944689439,1.01831571887695,-0.568133226177461
"113224",-2.47791935840245,2.19802988886191,-1.87090963296577,0.341355859867441,1.07642244846094,0.659443864767368,0.216783929500757,-2.25744010591953,-0.345797150334517,-1.11425282918123,0.249749593011514,-0.0854493511768015,0.368592328427583,0.0812229122367906,-0.452135779557971,-0.252217334788968,-0.450467370658025,0.240446537962445,-0.70041049404048,0.378229818361605,-0.192396991928178,0.331361821173192,-0.703219218847388,-1.17456001950668,0.435537691763887,-0.415284928885312,-0.00371404036649022,0.50320655270826
"113225",-0.104665523089848,-0.774326081106414,-1.63038176953619,-0.81317150026274,-1.44431933388822,1.32739704836308,1.90303015411807,1.48029806304163,0.657493500496864,1.39292399444618,-1.45277678590446,-0.063611130627646,0.627503790913871,-0.826735889237984,1.45792293130156,-0.35227839949519,-1.35386836193349,-0.341071960334828,0.317491285651053,-0.493225055843332,1.24813314001623,0.68618432792146,-0.412793270948575,-0.343251020431912,0.159390013821029,-1.2529308259362,0.933363073514814,1.28631304418494
"113226",1.45579166590634,0.135282351854425,0.77012489189581,-0.275908449510475,-0.400742573724791,0.207530754890388,-0.339379644909032,-0.852115166472751,0.841141093947478,0.17374949656017,-0.5002920187809,-0.515803583366213,-0.493174077632358,0.647615161453949,0.337077587268903,-1.23106003404057,-0.221547803162457,0.213819573587779,0.187665627995278,0.13863151361069,-0.146360724519403,-0.798122732039559,-0.172920344447313,0.494627794510106,1.14356688194112,-1.4888627166296,-0.755646265167946,-0.731614225298485
"113227",-1.81656612246846,-0.00788918451498409,-0.36299572129067,0.687045476009004,-0.390278889708109,0.844771604730552,-1.4761205526749,1.95377440786169,0.149114341640965,0.428210761592503,-1.00990686098232,1.05450988291793,-0.939515097547093,1.08664507145283,-0.628029856281562,-0.0138445017405407,-0.134902212521684,0.134535774228058,0.444509204208053,0.218919581702185,-0.329435108906252,0.889631352548028,0.203051154888244,0.261899695306032,0.10510767920441,-0.494921146386418,-0.238392629424171,0.435690183286247
"113228",-0.207475562234332,-1.74851515048946,0.44405893294821,2.63546377429547,-1.78334886484128,-0.913689017840395,1.03298211985088,-0.709495596957806,0.17047183429292,-1.26811020024744,1.02765810100946,0.172309196074472,-0.732337752239897,0.505485339884382,-0.124045130728672,-0.0350505135061565,0.237990007542531,0.192848243524125,-1.01849740896153,-0.0990216233832204,-0.230523759549253,-0.996584606429485,0.0250024943804021,-0.543153746737962,0.0103681464753244,0.0622570011832616,1.11122570371313,0.066889380523606
"113229",-3.06358619609931,2.28404624114429,-2.32192402655284,-0.225639557705733,-0.0669986150465697,-0.0745038419776206,0.677164451770199,-0.287619102499048,0.0897660409285524,0.658000456926308,0.719480781004843,-1.13665376726698,-1.01361543333153,-0.0322528512430276,0.639749770127979,0.564388972048255,-0.832250001478036,0.0794424626743935,-0.42306967626763,-0.185960111667082,-0.687170402526178,-0.63107715065541,-0.884768730135438,-0.0858657252740191,-0.534788441012841,-0.539235963766919,-0.995286695033536,0.439729181228121
"113230",5.8950307998444,3.1913445147992,1.12603457648891,0.0981240036597265,1.38531295315287,-0.39345076601922,1.10300831097828,2.22737187397989,1.90920875932417,0.86117320443522,-0.983175774139924,-0.543650799051001,-2.15039803102119,0.122688812595246,0.239513324603488,1.36376716068933,0.910079482928341,1.35733871593631,1.40608083462347,-0.733592787739111,-0.694980009421909,-1.13084309329258,-0.673064014673312,-0.609686900912583,-0.552021700558265,0.279475466088334,0.930593614345989,-0.84859278834846
"113231",4.70799563065208,1.68666157246115,1.54174745105654,-0.603992925951872,0.425296071871337,-0.947621760161525,-1.35183611956727,-1.88552811357229,-1.68368846609346,2.00604375540179,0.299542624570061,-0.304896805471889,-0.669050930384905,1.37578753750305,0.0524939198692344,-1.21039127251792,-1.97394479473293,-1.03032784352231,-0.869098883247927,-0.240436311918205,-0.0295450737613612,0.0762766221568777,1.60906494099492,0.889874694859287,-0.0100623435667056,0.134986821625878,1.90276116454304,1.50706228663656
"113232",-0.462066731719792,0.152599603277863,0.612202554710628,0.413295016264207,0.172000033214944,-0.094635891665391,-0.00180212162347745,0.360341039554533,0.844994160000349,-0.324311547831067,0.85480048697306,0.237797985087785,-1.13826969664725,-0.572691542628525,1.29112292404051,0.0410336829017877,-0.081501771316361,0.685580064406,0.599379705112618,-1.48145030515647,0.502189097634838,1.1548966881766,-0.0604758463456118,0.302986077392143,0.185614136482268,0.352955473662344,-1.06969438517458,0.582486268401018
"113233",-1.37795619401034,-0.187459670392537,-0.519804657486891,0.575396300350051,-0.337419277670441,0.812484104110373,-1.58044731485169,1.70327987909426,-0.0591581897138742,0.190759570271855,-1.26741098858175,1.04447564062236,-1.04839384206037,1.13328233145141,-0.649193385737416,0.0996654919698743,-0.118391305911605,0.0391468340028187,0.218824725800148,0.087541025805505,-0.314980326942687,0.748420454487721,-0.0889124555790792,0.0932419741095478,0.14010036671645,-0.105015184544783,-0.00673115455136413,0.373781033549185
"113234",-2.60540053753671,1.54853250520514,-1.87264841934486,0.340332220480304,0.20750666193951,0.156223981202395,0.708878544640566,-0.504815344274226,0.552923336502702,0.945843153555155,0.858290641611547,-0.677165585253885,-0.518532319633006,0.442400899229686,0.32526355850796,0.223624541322643,-0.88312298209006,0.569106758410811,0.142404325247192,0.218941558159516,-0.173902143322753,0.279334876005897,-0.402649082126069,-0.346517130798366,-0.062396505346138,0.565915708423052,-0.575713742220817,0.427057247326797
"113235",-2.09645705850867,1.57485579445784,-1.79926621957082,0.132027883850826,0.282544523749789,0.153599681904484,0.926002618899581,-0.443508218334964,0.515065702205951,0.815351404060575,0.783507717973641,-0.433037796329413,-0.808674021752351,0.281206329665279,0.200572685927253,0.0372010268871247,-1.01471240926209,0.0604010269973304,-0.362031744911466,-0.00667712449709551,-0.124720690688255,0.254564893915187,-0.846302274017719,-0.469462166835729,-0.376431157972239,0.329852646066686,-0.736998289946981,0.650043390041086
"113236",-1.92850640779971,0.987103094464429,-0.21713651619722,-0.0742816773923892,-1.26712828797531,-0.59765500290122,-0.0893058480530841,1.05110644538098,-0.413113829925975,-0.408355816672364,-0.185518897763753,-0.467794658536733,-1.4815798010137,-1.02299483016919,-0.739180992409679,-0.293900837135809,0.0786954875466926,0.180650193115378,0.409408778244844,0.475196125924489,0.517632405602553,0.671011769957301,1.0777778207318,1.02975925507914,0.212457334797817,-0.116042361622206,-0.254592127529669,0.0591614613570007
"113237",6.30596651642414,2.98505304627258,2.15999659772909,0.147923654319361,0.784394015952053,-0.55831079224713,-1.72980370344969,-4.32697323985225,-1.16722058649635,1.83009303934465,-1.82225046884883,0.219833094335904,0.917543118712166,0.757693179255351,-0.231571226531841,-0.132438425126768,-1.00972349479834,-1.38683876248676,-2.25963662286313,-1.29780903253321,1.2174317500278,0.951930115211436,3.65399426438361,3.89727678251885,-0.288606432089957,1.98561939581531,2.84293010070206,1.22517527340219
"113238",1.06828141669898,2.23633873276389,-1.68213458025285,1.1194021139914,0.274388760800309,-0.75190856194795,-0.0101482306272873,-2.69826899443695,1.0471757904023,1.02327340641283,-1.46839911993947,0.296671295748849,0.798734544085473,-0.776357739269839,-1.45082263579164,-0.132040906999602,-0.806923453036063,-0.116619604445128,-1.13775120067136,-1.45501839698144,0.822506601075686,-0.300554760412252,0.0617192299924649,1.82618183651702,-1.57152522062808,0.830864801010475,0.143991229913939,0.214240033335478
"113239",-0.196805426530839,-1.82964378538418,-0.841285061519363,0.483446023962649,2.09975825670861,-2.81031029135146,0.245377883907449,1.45371489974468,1.70448883539155,0.720917794821819,-0.346135114238483,-0.228927175324197,-0.631013570451271,-1.08452775742716,0.749235427266392,-0.140486269365602,0.541988306767981,-1.2204261955615,-0.763772535381691,0.873367772742111,-1.39693483856084,0.56734992753062,0.388638393953153,0.470834394947974,-0.416886854941287,-1.28218005609495,0.202435858339755,0.158900423693501
"113240",2.08299499276722,0.640314440467886,1.41767017405754,-1.25815740530323,0.678223725902915,0.546775618243168,0.401821916639727,-0.306878112081943,-0.250822976315509,1.93146218550173,0.760900620136936,-0.114139662265918,-0.522452385084708,0.942803492635336,0.409002496800059,-1.36777523433208,-0.609372667334201,1.3591412324669,1.37473793827141,-0.079986181722618,-0.319765830694369,-0.820569392924965,0.0620472739244519,0.167692484717482,0.657353393638019,-0.787770619004438,0.0272984538827436,0.55593297291992
"113241",-0.101457732121746,-0.707449926166977,0.241276758707152,-0.668164015566228,0.0563921771276682,-1.18918589904991,0.194471540009978,0.0950112005367637,-2.32050369947642,0.200869164228332,0.19218037474284,-0.0987915526301141,-0.516095209715372,-0.0963988329096541,-0.0232321575612772,0.13819038571398,0.820782874367298,0.21194532529792,-1.01082940696433,-0.342382553377022,-0.513494518569172,-0.0255195241566747,0.0832110702208131,1.00940405062469,-0.0826398918764873,-0.397610943269074,-0.235021531527519,0.399040296972212
"113242",-2.62511681757748,2.1310996611306,-1.78692148279079,0.370223273863681,-0.0787996514815704,0.120000779880723,0.341602225669858,-0.00487999299634619,0.872591476336802,1.16335493526439,0.89440086175946,-1.26621053680721,-0.29098418455451,0.236520091932616,0.529530959775085,-0.187228117372979,-0.253126323091582,0.831958832147375,0.369698866492655,0.447942873949836,-0.445224819773363,0.80721257671895,0.0540511788540556,-0.187917521958427,-0.63311850087051,0.537888924701694,-0.406587027147406,0.293037350902292
"113243",-2.07286277783733,1.34394820703793,1.39171837722949,-1.94839471819416,1.93836245435318,3.13481636294801,0.242687885989562,2.07028058950458,2.26498192758727,-0.0886902502201404,1.87951448268186,0.0667269141722004,1.13926361533447,0.0162863470610119,1.49620384487687,-5.58747327057375,1.84080703938065,-1.56080141634923,0.209815392496888,0.869583883910195,2.24432876998963,0.837757597001898,-0.142938214383129,0.368007077799318,-3.53009664403712,0.549440196033081,-0.879961161528653,-0.397890732481802
"113244",-2.27034005078304,1.4225167377629,-1.9988949662268,0.380449267569007,0.398226324426002,0.408169273584677,0.717855232061387,-0.692103289035516,0.16707181030372,0.514553006421813,0.659659331260479,-0.669297543235815,-0.491371940013454,0.458646120426219,0.559744814069087,0.424026908194382,-0.803804804511748,0.375812290198434,-0.0893004230499458,0.122599903384381,-0.0537532559733062,-0.0151540233995214,-0.847922929335059,-0.393329317482792,0.138533310742827,0.794605314027478,-0.385167037308825,0.713378264419019
"113245",4.60143007758583,-0.93527820114906,-2.04213933793487,3.58206084764382,1.76548185030374,0.387410171391585,-4.92465418953695,-0.438615370618224,1.29579400330459,-0.425906672716102,1.5556372779476,0.0955085173586271,3.50605105130838,-2.52955184747674,-1.17789742728951,1.47031427631118,-1.3210615701771,-0.287774031254045,0.791411214418715,-3.73864439689884,-0.308074493961045,-2.46932758166466,1.76466567768152,-1.4651459348641,-0.839465568513148,-1.99002203875867,1.17539782853497,-0.790596015611088
"113246",-0.31512364537277,0.902962491788444,-0.0434720636216447,0.269184317288978,-0.478376928580331,-0.637997790067509,0.735603759175726,-1.4760247092266,0.824276947065389,-0.0438854489406137,-2.52985404930302,0.642612678888814,0.889906341017435,-0.25140814893185,-0.721972743077582,0.207319218365021,1.50506943905469,-0.356779747080096,0.225747358783147,-1.29121390562964,1.01922045986645,-1.22128255105142,0.754046786279847,2.19353406727028,-0.990197749352624,1.84161002723216,-1.41413950207106,-1.91196250532617
"113247",-1.82731316364303,0.931218292267346,-1.68942438980085,0.664111968663916,-0.122484991042162,-0.369479617257543,-0.040898905338437,-1.39534030775983,1.01042225830453,-0.128232649096162,0.752020095360541,-0.363450098190228,0.0323839937048476,0.813264687970002,0.203625061841135,0.0189522876240085,-0.314536370893027,0.681044748099131,0.393253593065459,1.3124764924929,0.0580102308338123,-0.136108943444247,-0.399746849533225,-0.073981396455266,-0.827320696424721,-0.460375203973523,-0.256003747723683,0.560922798602213
"113248",-0.866990183344023,-1.51329805818731,0.659079480487104,2.49891639760532,-0.597273805317878,0.0295292951689685,1.50389263691546,-0.307217259401843,0.732301444583081,-1.24867595206493,0.655498564112962,-0.410237682615547,-1.32079428211145,-0.0894020927054861,-0.610013956841313,-1.0183169183514,-0.332008884129986,0.653043098999437,-0.626592003597842,-0.616864161355923,0.268050804439894,-0.657010022547156,0.313587108401469,-0.541576253841876,0.160316164090659,0.00455223936021528,1.12781711634484,-0.252702023110045
"113249",9.02492290584915,3.07505811656671,-0.87813117928253,-0.641685752511851,-0.165386012758671,-1.12088623953993,-1.49685457943232,-1.25910516295517,-2.19459437354429,-0.76714148569817,0.518192248683745,0.49147242699791,-0.487142496414814,0.498225898480714,1.46034378670418,0.186829750387187,-2.46048593219377,-3.10280728060776,-1.55166575809958,-0.585988967363251,1.51921383066508,-0.13287800651487,-0.272109969778295,1.59266881324102,-0.78954857791488,0.238386621136061,0.835713261749156,2.88887748919323
"113250",-1.61344040173802,-0.120117085493114,0.996919466385288,-0.630830028503505,0.0955583082772842,0.640612985818263,-0.705212954301099,0.415814501883046,-0.82837450873963,1.5892247771582,1.75547637910787,0.344830869386236,-0.801428837950171,-1.35812365204365,-1.35811805105685,0.181417673599856,0.183667818493808,0.356147258797217,0.465227074691721,1.85352211459418,1.35723400956246,-0.789917718869134,-1.02958928729698,0.718819453232679,0.0646831083840126,0.403903667073037,0.994617340835125,1.26509667193931
"113251",5.26335002223557,-1.12770707037841,-5.62699789934385,-1.93163620001918,0.44964224117428,1.87858270475045,1.14570444628904,3.09361548198246,0.586299899828957,-1.29933072587355,0.705316139117335,1.13240869930761,1.37396757475603,-2.08201527235664,0.790075151692987,2.23440763101151,-0.378630013761309,-0.568271343871903,-0.0893809666155577,-3.52355956686019,0.772968021031018,-1.58810795791233,-0.797454746701242,1.02651902313126,0.621379721943353,-0.826208403460744,-0.166308874688336,1.56520651148637
"113252",-1.85124979300155,1.50665347914982,0.974844595359381,1.00887823142584,-0.966043809220908,-0.0687620298657325,0.612278555896565,0.0246954387070369,-0.444265537394012,0.208939713161757,-0.808204947020912,0.304529110944611,-0.133802013466528,-0.928926671559013,1.78939123014831,0.0841678053745968,0.0876252296753313,-0.138763143717021,0.0660257599211315,-0.516446069235736,-0.713601027968987,-0.394007388216509,-1.34356885028876,-0.202286112521702,-0.518545648368992,-0.0404892018787032,1.50500643063595,1.55943896231765
"113253",-0.0272175840550137,-0.669997485792745,0.247395034311369,-0.219834682639973,0.150570041744467,-1.34588061831278,0.349100337191593,0.456332764203994,-1.68461352001055,0.611259942284381,-0.50336454072846,-0.45863540888602,0.956294642881896,0.843162987116392,-0.212322598332316,-0.779966552084389,-0.378538257130691,0.307817248801071,-0.970343125163228,-0.551830509905059,0.398334361374612,0.613644491790856,-0.49207186507124,-0.397284658658933,0.232008798531562,-0.232153399124602,-0.806136458035096,-0.724139275004306
"113254",-2.52185771617941,1.38558479736496,-1.7223756793858,0.319881092307874,0.525433796722338,0.31085707930543,0.758085040008884,-0.829238145019771,0.25970194524104,0.429737498224973,0.426450844090493,-0.871193132278627,-0.827841752040321,0.105300873552061,0.0596755246330726,-0.149062398050575,-1.16312029236702,0.553261508912634,0.00537775142328408,-0.343508618531973,-0.446392372326748,-0.0360275298022505,-0.947887240102018,-0.625577598865007,0.0160068038981897,0.587393455129628,-0.534041358514285,0.653516189270365
"113255",-2.99694602917777,1.78754291931873,-1.90772307278077,0.34194421980739,0.310100554454401,0.267801211016183,0.475112581102578,-0.816632188237817,-0.0263536368298395,0.551576389484099,0.818575190721458,-0.857857724730092,-0.570455681898082,0.286612863073502,0.621460612866805,0.333850496805758,-0.901766456837879,0.308943676000035,-0.17827940966474,-0.132729931563392,-0.566298114836009,-0.509565588785899,-0.941756960084702,-0.330514493314299,-0.00495089544751972,0.318995211217081,-0.635695106736373,0.57329127417767
"113256",-1.38832692799536,-0.137826693043076,-0.521410182253417,0.801502622907131,-0.0577200059696659,1.21510056997577,-1.57007219991712,2.28075960379056,0.341287399760188,0.324211479913786,-0.995736701262001,1.24105605123827,-0.435161826504419,1.25841545202278,-0.130301027837298,0.490658680212673,0.166975906714589,0.0583704335908927,0.41147131500745,-0.0328098916647063,-0.0956023119298709,0.376818935972182,-0.202787768773522,-0.0812356354457773,0.402342852581729,-0.285351286165502,0.2120319912088,0.501492248693211
"113257",-1.31873023288668,-1.90100917274057,1.6709246510195,-1.20977536114938,-0.201838822841266,0.615699683322753,-0.351869557057245,-1.08145184834026,1.27950363884306,-0.287995192006165,-0.0285827378300624,-0.578645364758571,1.00010319060669,-0.0452203804490498,-1.26167581766394,1.27315264001018,-0.927616353737907,0.104413140004115,-0.612950733966111,0.887933230281052,0.113500122465215,0.6152669726016,-0.603626902124561,0.799602851746124,-0.319892125812145,-0.0654499718597493,-0.203210495926277,0.0695398243608121
"113258",-1.92627154597767,1.94897874486171,-2.30398854364009,0.218161225985809,0.628982902256109,0.653879969698777,0.442570471528772,-1.44071070122213,0.271791444244317,-0.872841862868111,0.476868324030653,0.189438704347308,0.940862407262121,0.155362032104846,-0.206101544926959,-0.0468817879819722,-0.366533860630742,-0.104633728283704,-0.715669679748981,0.762526718732427,0.721749270191162,1.18236185217875,-0.160836159747193,-0.956812394699367,0.507881480875806,-0.660918490042853,-0.0108494248155442,0.933014967467901
"113259",2.89273850267229,1.05783967020865,0.13700615564414,-0.34886232770777,-1.35967912143008,-2.05893506985842,-0.630807582585062,-0.153174462509511,1.57594773648595,-0.565020442781798,-0.880143888383808,-0.465513134748927,-1.31555350366562,0.144781012145859,-0.71605065055245,-0.353253709925424,-0.829377829715248,-1.03703432344297,-0.961822349647647,-0.125297670201473,-0.509985135534275,-0.741829493139858,0.101265269246934,0.639826034969032,0.24561114614849,-0.0447535129398713,0.267495890489196,-1.1468107937797
"113260",5.64107582200037,1.22306188278855,-0.520704732509826,0.655282858798651,-1.35319075485711,-0.459333556901512,-0.610358732536379,0.327641640619309,-0.608715048754333,-1.31838328642668,-0.305749050112091,-1.50475582276685,-0.158677713479564,-1.05521905406091,0.639930366179923,0.187907076259992,0.224442515838096,0.932612850834894,2.03215140287896,0.406399844676697,-0.292757746169814,-0.151787655343707,-1.02204091610427,-0.0683750954260619,-0.326962775722276,-0.490058949086646,-1.24789096604302,1.15733976793222
"113261",0.471914678415303,-3.03156685675691,-0.703373769244061,2.66219931915404,-1.67883560273816,0.210732611301713,0.582353323395088,-0.335333657331104,0.604042048883655,0.184592832036483,0.528918479505075,-0.927501287377166,0.262684272173145,0.41756465988916,-0.471161077428363,-0.321291240815626,-0.98754300004473,-0.0266903447359308,-0.899811827505044,-0.37552818049555,0.702551120212335,-0.570737972793982,1.47074931458169,-1.1306526575676,0.462754839691283,-1.27035006237367,1.05735955073156,-0.649796125734351
"113262",-1.09976297455286,-0.283735158684275,0.442701077377839,-0.767000104091815,-0.0237675664650054,1.60455313361444,-0.136683874270308,0.71540888425308,-1.00325906487416,-0.631180564177311,0.123753226209054,0.856133396400282,1.78142005474653,-2.0495885893124,2.06130545013385,1.10538900356834,-0.415804694583021,-2.35277693656563,0.931120187339116,-0.503932724946454,0.344691107151168,0.216013220494536,1.44068474183434,-1.63139118505936,0.490034565657135,0.816260287215114,-1.10569855972783,-1.84658462287439
"113263",-0.228627202480137,0.636752602021297,-0.527618259974835,-0.292920635925156,-0.95890405124648,-0.685614730715069,-0.306795721328682,0.738047556876036,-0.483849583660809,-0.469860181618781,-0.342449845094777,-0.0547252432215375,-1.50723224622216,-0.673891418672971,-0.77045768426995,0.217360112515078,0.175756246994464,0.239534230331742,0.363216346111581,0.290328055427517,0.575779806789103,0.121855271020249,0.373867043822092,0.330583606901804,-0.0844417513302938,0.585447178137015,0.197547980837556,-0.357617978598237
"113264",-0.591254122069167,-1.03767796890842,0.638051242902578,-1.74926375460507,-0.20974489798602,1.26375557438,1.04802239249285,0.273811052579574,-0.0106100755459446,0.24201187588167,-1.20059698407866,-1.25036302063381,0.673465088720989,1.11228833289147,0.52355381439332,1.57299883285439,-0.236248487700411,0.217603719168367,-0.822496972746821,-0.631969626175491,-0.906805057041686,0.857415484965303,0.599025799630503,-0.0102198077338009,-0.471961262797387,-0.719769127966719,-0.853093157754903,-0.618416732989436
"113265",1.12153481492821,-0.270148883457696,0.422450675100553,-1.40346514648841,0.274545586834298,-0.357274547630234,0.118937062787494,0.05587641057214,0.713750381474528,-0.151266656188161,0.849983282808284,0.103989133650455,-1.52578007983165,-0.383213481152985,0.762214475233105,1.03374324703364,-0.675589618792592,0.205093809391414,-0.41773122266942,-1.81315611378111,-0.415011893201538,0.827407686342069,0.312117845757492,-0.597125223647682,-1.06412500288662,1.63821980388028,0.193843590018693,0.324571030175789
"113266",-2.44806917749619,2.51560383064644,-1.92155829738823,0.112560846405295,0.486582205321699,0.160295017847817,0.44192350618333,-1.38649735417815,0.530044874094902,-0.268652455485001,0.617453010185264,0.110503639961749,0.400823272567855,0.165521469756254,-0.524650776483581,-0.131009841168461,-0.199307252664519,0.151065806834718,-0.629076504660864,0.953029769579258,0.276208972745383,1.37098675996459,0.283295932413738,-0.833886497633688,-0.0542261001862297,-0.999686943726545,-0.277388924656635,0.324002903463608
"113267",-1.12262192046115,-0.211660822127861,0.726890189186423,-0.335639805180438,0.983719304990726,0.70767213760811,0.476431315227549,-0.328241190091087,-0.440130075036391,-1.45789847678104,0.463831672489695,0.560040998134472,0.897159350791812,1.24629332731481,1.10823040850541,-0.559925899919653,0.790983631824834,-1.05283562955646,0.791221466519034,0.799978329651086,0.67573586128574,-2.60247543923563,-0.550896757965024,0.0609035671383632,-1.14123794216862,0.0711873607102944,-0.0118795754765253,0.965217938094238
"113268",-1.71793677263069,-0.544215890490291,-0.545086871514846,1.01416361660979,0.0097311444708947,1.21709907643705,-2.32284161183867,1.3225879711314,-0.115241943430862,0.153649325577961,-0.76042048318965,1.12671230451889,-0.268320036800217,0.969779073654662,-0.540972416880332,-0.133049351167915,-0.710563771127976,-0.0049059244925806,0.504033513112214,-0.382909726832454,-0.131207139097396,0.206350844273705,-0.26723675177512,-0.390672474035084,0.443113826308551,-0.286346730991934,-0.184405256479937,0.279105393726543
"113269",4.8043062894704,0.75491537823805,-1.23805299907012,0.956820218490789,-4.27802888010228,-1.65597119030488,-1.43048428968797,-0.19409459796091,-1.1156085898349,0.370151042005273,2.20423114729795,0.657703329822069,1.09222906140223,0.946447469219312,1.76571559593192,1.58404102792606,1.21121547153076,-2.17814303847403,-0.801064266678448,3.72894721763841,0.906246005174329,1.36333353412899,-0.0802719417942053,1.35154972187018,-0.54079070552376,0.898203160001147,-2.44253606924555,-0.00246438978741369
"113270",-0.243791010255342,-1.68170887387821,-0.275864834975652,-1.59348430844293,0.752284890514191,0.579983976740035,0.0866217102033271,-0.740836220524202,1.46211642177512,-1.23784798492158,0.974302975158212,0.314492469056297,-0.955599933937688,0.134282091513991,0.708706725633212,0.515228475803065,-0.840105788328938,0.849630363658878,0.296541955762583,-0.656930885263345,0.663555945322841,-0.060041841687252,0.241666367278261,0.0115709262272758,-0.360476573393969,1.54549296606768,0.120025425471353,-0.665187207019263
"113271",5.10136201590476,2.5857607881404,0.721094292129147,-0.13222819679047,-0.395700135163174,-1.7792619525105,-0.895307149817994,0.0494029879503359,0.588220172201152,0.898641376611661,-0.0363923998065928,0.00200293327587833,-1.30186518791355,0.677118661669068,0.37840069387478,0.72093732671223,0.0104719360000417,-0.159124515755891,-0.0333537068385285,-0.434177947205049,-0.509086722827167,-0.23993469739792,0.00243637382292267,-0.0228259906097398,-0.356896535819972,1.10574436317014,0.639308036089274,-0.761774093430449
"113272",-0.723914332875429,-2.22726114685448,-0.432401403127861,0.906856344575735,-1.15523615976678,-0.39978018335295,0.585725532463306,-1.5264873468578,0.220626600836342,-1.32104614918313,1.30809005026409,0.382273667594034,-1.22361437562594,0.228472750379226,-0.439436582109836,-1.49825288427819,-1.02223881335563,0.0436452697430503,-1.38630204097936,-1.15948873469118,0.579009251528567,-1.12341803133269,-0.634364282486984,-0.843157830783133,-0.0664647749024214,0.578154829950709,0.56987945742524,-1.09665006713668
"113273",2.95588023584861,0.14006711758427,0.581590207147749,2.3188479800353,0.573237414353378,-0.624800481339506,-0.943605684138362,-2.29893043708499,-0.695510781462161,0.0784638429769699,2.13102710027912,2.64081625918021,0.337106220480649,0.171230107114319,-1.67757507860194,-0.46054930990996,-0.270679913355716,-0.4735302769008,-0.545842350302205,-0.153703663343774,-1.89228113029029,0.509346158141696,2.18635249665546,2.54225485524681,-0.945135436291349,0.514926344725044,0.328882993882299,1.02344042141886
"113274",-0.751337130313128,-1.49635014905848,0.350471544444925,-1.32731237045431,0.503042909386898,0.265331763964309,-0.214010124033822,-1.0061871830464,1.35342626738308,-1.1554545945243,1.28612498225064,0.490598258577082,-0.802535800980096,0.0635568984344417,0.745944881577025,0.181883261349856,-0.722095966301047,0.79050502720052,0.282881385559474,-0.721461539624712,0.334952330023757,0.143056494233983,0.30782442638928,0.0162588140829818,-0.533398695508885,1.05811332423788,-0.159153408050566,-0.285895108595285
"113275",-4.77516342852567,1.51088475917892,-2.42559111324924,-0.673863934502135,0.0274858278629559,-0.335722520478429,-1.61308934056766,0.325293596129063,-2.75619284421314,1.4994921842268,-0.0461215673644457,-4.54526480225948,-0.630108449859106,-0.63407021290734,1.66680593825097,2.65363814064505,1.14074802152777,2.81126378212911,2.24872767623571,1.39768032603449,-0.267060690809344,-3.06768747069758,2.32453136871647,2.0869895237815,0.992433306399975,-2.56647705178821,-0.143429430096227,-1.98781840823046
"113276",5.92274790823999,1.11089731057142,2.02961120618969,5.53886423638256,4.17424576063035,3.12724752678603,3.4796395171973,3.53585527717586,-1.79975010000717,0.156115580244007,-2.17939100822627,-2.65701508248239,0.0404414661151034,-0.263878355772597,-1.63923521568737,-0.24506957505492,0.195603694914158,-0.576698998676021,-0.610310846905354,2.57165491543147,0.386262681384334,0.562154393233068,-0.379407093703424,-0.360489205177089,-1.41722216106952,1.07470773064091,0.652103512034516,0.182580310045742
"113277",-3.34193093456483,1.9430386071595,-1.86526164554666,0.661830352822409,0.360989896917333,0.335493634037106,0.527371539113938,-0.531531542189831,0.323781586686185,1.02373768581632,0.976648450722328,-0.999418381687008,-0.478672516871203,0.468348145624565,0.662942336031135,0.655778792579749,-0.654960271236741,0.738111344316934,0.320174252967727,0.515564077259649,-0.0604111451286934,0.104951331276877,-0.0427204552922112,-0.0284931867685935,0.119169100122709,0.372851426491669,-0.589813555827782,0.281773572360437
"113278",-0.533102066176509,1.94946599124746,-1.41670248012286,1.09239505381222,0.165691178572953,-0.0329193857126431,0.849643195469492,-2.12157905987886,1.46513973290045,1.1224163322178,-1.13044513505125,0.467582532240343,0.859186179406282,-0.469783903435611,-0.919441830278649,0.0117356316194787,0.722666580651229,1.07876507798958,-0.271840496021298,-0.535742331184324,0.521929684096532,-0.370486858652465,-0.531687974218697,1.88807493211807,-1.19773487008127,1.21152738307306,-0.544445050171634,-0.410244000420743
"113279",0.399395298606424,0.619947607175974,0.731940858669338,0.530383288224427,0.783265756758746,-0.649073772211514,0.338250969739878,2.81820072258706,0.208277451949739,-0.14622016953987,0.798478465994012,0.00802266955932673,2.63220838728845,0.507944350859918,1.19854570097229,-0.829759286638933,1.4144687374634,1.46178538748531,0.904624908789629,-0.187697032012968,1.07183895446011,1.02325936188741,-0.798618757790855,-0.349032332231297,-0.14137547923176,0.763863740872338,-0.00332943082906094,0.181951905191433
"113280",-1.72247689727155,1.10947177366809,0.740428910604052,-0.377910829536294,-0.3926293907227,0.448422176976144,-0.143222005145291,-1.42908179386938,-2.46532462330446,-4.42315255372056,-2.04586564260323,-0.803281041015328,3.13626520990879,1.71860976051394,1.96955752241818,3.71198508193927,1.86342763539457,-0.65011241468263,-2.51588425696306,-1.28351869503683,-4.77036456384973,-3.27811833096399,-1.70914600408598,-0.0658439061149704,1.83966210192821,1.10828662052763,2.73109655556455,1.13869170752566
"113281",-3.72609023347065,2.25928630911422,-2.23302840267287,0.767739282071355,-0.342648945757374,-0.0124950225623438,0.17973532895117,-0.2539271249236,0.0146453292120743,0.601380976949477,0.581777993248335,-1.83187352933829,0.0899059199807172,0.473685687462332,1.23864580871613,1.1550386826938,-0.0811381120642461,1.10745745050401,0.592611491003788,0.373766447045364,-1.12639610134611,-0.551142220063859,0.0664032727328254,0.250599555083662,0.443209027674977,0.421130316055606,0.0742504725587766,0.671875145508719
"113282",2.38008337393596,-1.30468589735442,0.555558810516581,5.61165318543848,2.09509241807155,4.15051241735403,-0.0428463029356961,1.6887648059459,0.630605643122557,-1.35734968899638,-1.32452472503582,-0.309972492410245,-1.65843867770306,0.281911357683903,-0.815641547672314,-0.00382908439525116,-0.26965188141479,-2.06361707211168,-1.27620561698444,2.58418238781582,-0.308145298983771,0.722344559141535,-1.52256221493496,0.168340072736356,-1.83921353529922,0.629880384557736,-1.71885814439903,-0.322036793841724
"113283",3.09897907336266,1.03394835839733,0.080168564422764,-1.57391434180244,0.257932834587273,-0.049508826654261,-0.559933101936336,-2.18043273956811,0.000528906817915828,0.172792238286205,-0.676364196999886,0.826161484072662,-0.0505237790971293,1.29052594887784,-0.27582637345538,-0.511451191941037,0.356305522717025,0.838528522321789,-0.110770879931385,-0.116592474613234,-0.0540523146371886,0.244315963909985,-0.0439560769183644,-1.03298818200794,1.73522413931604,-0.167915386980134,0.20916907834825,-1.8159767681329
"113284",-0.648978414943816,-1.9974368738158,0.170875903637766,1.8650237514626,-0.837760918643741,-0.213935591335479,0.853373435654116,-1.2917267893252,0.284299825403295,-1.24953943512446,1.06275819725894,0.121878228488411,-1.21544375797324,0.273583151151672,-0.537834762634545,-1.20535773944975,-0.717351408580653,0.317060044694405,-1.04542121583353,-0.677722266960479,0.618075220975477,-0.711848611958104,-0.0341432807886699,-0.669051676613137,0.132118612624845,0.663315833801576,0.947891461956853,-0.730722472470841
"113285",-0.448761756345921,0.520083927432117,-0.38539096140052,-0.236100810708023,-1.22177603881455,-0.705073198969395,-0.162775831532205,0.832360486220465,-0.486416468994681,-0.730323574063895,-0.419822595685775,-0.242926398859201,-1.49917078018847,-1.1297790740111,-0.963082161016407,-0.325247758599618,-0.00999819372216133,0.225656301088117,0.518030652378167,0.276418591482827,0.756842248802521,0.770403418264157,0.585114828196765,0.498825383123309,-0.122160713230583,-0.0336786283777867,-0.217306565414289,0.312948836289419
"113286",5.60671752693167,-0.400374497595351,-0.863013715543306,2.69348608686651,2.37914199022317,3.23048866192855,0.513774662466383,-0.743021567204494,-2.38671635497191,-0.0673613927213016,0.0711154942200558,-0.0218525686040699,0.658912319079401,-0.766977537120086,-0.333240759100391,0.217752990648536,0.430258191660471,0.934683093619246,0.937470136425817,-0.463607696576076,-0.236926736005368,1.61453675002982,2.09946953786027,2.04913033095064,0.487233205386492,0.759567741513705,0.817158790193827,2.80760754829848
"113287",-1.03769507499617,-0.121750852592608,-0.508457580385179,-0.0971585629263614,-0.934837476119571,0.286796501942737,0.913664052228558,0.320152789488059,1.35709117356725,-0.642415259102101,-0.865065663194672,0.738729698237999,0.589330379982437,-0.862324055658885,1.28506784577898,-0.719144635537006,-0.906106684046641,0.140813979549627,0.96618162613711,0.227823078378451,1.57349320877621,0.0363700722087526,-0.633139628476519,0.352843585769787,-0.480771553010762,-1.2603747859296,1.44658479276057,1.4702077122357
"113289",0.184949754072937,0.356901065393974,0.968371397108594,0.0908096581617838,0.244295157171972,-0.994965837223141,-0.409442531237706,-0.282851068632741,0.862715108476863,-0.0724117286236643,0.49761147429429,0.26465631021651,-1.7455195435324,-0.502810665420162,0.604805777655414,-0.233827890834726,-0.517748895420532,0.902100749888611,0.539102672922108,-2.09892243288,-0.0586036226044265,1.20422554837097,0.151838309259471,-0.0458170829761821,-0.295474786839054,0.537970015927015,-0.62466576944547,0.261259712337371
"113290",-1.35581293972178,-0.646505964033524,0.371520046701349,-0.146236469715922,-0.397968260707149,-0.545990221276026,-0.171708988440666,-1.46265152821584,0.565914009650546,1.91457662118818,-0.637902165102631,0.299187631543405,0.0473753379686116,-0.178997983848654,-1.9202458179613,-0.912464310823508,1.9910355400308,-1.38882480191931,0.208054560563339,-1.1618118310169,0.456519483920547,-1.20433504787816,1.38903612094885,-1.53204288769864,0.897340213531479,-0.282062630333548,-1.90475149254719,2.39655006412339
"113291",-0.861024683545984,-0.968674508383261,0.380743581565159,0.132564884602106,0.359580314028112,0.456673604349285,-0.126550611177693,-1.8179906821226,0.157816689190341,1.4177754087496,-0.587807986364587,0.27068511978766,0.30268691528006,-0.110784783983007,-1.67959863701544,-1.17791507072575,2.20566487416468,-0.777653822681734,0.845084353245019,-1.04732325729302,0.432902560008496,-1.74471255503619,0.548796741415383,-1.85695584908441,1.04577281454204,0.464303905352613,-1.84653413258412,2.37118600052152
"113292",1.09531720236294,-0.364041320636323,1.22068943702037,1.25195386523647,0.453152151176239,-1.630148671212,0.162945591563676,0.274701620862503,-2.83240704149619,-0.931288129642515,-0.812567653674981,-0.850297260783076,1.01430202087154,0.0150277627989772,-0.875278248490288,-0.853995003661821,0.323284827259222,1.12492905709844,-0.744075179158296,-1.15783767089731,-1.21252638638145,1.18989323365527,-0.516356546219334,-0.338274831091471,-0.977818725755587,0.0358281510711225,-1.17307095396922,-0.557750980239633
"113293",-0.997731494698202,-1.78549358308078,-0.680057571686666,-0.0621597193716835,2.82823760677473,-2.34540449944171,0.556468366735343,1.55278927729322,2.16672475689814,1.12250933111352,0.185044919483626,0.538903553975658,-0.431234930457227,-0.480621549454778,1.31074843646755,-0.0856451713596008,0.598540602850682,-0.710990423974391,-0.343073610441438,0.574449271853634,-0.926192817090281,0.260956906609465,0.285520624001037,0.555460714962261,0.212872332057199,-1.09394075884531,0.378577254409164,0.00414728394045671
"113294",-0.364081264411015,0.0601287658786881,0.0372332982570793,0.0409055610088242,0.485706702314019,0.0892956507821591,0.538765793513006,-0.220349859178565,-0.317189923017215,-1.02798504138704,-0.954425343520539,-0.400501538026359,-0.205442268375057,0.326003425766435,0.455575533025278,0.0553567052141512,-0.0613926126367721,-0.0999100564687057,1.66521850085356,-0.941313676626816,0.877522705496686,-0.216731821814409,0.341536735673561,-0.772406995070124,0.0169459087460247,1.06313394841214,-1.09374175116926,0.244467215473386
"113295",3.11138582942926,-0.878234966577446,-0.0674740609854346,-2.70197304098294,-0.0314302831145879,0.448281262853204,-0.0741726910376398,-1.15226105131229,0.876338972187375,0.250172330621908,-0.201825384289103,-0.222902164571745,-0.374993238954323,1.31155639306834,0.474827388668272,0.226264855637902,-0.444606578969061,0.745192374977968,0.198717017064244,-0.0379832774501715,-0.293868671317888,-1.33626960211068,-0.111731032836382,-0.510360594025746,0.48146504914347,0.181260000301371,0.50816034733618,-1.13012317727614
"113296",-3.3021268202156,0.702608021294886,0.936646521071414,-0.387515877952348,-0.594363701778626,-0.226186123589295,-1.98439496550957,-0.274326907622193,-1.98737572280731,0.823930619063421,0.856947731585055,-0.974688026720611,-0.827699872068635,-1.64982478856784,-0.801664729940107,0.743734545887114,0.377406209969967,-0.518914973801746,-0.952740432717362,0.913574397812616,0.0794222682363072,-1.76341831456837,-0.847081311185807,1.16920872213614,0.690149125432448,0.462447383297353,2.04594543162113,1.53982707018132
"113297",-1.29377645185715,-0.383313170435653,-0.56404087155566,0.373758206195973,-0.283046405803008,1.02293690689897,-1.54278576759777,1.60133685707629,-0.117699328696518,0.0892022220095299,-0.91002213458229,1.3560912470396,-0.860551981378531,1.06663652613286,-0.562365855499805,-0.207175091578606,-0.266367497618078,0.1461137249454,0.487171111392444,-0.0448191366549455,-0.3187267548732,0.499897085695201,-0.57132898445961,-0.0765553769402924,0.01477259086268,-0.408260640733948,-0.457286610108241,0.525314047159449
"113298",-0.820885897168427,-1.89159010890367,-0.865036950054992,-1.28706088300431,1.94051710981158,-4.02556494892459,-0.377300604656993,0.635683211688465,2.22095066364053,1.27859540423497,0.0148513133228492,0.584881125721978,-0.472042732323363,-0.285566163149,1.05184691878646,-0.445691233262659,0.262447550798172,0.270500236414474,0.380915243606239,-0.201198587497145,-1.20589694966089,0.963097618099397,1.07032899952838,0.513179784803167,0.021796203162568,-1.3066433354131,0.740244643247057,0.201178155206072
"113299",-1.92185846927503,0.899122990115438,-1.74952744340551,0.692855536950646,-0.165634239808441,-0.306028162369539,-0.0412954805959237,-1.35500190840864,0.90617513706812,-0.282109640391216,0.777709168156797,-0.309251468349313,0.264275365360216,0.901294171360221,0.542989100319291,0.290177700936845,-0.108416453426645,0.740865452442126,0.485515233534735,1.34194917781851,0.197393732438066,-0.208393372136637,-0.442772210495746,0.0214759525041784,-0.576215528614145,-0.549344336801997,-0.171284109427386,0.880671633197214
"113300",1.51181469182504,-0.381771974002453,0.121663033248477,-0.428808472100314,-0.460864379713961,0.680571965286313,-0.090872745429989,-0.450187041699208,1.00788555751333,-0.13128161907104,-0.592631302182487,-0.581318715996232,-0.0597038307995848,0.621361317105936,0.768224557091123,-0.904391048319718,-0.0564591820169157,0.381343464021484,0.530616698905154,0.498845528569846,1.0897228624036,-0.129822835041248,0.141705498483878,0.766965650772013,1.77081476032207,-1.45085001356671,-0.749557513733329,-0.283025530568204
"113301",-1.59962194158584,-1.83682082097584,1.70670885531154,-0.857456357343995,0.0619592671815922,1.12406112490217,-0.0570304761370718,-0.748345014200635,1.37328169871271,-0.308429084666624,-0.00680752491399708,-0.836016266653754,1.13275695164663,-0.147949848239757,-1.26395070666279,1.15705861680309,-0.976534217157793,0.28076282408507,-0.305524895529907,1.05822995675627,0.0211538308805548,0.474582423113247,-0.523332478624958,0.925616178019829,-0.13936840167891,-0.0385015865983065,-0.227268027376831,0.0854517808002307
"113302",-1.01970307110125,-0.131477790748555,-0.343282391696602,0.510066031382927,-0.32085282261174,0.835433594123279,-1.45602618625376,1.93655255991539,0.109581256908541,0.229274710094128,-1.12372230148718,1.31764271423828,-0.946027816874633,1.18506008873266,-0.473513206695711,0.142122911119842,0.255220630465592,0.16422557045299,0.360502299188996,0.0587528724440511,-0.465387065745947,0.610422178828363,-0.464163516510303,-0.118295200396868,-0.117485811223059,-0.307275219419686,-0.0900834044429235,0.509127385217629
"113303",-0.564628597192342,-0.939355652019024,-0.997465815139007,-0.137620019005311,-0.413981595939418,0.83617040593561,-1.71578485178517,0.952612783153149,-0.501072207585992,-0.294977774942632,-1.10755436350366,1.4680918847881,-1.06727960530725,1.0437099099997,-0.860711747607823,-0.411803832320876,-0.597496815471499,0.230680195347447,0.455381895156798,-0.336041720010443,-0.499452460484704,0.174051444154588,-1.25051784297501,-0.471832383217622,-0.14436554221514,0.013461287891258,-0.580832042835287,0.296662333611434
"113304",0.835987865437397,-0.339671808894894,1.55411066482188,0.612526679942672,-0.0535736634243265,-2.08090213908323,-0.42383709437978,1.29766442248889,0.00164145502544245,1.84720770017075,1.18248399837967,0.434918461929478,1.62121243259818,-0.056030431328054,-0.83321973539915,0.906296833056195,0.923625644285851,1.17062990803186,0.238966111995367,1.04974452702807,1.12778148680563,1.14011039524894,-1.61766390771278,-0.437085191255875,-0.0702636545773745,0.824262810350544,-0.0670433808481014,0.167259965426483
"113305",-1.18397367058078,0.347936208904744,0.402870288420516,0.177060755399279,-0.715587783566939,-0.698765855774853,0.354182549797953,-0.0462911141531728,-0.507699028352966,-1.0525496415984,-0.803967738422182,-0.281625978829153,-0.0613963138357321,0.142546427024513,0.507518887324773,-0.212840810806606,0.0264300622618195,-1.60046674653446,0.1308659957551,-1.14095090250018,-0.138628344068509,-0.29281507739441,0.118220087550318,-0.517332938394624,-0.220025310655508,0.531577239220306,-1.36715842168965,0.737525094466975
"113306",1.88072403509304,-0.469332846774821,0.0642666241196808,-0.433094928252778,-0.0124849700835679,-1.55304232531849,-0.348211752876557,1.76216984226297,-0.592806402633924,0.488704609648171,0.862622246888186,-0.118476128088356,1.85880321947902,-1.29463124322441,-0.541284646217345,0.625910367880994,-0.269638079786089,0.500188600351828,0.123492407443958,-0.554159951113337,0.914956424296074,-0.638549949362255,-3.21995578279485,-0.786205926926797,-0.36426292921353,-0.954784889402747,-0.676316286697165,1.26695940659292
"113307",-0.180643277320157,-0.344916029264481,0.295259135137896,-0.320066910534327,-0.53929070754011,-0.0342405154453799,0.224716847019489,-0.470638183839857,-0.34489856265436,-1.19660005908185,-0.585472092191387,0.097705099248506,0.733637434124385,1.14031110047849,0.666537652990967,1.11285258106112,-0.289171084306144,0.360585581343151,0.0634317419399623,-0.5158125861641,-0.270953222345131,0.255076545132971,-1.01537943389357,0.654509455482917,0.0270283932908741,0.111132982483102,-1.60336732166387,-0.52538496180537
"113308",0.776808985662664,0.308299470711714,0.971741377856463,0.645587878155321,0.908396118881893,-1.63270532232875,0.845357957326219,1.50360645268848,-0.680488696504581,-0.275843301941117,0.134218179636947,0.277395740257934,0.958542406911415,0.362923135574604,-0.371757438461266,-0.511190748986985,-0.213334248080086,0.785888807252463,0.118823551725143,-0.433583652800666,0.791275540442389,0.717002507022104,-0.767761287493326,-0.378200855869524,-0.212760071822725,0.396012894398841,-0.473679700469313,0.0719197874022978
"113309",0.0498685863288891,0.313540946191765,-0.172540032612079,0.0747904812997914,-0.665604901038725,-0.747317805747888,0.295283528524747,0.644378416403093,-0.0513007171537495,-1.11985039865698,-1.21883914593319,-0.716899186168221,-0.0217876318656534,-0.277752508883645,0.46080927691937,0.372665856040327,0.21830717064456,-1.25484436161139,0.633833722163149,-1.25132749004213,0.385424662860149,-0.188413390690195,0.262896407980325,-0.940127640362074,-0.629673072943955,-0.0491459678353217,-1.24403497850711,0.68806838616116
"113310",3.20756938626196,0.840268556393342,-0.711301339752707,-1.51353177558408,-0.135993324208059,0.225128407075693,-0.0438829192300315,-0.752490618964274,0.718651866747104,0.0898002811788406,-1.13040916929401,0.226626649050611,0.0458119732920031,0.632730547243294,-0.438975840937752,-0.166340306864824,0.270024734565533,0.0505378533731688,-0.683981379167271,-0.105580413819232,0.357252057281066,0.373355917124157,0.110371832591816,-1.06061628903988,1.78208164513085,-0.690899361571734,0.067792801030092,-1.92507502921913
"113311",-2.84583562590104,1.72714134562282,-2.24384939920092,0.221293765629865,0.226675789328874,0.530861073142504,0.233855429470081,-0.545849956623932,0.298503850168383,0.524466752069193,0.574397751816564,-1.53380430713675,-0.402458575929164,0.0290012876488416,0.533249834671815,-0.259557291237007,-0.745907320714334,0.703467707399509,0.184936147977927,0.100079657686621,-0.156394397036686,0.403874959555318,-0.358404445745423,-0.211795449655608,-0.114618130591645,0.843538802287303,-0.397726746743189,0.335193088919181
"113312",0.487743598696691,0.606317463989098,1.41963899692338,-0.522330267419369,-0.486359532329065,0.479185425416619,0.441605964808967,0.182470731001674,1.16917997117296,-1.03755768423661,0.798071162412881,-0.27214223689127,0.0580712659440016,0.0215023752906457,0.45172599791469,-0.732252010230816,-0.569469749464687,-1.01926114090148,-0.715304499337524,0.511120049052497,-0.803259008602935,-0.764520938076761,0.061223085955492,0.831366329435855,0.641271896176225,0.104991002239838,-0.0578390440614497,0.68954734161325
"113313",-2.49573138591541,2.39584505376544,-2.21814282487304,0.229991641929355,0.359372048632247,0.141314432782103,0.157314318119693,-1.5954282900501,0.256099000728675,-0.402291522528603,0.603077382221482,-0.0211776866390199,0.67518560746913,0.313888793619482,-0.317647422198232,0.225418117748677,-0.195054795576666,0.143772805058599,-0.631063233525763,1.00422152400994,0.200245974544297,1.03030028628404,0.278339801939631,-0.808121942251579,0.217727798822557,-0.708465642818349,-0.0646779560620591,0.239127689646956
"113314",3.27368039542753,-0.0493772892178638,0.892711418868965,-1.67264155127419,0.0318408775727478,0.393486462362495,-0.0647335441585893,-0.654222578320374,0.976226054374788,0.426788023496626,-0.171886544058018,-0.675363975980125,-0.515884659571047,0.674724850759979,0.152756141065937,-0.0931909126732073,-0.235038354456967,0.55506608861009,0.285037861360292,0.151071893831086,-0.849535911943547,-1.03539939463261,0.238847348767674,-0.524616051653982,-0.390378233318399,-0.984867372064917,0.173216844116079,-0.612895112817653
"113315",-0.804381037965831,-1.75417764989121,0.290451532644284,0.85398156692576,0.669383479967881,0.955206748518617,-1.98850569961918,-0.133440048943066,1.66431942703558,-0.654140388419064,-0.155422308639356,1.89605882433345,-0.446528195754561,1.93350586377878,0.902916325355658,-0.678634835951218,-0.4672263469349,0.70579269334776,0.581005454336737,-0.894012951502791,-0.389130012264552,0.824022178255238,-0.981104255610778,0.138099838063069,-0.208119138373527,-0.316058334802341,-0.899062709706631,0.479828652360485
"113316",-0.653665201841781,-0.429436691268928,0.0137402338426639,1.00820412606835,0.718336989366152,-0.85548679342484,0.205899069236707,-1.36826595315035,0.0758690651693538,-0.451443348552428,-2.1012514615707,0.405587285830509,-0.722332823672607,-1.00918652452333,1.63429899516676,-0.548580497225996,-1.63169633893017,-1.27078366916364,0.10443398140042,0.0872528473951696,-0.254916034149715,0.334959456269508,-0.312152972568913,-0.183173380375575,-0.882060376401638,-0.250709681868889,1.9411382021937,1.43955285735795
"113317",3.76411131414981,0.141232546490408,0.363429828020477,-0.071452379659198,-0.437684104674171,0.230022984916006,-2.01942606933284,0.193659374170723,0.834929992660478,2.0492338245297,0.841414713687809,-1.45905735756706,0.596791426734857,-1.09240683939724,-0.599133063000255,0.139104792441269,-2.43542367036635,-1.75915681850008,-0.96528447509766,-1.71315406679786,-0.986721781106451,-1.17415629167724,0.600707092611783,-2.55223242531932,-0.937443299421374,-1.74918508512473,-0.996894529300188,-1.4705592634523
"113318",1.84651194367901,-0.0182997624955429,0.922423133313434,0.217347117981985,0.0867500788391659,0.5158642390858,-0.626013085424886,-0.692678739563984,1.17207016791921,0.125754238542708,-0.477548644079402,-0.817221329868639,-0.128740635862146,0.120512461476372,0.0670354456256491,-1.46216983791369,-0.57549189758881,0.820931488439903,1.14394233081674,-0.254890806790808,0.0436775361300162,-0.858407512731145,-0.0547691402404362,-0.0890817180200726,1.0049526798823,-2.1878357791876,-0.915366627036061,-0.576270480591464
"113319",-1.60315279321405,-0.310906861007282,0.999568670591776,-1.00002740350509,0.262081065303564,-0.410345519477422,0.601423477781877,-0.0537736398589094,0.497906751287523,-0.846670532350404,0.700553871137321,0.826265636053915,0.807166203901341,0.889666870292947,0.340423086113873,-1.39616701374461,-0.0365492676895029,-0.561787671934497,1.53755273665638,0.29784275972043,0.78687795592917,-1.39242459819265,0.569132663922236,0.152607177944287,-1.42427316587618,-1.39298827804586,-0.638951145049988,1.46776340150594
"113320",2.85684073794074,-0.438951147491629,-0.933759325716587,1.41636209867563,1.66686994418787,1.81919839195402,0.434975868206425,-0.0486139102130863,-0.567260217431949,-0.30850849886166,1.63534108453019,1.54430913196824,0.607942457189817,-1.03124790439023,-0.202918999359508,0.730460924269622,1.2227825712835,2.26411524093314,2.11027337012332,-1.20365580093902,-0.691916868022805,0.413446499478991,0.559831466513198,1.16410191914233,0.346666579711198,0.827464931965196,-0.567560656899415,1.16828862126592
"113321",-1.62417802350368,-0.216347551175992,0.787648750338734,-0.289122516754526,1.2839294861386,0.758907953785697,0.946093186121364,-0.0604249737912374,-0.140108839577741,-1.09321759821534,0.603202754241334,1.05668353022058,0.636750295647217,1.39465267585486,1.06847922973866,-0.0202344465371509,0.395718152948157,-1.65045445808662,0.287501614388595,0.846644618318591,1.52607923410144,-2.43879852525012,-0.165652615798435,0.29488862893203,-0.696532045374688,-0.34992664003311,-0.154650202426996,0.977628311900798
"113322",-2.53712924590678,2.38312974433764,-2.18813849736125,0.334855002560057,0.567831714313187,0.405829038717206,0.293752466839449,-1.53275833800757,0.217677386291628,-0.500687217467041,0.595214914646621,0.00498033831195779,0.79775815003079,0.424616474379803,-0.102638901281082,0.364365942158263,-0.041316283865378,0.314250592810155,-0.452081318557916,1.07660630120035,0.309947632297389,0.940896312742363,0.222139350592812,-0.741813664356691,0.460603911305427,-0.578822283052264,0.0786688009459677,0.400221517473989
"113323",0.0181612785373347,-0.347692745049567,0.612699888375124,0.585566490960965,0.15575759547864,0.372940748367408,-0.650370110498687,-0.827884306570224,-0.0870076921328689,1.15040897272059,0.242016938608008,-0.531027236502735,-1.39294698698997,0.20848455163925,0.987325739642186,-0.129116713463137,-0.0558092651132075,0.327360785048036,-0.348915395314998,-0.924384407010265,-0.0154831896855443,1.30277105263911,0.649735288940879,0.0377864539157884,-0.0559258677788042,0.521230634053478,-0.880107282415367,-0.819622331946532
"113324",-1.90723983166561,-1.68917129971413,1.93872001436121,-1.31335859957845,-0.591127871918813,0.210029615408162,-0.83410754297696,-1.30675433860917,1.20658845043302,-0.179506230597755,0.298867510431363,-0.467093803779015,1.16758099670794,-0.0877996092115555,-0.996661987506368,1.15838045053018,-0.632313614270606,0.117805939112542,-0.631214417156273,0.820406012407719,0.0257662977887967,0.825597907051328,-0.502659054643097,0.841621549611711,-0.517983864445788,-0.57858083907207,-0.490550110340439,0.217972760323632
"113325",-1.1625638388074,1.54871842628788,-1.60389626519228,0.750081175296511,-0.425738227103204,-0.7589448056995,-0.544198729004405,-1.98746115095073,-1.32974790883556,-0.645267331556964,-0.127704028315399,-1.1592466744005,-0.441311029729693,0.38041595343198,0.91481234027328,1.05547758125244,0.354746928939281,0.570579311079609,-0.39915182748058,-0.451434766257164,-2.04736191793031,-1.26686222900371,-2.23561765895531,-1.16912052671261,-0.449174170860634,1.01479610259816,0.241437531048347,1.30713994266261
"113326",5.4116452002555,1.55903309410362,-0.235414571522561,0.609500797999447,-0.530098661273222,0.160837445146543,0.229356044242063,1.07144768717168,0.0109419442840458,-0.951377241774007,-0.372446117241589,-1.3744864557401,-0.875034608311536,-1.30669613362189,0.244169992329734,-0.0649881858285645,-0.0618953561164031,0.456122656738273,1.51311156050422,0.219290602900176,-0.0652512511397774,-0.291939681729865,-1.22498206531234,-0.142612180466976,-0.524605382436242,-0.730136523398144,-1.47409042073578,0.659318094529484
"113327",-0.834301212810806,0.930770366560555,0.984010321956794,1.04026663365581,0.446458055376237,-0.110754849417175,-0.154157120034712,0.28523559670219,0.589616051855748,0.144326391293063,0.868421284563533,0.117515435029096,-1.54749886628827,-0.260206275967959,1.28609870387867,0.502318271431388,-0.00510746282410009,-0.26954796318786,-0.547265895080063,-1.10450531311048,0.227702168801206,0.866155338955964,0.296461720177245,0.655486563947446,0.0710312693962538,0.906655014545346,-0.61461834654191,-0.0720581160388323
"113328",-2.34385290068701,-2.52370942971158,0.105852931391854,0.611623071665047,2.72268462900196,-1.85885189675464,-0.714728573907322,0.525202971864658,1.90292395900186,2.28724807633096,0.496295691738616,-0.461755940696601,-0.446327387275822,-2.00044137037618,-0.0518050312079652,-0.0394793429410717,0.0244506654380799,-1.1885250625071,-1.02224268838867,1.34278298867023,-0.537901227317476,0.625886541680421,-0.473256759805048,0.846565849058818,1.07174878252931,-0.61699464328659,0.584480098232129,0.460903900139251
"113329",-0.598775024882182,-1.12664430302222,0.0310065321049619,-0.264559707028215,-0.161718366666151,-0.166576987406764,-0.127357751868236,-1.82280696937326,0.270118046081179,1.46734274437287,-1.03172188912122,0.087944707863761,-0.037488596854074,-0.0603204548289439,-2.03654918097285,-1.02821750139107,2.16581823248294,-0.88168338701895,0.5006102177373,-1.08634883831496,0.209412699070731,-1.53370842683549,0.74954748955085,-1.86305267274304,0.960916992006014,0.840852926388605,-1.59626938584875,2.0077280379132
"113330",-2.05324051834831,0.309811243331505,0.97516225126682,-0.191457106137644,0.481500803393515,0.9316587665182,0.113193450617228,0.536255649500145,-2.5116233409473,0.0872418610865864,1.08492137946969,0.654992836604397,-0.452014342271468,-0.16809511115447,-0.00945847621975363,-0.229728653469385,0.630018609484342,-0.056340615735399,-0.69839826181643,0.0804999418381366,0.010141566891197,-0.628386038020671,0.52835755765316,1.11119243800085,-0.462767517923463,-1.05128012226281,-0.0188315094612806,0.643337438158819
"113331",-1.83577902913708,-0.0873303723631689,-0.370489973622551,0.724460048589059,-0.521135106824014,0.639667758553282,-1.76703225155097,1.65788262397863,-0.121629362799158,0.136411198662539,-1.32374709433095,0.863393852826899,-1.0250728513691,0.912333392985929,-0.759584436921812,-0.123974305144853,-0.351868778945835,-0.327275121877467,-0.128361208556345,-0.153285932895598,-0.511905271294761,0.795644987475929,0.0625920499517565,0.163815934430847,0.195508458307514,-0.356221080890854,-0.0336248279214808,0.546891071765931
"113332",-1.60305087895494,-0.646299215923118,1.34894415882028,-0.256112721594658,0.306297747676131,-0.252545906726926,-0.00131249453136625,-0.619652842898067,-1.49865875152539,1.84838944023124,0.915112313879184,-0.673157706623137,-0.877125843460612,-0.281789824663683,-0.866422884517,-2.46730367957918,0.0478120725853417,0.879617303108023,0.49157378216125,0.996737816905226,-0.608406811999241,0.233328580426937,0.242020569496323,0.446118947731549,-0.378632251226002,-0.783883136086284,-1.10561922646573,-0.0426297272268501
"113333",0.00988812874306858,1.41505581120115,-2.48150400984905,0.308030855152548,0.149753481455166,0.0137917703110987,0.692852919747001,-2.46146468389238,1.29231665997927,0.940635878811543,-1.25338693031542,0.419421244763536,0.707352386878482,-0.457553433757769,-1.1427894124078,0.0565884323438003,0.0867243868620685,1.02425073711487,-0.385404459902041,-0.854668544096063,0.616735698678275,-1.02916418778967,-1.04998120092075,1.59378856290171,-1.19893934602204,1.75692230986335,-0.613221258882594,-1.21126748040522
"113334",-0.30489920480603,-1.27682788156881,0.577229808268457,2.68450793190642,-1.62877548047161,-0.929634047648217,0.958572990726699,-0.332797937148596,0.594989944451207,-0.846346562411652,1.00114844561414,-0.136153014033464,-0.950605678795553,0.327678939318396,-0.274675410816458,-0.208035561016347,0.270511925655968,0.185378915829378,-1.01984688269352,0.0655385932934336,0.178216344800399,-0.298403727584122,0.788598611182069,-0.341434102466065,-0.310568455145196,-0.141832862894584,1.1887331797486,-0.186325718707189
"113335",-2.40108061974111,1.76482341610652,-1.57042870146144,0.477887548829481,0.378347475909862,0.118937182272599,0.846212191803725,-0.49618057449243,0.514595966536387,0.980628474341124,0.846323001833118,-0.620753141592499,-0.726755228725654,0.404824698931697,0.27930832909456,0.30986380614186,-0.729561969552201,0.746177296975222,0.328074625475843,0.287276967432153,-0.255029338597173,0.278788645617473,-0.439894421598347,-0.379702011578288,-0.297224902208295,0.257451909858364,-0.666399429706708,0.578575859275178
"113336",-3.26678775265461,0.896310802322227,0.186074187359704,0.993447217944907,-0.412575702005443,-0.591849735943399,-3.472235541876,0.850363484199488,1.59600347083286,3.32335341203537,1.80912456560026,-3.1227069332993,1.97575982242365,-2.07848682066793,-0.865097664272148,3.04085896767562,-1.5509227232322,-0.451296262196544,2.1323751268832,-0.437654627792065,0.0528686196505216,-1.47815039912096,3.3552639331647,-1.89821648354011,-1.45323756967854,-1.75724442618445,-0.902404291135802,-1.8784837506507
"113337",0.10340912678641,0.397235674178084,-0.314794440911931,-1.66060484096759,-0.52827150077711,-1.10613953689241,0.464629906718035,0.404199074182556,-0.0972968760778477,-1.64195707158047,-0.0824287050481927,0.401088812359934,0.580167137832958,-0.813299371213231,-0.26384058011793,1.04355261492343,1.7991965376105,-0.147732928523458,-0.953258054082938,0.755586228592501,0.127213136495532,1.32317650929286,0.515238234693003,-0.501515674808653,0.431602492053015,-0.593813901673481,0.457881811951659,0.722493542131703
"113338",0.305297131020391,-0.630479967488916,0.410697246873789,1.8372305056505,-1.26305791996699,-0.308576581314845,1.16478733163489,0.563789940637545,0.0273459803719428,-0.167021108988625,1.55500969176007,0.276739375101094,-0.804431295870257,0.0862435042337133,1.12965874541613,0.41163540674626,1.04905264659266,0.482947061150934,-0.782297050044057,-1.10900820471597,0.815572823881124,0.309642670479216,-0.133467681844437,-1.08225847538905,-0.0974622095927285,0.232136542737537,0.775907489637268,0.627140021695844
"113339",1.13412023295924,-0.0717226788249274,0.941024604724282,-1.09344868359183,0.177299082559801,0.449772833203619,0.217743993695557,-1.0498485773219,0.724581192819574,-1.23221307665889,0.523921297326647,-0.0874266605695949,-0.490226427879683,0.29824831201715,-0.0417359461011635,-0.610961947067647,-1.29965505515341,-0.193184158186694,-0.114312378168894,0.178586923203353,-0.43366420210475,-1.19447070197176,-0.255746377369171,0.36766332256652,0.886629342965796,0.931451378238485,0.0661114645903468,-0.0665107460585205
"113340",3.44443715169035,-1.08764217282523,-0.47368030322415,-1.40591046954429,-2.45440607256683,-0.245268603424108,-0.777264553894583,-1.20609995054529,0.0957030341643324,0.820991368106054,1.27324622251573,0.336581485377308,0.786395832985958,1.76397872797507,1.01416180656282,1.03039679806939,0.367995691621825,-1.32886071918857,-1.15552722673909,2.78737530627521,0.368389666495182,0.177132746480178,0.769373659177639,0.472040873968764,-0.332294380556114,0.0666879567029084,-0.830534060647915,-0.929199773489636
"113341",2.72592737496343,1.4402472708233,1.50113498485554,-0.0790665136565435,0.82937031301877,0.0841267586686106,0.606184927326841,0.0717075903712608,-0.213479989740099,0.884255382410608,1.25146805928202,0.464149797314941,-0.702087117374881,0.788573060471717,0.0482436276201675,-0.76509196438059,-1.05900919791319,0.0308519792139596,0.522244282477681,0.505621592874495,-0.279286330100071,-1.20649416040607,-0.310943438734444,0.666031922123687,0.514347167988035,1.16976095908253,0.627515650892732,0.711709402569687
"113342",0.0995820109081037,-0.665869795846964,-0.836642528923469,-2.30574601373612,-0.0294031809444225,1.34746048246829,0.0487084461129368,-1.23343424242134,-1.50925525755653,-1.15690278500846,-0.735473123987031,0.494212277550195,-0.342063759221425,-0.379981390883268,-1.64615371519744,0.0381791283789155,0.187549339416244,-0.67230116741323,-1.67094738836113,0.79349254217448,0.517759436742589,0.579592087499891,0.678972707305525,-1.40488817381382,0.107426060167586,-0.222841588725993,0.791608641586792,-0.790464254988702
"113343",1.07123246146212,-2.66254683573143,-1.3873776788208,-0.384784055944554,-4.28598584878959,-1.60328488837854,3.58161111694441,3.53302940844876,3.92380340911954,-0.239201798905147,0.260967054765446,1.3759150532857,4.07469134005716,2.65716321370989,-0.598198751458272,-1.87210777609313,-1.13450664140603,0.116290982430272,3.6221227838962,1.53694588066404,-2.06095187223553,0.564980641068083,2.56075364091059,1.33214086645146,0.931958118501342,1.61251650503579,0.0416209865615952,2.26856892722575
"113344",-0.488140178198381,-2.30041718006288,-1.05223894317707,-0.283589159725749,2.77468291742464,-2.44525926564336,0.199004218959259,0.805203414509456,1.76343493928612,0.895386770721337,0.193929647723033,0.637378736784728,-0.35784999254038,-0.320549234925478,1.19827874838663,-0.109247985802713,0.348149362891102,-0.362727918278242,-0.0144034401529769,0.59461801296863,-0.807560531009325,0.164225793412403,0.0653739748387825,0.33582547041962,0.268855822964801,-0.588641483152496,0.349236117437283,-0.195750993124221
"113345",-0.475960880219723,-1.02492592639216,1.55226499726315,-0.0630073192732401,-0.0334008804067967,0.570740516469554,-0.165327439872069,-0.437721613756166,0.740341638653977,0.637178574192634,-0.118425078316114,-0.0806770176142821,0.693702065272801,-0.0790083546884156,-0.761824506018389,1.11643721689616,-0.509745928357768,0.642203012052784,0.216955819198469,0.0815529664288412,0.565487624871011,1.11432341565339,-1.70106349596424,0.556894351182306,0.594795226142937,0.281215011386983,-1.16471435104689,0.101346760303021
"113346",-0.062184063077725,0.30050933340551,-1.8499990874279,1.33118715644949,-0.471899009630538,-0.272739081007246,0.635427696622874,-1.16635595318183,0.988075349079199,-0.251401305379139,0.516727268091588,-0.404162744530959,0.407312035141584,1.22145896893487,-0.316514684641851,0.0801929084506401,-0.227684348096479,1.28583591578423,1.22642954717601,2.18715623495967,-0.84790057866716,-0.226961902020169,-0.537430054330228,-0.213625839903125,-0.931448005142928,0.683720641361765,0.117129657291802,0.701518249145901
"113347",1.92965795256095,2.63829271415805,0.853227159302361,0.397899714907005,0.0933052081433388,0.582326838309503,0.758019216432365,1.03397022084613,1.39740892722182,-1.06871754158713,-0.095677452249482,0.343480978498418,0.732996035519106,-0.150497069960102,0.0190906762331158,-0.697675760200334,1.08611095269293,-0.0754114409238036,-0.0582289958309393,0.341844165022402,-0.9168031366723,-0.0457544347208463,-0.409393406627352,-0.257615664442087,1.54494672824709,-0.405594179585591,0.134219578881833,-0.309409723147842
"113348",4.20370296224886,1.64496173766772,0.588342903429474,0.885647227927133,-1.07175625964296,-0.458711092596038,-0.917278985822897,-0.278506962888241,-0.53050014788514,-0.928439808216787,-0.458480182168328,-1.94516202738614,-1.30333662007905,-1.4818925718463,-0.233018661658877,-1.17058205983861,0.431593619600351,0.785497945713743,1.27982593288755,0.540025545052713,-0.687447768451797,0.760354817309428,-0.833537540542007,-0.174370294254574,-0.979240734053375,0.0924944211216447,-1.69904727269956,-0.0826453921931264
"113349",-2.19561206695019,1.29662144769607,-1.51882443372786,0.875423588441994,0.321591572819739,-0.0387144497843343,0.146058856145417,-1.03539147004196,1.19209825594992,-0.0650170953484489,0.669155382618993,-0.674593542203512,-0.0269262018462583,0.704558444422645,0.378113239312708,0.233849859128368,-0.0498600360157322,1.21725158231446,0.938025288782773,1.3524104477636,0.14543026404293,-0.225601704543156,-0.152055378899647,0.0262006692014737,-0.722416062235421,-0.789466745847457,-0.164959754383177,0.580014867425995
"113350",-0.988123190435627,-1.96708831453144,1.14445607373535,2.47473849113996,-0.301317456267937,0.543878716968295,0.84315526298975,-1.01082736347089,-0.532301928625176,-0.848079010997504,1.28367616687862,0.591738981823206,-0.361991253790737,0.783831980334566,0.556159242141593,-0.385922346944138,0.89796423269405,0.38013030048686,-1.93625706110189,-1.27134483435163,0.304204150586362,-0.0583865571212841,0.483510299956072,-0.379173278378205,-0.0374864790878211,-0.657044746964356,0.489275920383986,-0.769354068774283
"113351",0.158552987257547,-0.446142195329261,0.0352484001681704,1.53482790131237,0.641386594376266,0.650887931856402,-0.124530574531039,-0.822665121822256,0.28331771871014,-0.599636920316877,1.9829420361124,1.9945424110296,0.7781270064268,-0.695134028622701,-0.819095022449753,-0.649572366164446,0.789551974937545,0.904887967443867,0.636529907148326,-0.796820187800501,-1.71889062754179,-0.0967019891634735,1.19418831737474,2.25112151089519,0.109992933376719,-0.531722017296189,-0.622272509052514,0.887093754299234
"113352",3.53695154651478,1.47440767377099,0.0208608541451754,0.556811025065854,-2.46186636902912,-1.49932254044693,-0.352917205812865,0.746659314942407,0.386144212317161,0.721126429404058,1.08864977717679,0.346525891386605,-0.104923186988985,0.501038021725152,0.95259226381029,1.05814466526941,0.624090143431549,-1.06724996712607,-0.233032237277175,1.5981169658006,0.249474959308081,0.769944248306258,0.137115916927236,0.80898209121991,0.0982652141326415,0.21234538597846,-1.4290554673343,-0.107596769847838
"113353",-0.359425946140663,-0.182543986109441,1.50963678419849,0.361727733825247,0.166907077430781,0.296299434361798,0.344300201538811,-0.503618010227607,-1.20574372283893,-0.76989642622675,-0.994450844205203,0.120416880724894,0.870855516971809,1.42912331384609,0.813500209607911,1.48020196351807,0.499686380702461,0.457034229524936,-0.929804922586679,-1.50179996996599,-1.10800691251056,1.05924631740715,-0.00990454291514925,0.980654271890484,-0.222327344781139,-1.01944816290682,-1.70923148438724,-0.675004514499631
"113354",-1.65009580707479,0.91141254090935,-0.343015619273278,-1.14683654603528,-0.596633309775264,-0.639694504948157,0.537511534582713,0.656649364646604,-0.285546589575967,-1.19293200045658,-0.769730366076708,-0.454471047075887,-0.808478750657704,-0.951408101036149,0.384626921590822,-0.642855971105388,-0.920295418735091,-2.75234184852461,-0.909963597590736,-2.55713182977917,-0.205519472685761,-1.42963057401988,-0.86092161516976,-0.73531013289574,-1.00580184694047,-1.41892095906337,-2.4016792327539,0.462577303364676
"113355",-0.195314442528538,0.077312377731253,1.47120313382622,-0.475966345415193,0.61261940804315,0.213829438801526,0.23258373232127,0.336850737507087,0.89245130119033,0.0603676823441494,1.43665284713421,0.192022744405418,-1.21812530828403,-0.559684467467946,1.07999600146274,0.831929103891442,-0.0172591301269653,0.575584270929717,0.101830458807651,-1.4409105976901,-0.550818203609518,0.897587094958135,0.306860905209969,-0.59980429642189,-1.0371554487211,0.895639677563457,-0.426997121229951,0.558541769069813
"113356",-0.6848285294068,-0.0206281631247248,1.474758596551,1.27125204502028,1.34144353877107,-0.686778668443256,0.935915712848241,1.33565855942005,-1.81547432127648,0.114478771744029,0.304659398858513,0.35831969972839,1.64884119057588,0.998761178115255,0.365743475745885,0.177555698611977,0.782486249612316,1.01014650998525,-0.697718197904114,-0.728121224491404,0.263757523094982,1.12265461881628,0.0631542787444226,0.289319345493546,0.248591402037393,-0.166996615724694,-1.06762739576617,-0.69362652717748
"113357",-1.81208569883225,0.685995089169201,-1.04113869520095,1.07413722508115,0.780004324851494,0.364869526316365,0.295870552364423,-1.65967383079455,0.90753581634296,-0.486404041412793,0.584016395792432,-0.14926402050952,-0.0135451239235335,0.895074627717738,0.285519590398689,-0.208120724291604,-0.074362662151349,1.19946145073688,0.809509165676889,1.23149511138563,0.327428373458175,-0.0960468618491568,-0.831917785303679,-0.307328285426674,-0.367161828899649,-0.0187790361925103,-0.0375521457602445,0.958287064167544
"113358",-0.909155180564078,-0.939791552936478,0.777600242506578,-0.873628076512442,0.439744894081237,-0.0069700518492845,0.956400477208724,0.417701474153888,-1.315021980402,-0.0953629214248824,0.0856365161685211,-0.402799593101306,-0.64862217937384,-0.491266287488253,0.156894633978505,0.81241731700419,1.11893625242939,0.772362658440708,-0.706132863832961,-0.636733269787416,-0.677162986466901,1.2012435602391,0.629505734267344,0.317406687318849,0.201225409922272,0.201013642482979,-0.937975223382843,-0.0724427666029578
"113359",-0.159250716744017,-1.04622870078706,0.902176766421548,0.143882228368469,0.288381408925416,-1.51172192822931,-0.962543516701944,-0.34007654818928,-1.34782344735849,0.862213941449679,1.05381688497644,0.262229527631128,1.51021366635225,-0.11302373228778,-0.803709691671356,0.202398344416448,-0.226307027163853,0.717516146772799,-0.396585235627063,0.437711330090113,1.32808505844448,0.431986436517697,-2.36854996524261,-0.250107440702231,0.89337262043117,1.84172461255137,-0.155454355922933,0.0667650008880283
"113360",-2.09340146159709,1.5929595526784,-0.0752831725298828,-0.266699356837968,-0.39462939842189,-1.15757426256606,0.220890941185479,2.01205817699294,-1.21347723633856,-0.486847880420444,0.203756627036117,-0.0545816375836646,0.466063579302674,0.012583087136214,-0.72761969130601,-0.26961298288691,-1.40572676307267,-0.761954539266396,-1.23650156593987,-0.950694537284846,-0.0222790827439265,-1.04476977315493,0.000461614199837763,0.230401066978498,-0.53580057185807,-0.368101797578285,0.101954464811252,-0.656739937893232
"113361",-1.95480534628662,-1.36218815828789,1.92755997277641,-0.440275186830988,-0.564601893986773,1.1887076937795,0.0911968243801198,0.133341011738592,1.32196341606281,-0.664229935639847,0.0630211319346324,-1.03947279610854,1.9743640278154,-0.195049667470914,-0.322407717920569,1.43128965571733,-0.0567255713000775,-0.0278726436126835,-0.447142865186703,1.15224131549174,-0.621294442216939,0.257971073658477,-0.66974894725137,1.35028686309282,0.0513357402958734,-0.623113594518517,0.0408192922515149,1.32449410906572
"113362",-1.23499265535552,0.336372377171534,0.0313429497287016,0.533689450320245,-0.779222611165049,-0.400017390727098,-1.74410799819292,-0.074125618803748,-0.0751437916403709,-1.80285932296394,-0.0314623180829436,-0.129958638462107,-0.12788651271287,-0.777171475545059,-0.241068699376941,-0.553098165048165,0.609360004403002,0.128069713287165,0.54947861285781,0.52653591507722,0.580740008931829,-1.08274560687302,0.0840679175846714,0.47643580309327,-0.28302095454326,-1.00249249074077,0.463392659058679,0.0341085616021064
"113363",2.30195578603545,0.380069651336481,2.14899747334241,-0.494449970501298,0.604644511440616,0.585944303335819,0.0984843371232981,-1.42703057218767,0.279791378047474,0.411378153239786,-0.2313295525462,-0.50561490437965,-0.618958982702255,1.22215424540375,0.20032924805323,-0.23955543364476,-0.476636187358887,0.072296803620729,-0.269583496110976,0.571106611074084,-0.752453138641654,-0.401570505896299,1.13806248071245,0.380651174355127,0.56670649973915,-0.229806558418724,0.94095043587746,0.346706829517277
"113364",-1.1884655044255,-0.407499040736309,1.22643317968476,1.75080563648842,0.553657294468059,-0.223532410875185,0.0166795224431959,-2.09067533952283,-1.65618071042575,-0.228272800552539,-1.64904343619064,2.3527580048458,-0.117466792828637,-2.50582846504577,2.86636800980724,0.455986437058968,-1.06536393487856,-0.855377541927743,1.9628264701468,1.70994559830597,-0.716982031380243,0.895996106071544,0.267284232496439,-0.212110896132262,0.306906371082284,-0.835870017658612,0.884841838428735,-0.760169898601157
"113365",0.551878505436971,-1.0651823237649,0.225100622906784,-0.994473245428716,-0.567091901965535,-1.68642284638516,-0.862885769190176,0.359891530713144,-0.469439546103868,1.21743219419066,0.28433615905164,-1.18483066818464,-0.67664900628507,-2.20318430672538,-1.62816168632415,-0.0629696473381162,-0.180893425926596,0.383593906981873,0.207191303506549,0.809253987567067,1.3195167916119,0.801400039000069,-0.704654496891867,0.768452358638557,0.462066098741676,0.0201571270794879,0.926669769573081,2.24694399367013
"113366",-1.35201233147576,-1.71819751846821,-0.689412377165361,0.0910305562833978,2.63109122426551,-2.33461749872534,0.490167296937553,1.36828577283445,1.71497875096981,0.761708495231612,-0.152180247577248,0.217725107704115,-0.625532489339882,-0.60360085863282,1.29420071203687,-0.173322690834021,0.608760137706926,-1.39756401013801,-1.22358766468088,0.503726760672033,-1.33855536125471,0.037262839481814,0.0116716954377145,0.715687837589138,0.350015469299596,-0.69534589782074,0.548856040854636,0.0167997556486011
"113367",-0.855808430694604,-1.86935665091262,1.31990265221507,2.47731216853511,-1.4805940538096,0.0929676268654837,0.968264920710241,-1.32054100847966,-1.02661000306856,-0.845352154985418,1.68976796730197,2.30512465785132,-0.263838016298053,-1.23991936263522,0.816093008049474,-0.111146363380654,-0.184985980863626,0.514291784899769,0.880151412770004,0.931065454523726,0.17753259658341,0.123689608308729,0.842460795727338,-0.498969540775933,1.20541660771577,-0.654305244752749,-0.16943104910487,-2.2509569734359
"113368",0.0612127424444378,-1.46434492307299,0.194595995208355,-1.20503251175387,0.797536174822258,0.468685115970815,0.127536378167764,-0.496508229521174,1.6172415901939,-1.23111433322009,0.777652631426493,0.149091030298157,-1.11648549466011,-0.168603891437974,0.41096441733373,0.362798395343834,-0.695436720799617,0.749289630625851,0.187606801359096,-0.84196517647059,0.117950086859083,-0.169065462632716,0.0513864702315281,-0.316295058143716,-0.788991082867301,1.22945054007881,0.114516380370371,-0.596746502150721
"113369",-1.02052899030573,-1.12940951199935,-0.298023374086106,-0.307892502091114,-1.62579578962273,-0.506486374891228,0.281058181228155,-1.39671019742024,0.0798845756747992,1.83811745321639,-0.0340681778389386,0.795049500115268,0.73775792149955,0.681780534955554,-1.35388553710987,-0.681648141311452,2.7171151133868,-1.57093454592216,0.0964881921698456,0.165262902408177,-0.322112366659322,-1.50248802426646,0.777302281881953,-0.981372892603266,0.935672328762328,0.904972108707423,-2.16068129882764,2.34928061543203
"113370",-1.2955174263451,-1.61661579813504,2.30923645651164,-0.447118145445986,0.261300836668646,0.908048344475265,-0.320284267095022,-1.01301506024704,1.24128268741793,-0.271512770748312,-0.100980259957037,-0.688234625690027,1.02992049126662,0.0300695844452801,-1.11735988540917,1.57953077871375,-0.329274607043068,0.469082917013818,-0.309331167504807,1.12342974091649,-0.140456827719442,0.431328488608354,-0.668673740892035,0.633381469193519,-0.326422915683021,0.0415914609443059,0.0515045671434297,0.112538721988114
"113371",-1.3590070324934,-0.434378543586083,1.56617972960859,0.301302139198653,-0.55695090821714,0.159380803675422,-0.736579421766363,-0.569609499040009,0.329429707821884,0.747056131668727,0.0949181233148231,-0.579462027956916,0.91101237227121,-0.0929241452672814,-0.282675763851547,1.70687353429546,0.00530304968847788,0.895720283138226,0.514325297047827,0.583652871949867,0.409326137849338,1.18517306047912,-0.994155686901149,1.06087324988383,0.532796271925189,-0.338525620530615,-1.31068611063573,0.192772264182874
"113372",-0.847609447300136,-1.84025255964947,0.25851770311533,2.20693311805775,-1.03008110371603,-0.300397814120046,0.907959018986087,-0.963114012925209,0.41410423775084,-1.05230113739971,1.18606045138875,0.101356357654818,-1.02847315725253,0.36912962238692,-0.350843862075881,-0.721051472234154,-0.34640593465965,0.364495501217498,-0.929954456454128,-0.344797013766733,0.528394857496558,-0.761659804674467,0.186989650480871,-0.583439823257509,0.15053309253819,0.424167247159437,0.921970490582171,-0.736495110655164
"113373",-1.72024092418818,0.520575730678767,-2.03334041738202,1.57997010755293,1.53139669908588,-0.808408687281112,-0.515066925729237,-1.57827741016623,0.58247460679304,-0.191000076127585,-0.714147304429445,-1.31879067202296,-0.436572187293891,0.16325857858883,1.32637163914104,0.584427045651273,-0.734360162276052,-0.528597215423526,0.0815755042305289,1.06362399796949,-0.359103367713144,0.814469477105467,0.609722092807333,-0.315818604084217,-0.53973780995002,-0.238323747059763,0.471435715413941,1.24266426448577
"113374",-1.66669038243846,-0.148234666780285,-0.355009106634188,0.604183242307888,-0.351320421266934,0.895180309096289,-1.38348037703762,1.94701879068458,0.179548843637944,0.34933063947163,-1.08010068133733,1.16408342121262,-0.989839350055443,1.0940506567302,-0.66752875703334,-0.0873874352548401,-0.121603355982768,0.0553433642261696,0.317197888340174,0.146570861829441,-0.287522937314382,0.908420673363377,0.00320990141531367,0.16106612402682,0.126608053512661,-0.353802711648635,-0.218647828799377,0.453161019203651
"113375",-1.1549188463036,-1.25917914656876,2.31140464551931,-0.958163206021031,-0.226135469838631,0.329662966147242,-0.376666606743992,-0.406890272721956,1.63839494213285,-0.304026596296185,-0.219976122206086,-0.755160411190576,1.18627010333702,-0.234335206769107,-0.809924079085143,1.64239566423437,0.0469976850308265,0.59971390513017,-0.158848261237923,0.608977182927463,-0.315129963770471,0.60642757730599,-0.579896865551997,0.622439365305219,-0.637603521944179,-0.992534884912968,0.110952443424501,0.786017652917265
"113376",-1.17470349373726,-0.132251037801597,-0.200465472181601,-1.6210514505543,-0.630917597132474,1.17362125753142,0.188473645686902,1.08614697241899,-1.0710530832671,0.227113705093978,-0.496153274294587,-0.882669967237875,-0.74528941377957,-0.279397169933372,0.540925038124887,1.34120807692405,1.1771494394207,-0.26984851848015,-0.964286964402747,0.0730578457031475,-0.329567447067132,-0.598110461898749,0.532244913744174,-0.374214287264428,0.0117078523576338,-0.065212940570436,0.98278656096562,0.180727351050849
"113377",1.26471285856487,-0.811302371980792,0.218514773729319,-0.328009211768184,1.19870320150027,-1.05379599289409,-0.0873077242574217,-0.405975071156886,-2.05441033692252,0.486451947744969,-0.716469352124076,-0.277189205013689,0.508390775933533,1.18475843525194,-0.0892657525591277,-0.0875397391421188,0.193233821547798,1.31049375846592,-0.312795097503994,-0.514069538527673,0.857900956038184,0.0952692274809778,-1.1926867587499,-1.18450825839001,-0.0793463176492236,0.564971531284174,-0.466497460530735,-1.58266425781433
"113378",-0.994893508861424,-1.89935239620847,1.22223480444127,-1.90160066327558,0.123328363667807,1.19399367963505,0.00354978146223826,-0.830257102984911,0.364785988938529,0.142029754963433,0.179592909565524,-0.533669890010078,1.01577445322904,-0.225984873507266,-0.571761152867079,1.65270137470844,-0.982604704020342,1.01511016523692,0.210711449699134,-0.315208178667818,0.135299238909816,0.845592704398449,-1.39828957680213,0.0473523402804358,0.469097821733666,1.04489166345065,-0.538262609687532,0.55906321249005
"113379",-1.05534011610196,-0.432341972995151,0.4665323216725,-0.659913101600151,0.313487211250495,-0.738294665865848,0.269284267305825,-0.059852898683807,-0.105387855337959,-1.76065419591186,-0.665711216394448,-1.13107310824866,-0.882348001134184,-0.662051872511615,-0.170663809479745,0.320404618815602,0.529414803241954,0.126987350931939,-0.492052552145052,0.41723399715966,-0.430317028260018,-0.670077364175862,0.223940050948051,0.803078259289016,0.341532487087527,0.387108316955253,0.947967637549342,0.597274928846561
"113380",-0.283091641433574,-0.0712973792385177,0.324002408534634,-1.54011893150583,-1.56514363824857,-0.397869293987896,-1.07656236191923,-0.501623817507477,-2.10413726638708,-0.222955361171575,-0.787464781158172,-1.38503303223703,-1.33423655329457,-0.971451031451804,-0.230567355663205,0.894414157141549,1.28629541092113,0.530925814815842,-0.262840582915164,-0.0197896024983102,-1.19492652491688,-0.0262149721630309,0.543398315534037,-0.905054983411083,-1.39998215783062,-1.13472366725677,0.207888728692073,0.537653088121905
"113381",-0.673206284924577,-0.255055994263317,1.06903680652236,1.67832517377249,-0.745987148726937,-0.29109011387772,1.03110669510351,0.231616725980074,0.240547711616812,0.0450722083966829,1.44349347736605,-0.122749680400326,-1.45194468881325,-0.315857126283882,0.48060135136949,-0.702882889212805,0.680427967580995,1.08326515901044,-0.453412908033505,-1.72009262105208,0.146137830466068,0.301346078752181,-0.0603913289477913,-1.29494346090668,-0.418862319244589,0.129650227025649,0.580449053603882,0.0206593990243029
"113382",-1.67454893061595,0.339349521268821,-0.823555764405587,-0.529183569463118,-0.352760194436075,0.415164297150656,0.0127994533940843,0.566773094095926,-0.62455194949922,-0.564816134575683,0.240071491303383,0.132660609376055,-1.31310694993615,-0.582249177356605,-0.34250693070866,-0.0881105032607554,-0.0911000211722429,0.634258276493864,0.86994070894453,0.488290008860553,1.28198916519715,-0.15374908506988,0.142817349200606,0.672190603957151,0.667119836615328,0.693275558369912,-0.43139047712819,-0.611205645765534
"113383",-1.96533883580525,0.596800451251422,0.480642443564079,0.461111419639572,-0.24211957812586,-0.375659602968431,0.375012641210541,-0.0598627902645425,-0.485766661401043,-0.721683052450068,-0.576921688510917,-0.262355805612258,-0.038030021519451,0.486598840365956,0.813301605533835,0.355783240297469,0.185635438110328,-1.2932438556163,0.393799115914761,-0.832855558245233,0.148706014904821,-0.560794502346042,0.486355209592167,-0.288557734574042,0.214996840635028,0.708697193219277,-1.22274430548067,0.296711493040319
"113384",0.0562751297267376,0.564623564253098,0.48575469467524,0.920042200587358,-0.970122690276935,0.50888453326789,0.867368916343405,-2.1865570507964,0.345630653000981,2.08603262117287,-2.9996612722973,1.27365589599567,1.27827962681655,-0.929087436801506,0.309851151930228,-0.0200622378964171,1.07609007357388,0.709490343922413,-0.345160284101005,-1.04292359956856,0.212190187203412,-1.30939537907783,-0.886232545739279,1.66264465413059,-1.13475340693127,0.197808238024467,1.09188515595248,-0.959768250394445
"113385",-1.69903074491529,0.742382082807327,-0.596634782260443,-0.751115699297923,-0.0106106075336061,0.341862050124335,-0.733627982027463,1.71283154500897,0.0736093385745705,-1.03384728468168,0.319787524884503,-1.01906612809427,0.665866986194755,-1.38509703739729,1.77804206202275,-1.87917678692214,0.993027918363136,-0.461229158698783,-0.523457267010291,-1.69553429368894,-0.0308207437572687,-0.557544112925979,-1.71870677507256,0.564969921033046,1.13636548805662,0.538368744260177,-0.209543373374262,0.624223678641339
"113386",-0.809834884097849,1.45482460833101,0.457806982818696,0.457463951309909,-0.729492627682039,-1.01722675222529,0.694727984182227,-0.635450951853896,1.65591212880887,0.669234521176793,-2.17390037705067,0.842078604497728,1.16628381741252,-0.230441537266229,-0.500174294186698,0.410653533208496,1.94755152422579,-0.542554002740462,0.136952059670606,-1.26444470263145,1.10875075578503,-0.738651285748067,1.43613323275461,2.27738644868076,-1.21701099127526,1.03435174353407,-1.39663655155126,-1.81189434171602
"113387",-1.46977287910867,-1.85473868873684,1.70998913717518,-1.27899663873143,-0.0646074652147964,0.594978043605789,-0.266022694849863,-1.006209155634,1.42608312070359,-0.296006073144438,-0.193659368371472,-0.752618151275389,0.904052800987616,-0.196124136654277,-1.43960719908319,1.07792704213901,-1.21306522271434,0.291686803764437,-0.403908603992708,0.639009256074017,0.161905660010437,0.757593935251977,-0.329245467845048,0.857395018570435,-0.200279249493096,-0.253195442670726,-0.110952175611072,0.214006059090081
"113388",-0.179444865322692,-0.0892116533340288,0.248271461158985,0.650255027542818,0.372365235678586,0.150900231004475,0.0394432298327282,0.04124254158386,0.640554346267224,-0.146190429799855,0.803294071111865,0.141821337623756,-1.36237611617662,-0.289192074285935,0.897111407405174,0.188912576135868,-0.480394924727574,0.466022595480956,0.332244818011388,-0.998532058788972,0.543114242758557,0.965335195857496,0.0478450107116697,0.343691593694349,0.28149723819576,1.41343963498436,-0.913136986042201,-0.300115179192314
"113389",2.35101531721089,-0.834706206751796,-1.64692200014445,1.34624010871961,0.827038194769481,1.08284062838706,-1.67670805343576,-0.449410016786434,0.227907413723401,-1.4893623780956,1.56783024953357,0.93827856665277,1.93289571767525,-1.62678790356,-0.170463700720571,0.113264758524659,0.829172208980221,1.11791706305098,1.24608591444661,-1.88679303322305,-1.17508923404566,-1.36638243506277,0.293057959415601,0.905949483720493,-0.387101208468032,-1.10564844530907,-0.204178628957996,0.685577690613377
"113390",4.89214562360051,1.74629699423902,-1.41007657653565,-1.30838126830317,-0.664337475354252,0.284733982157328,1.19618372006185,3.11853294701391,1.53753066073774,-0.518566606598872,-0.227626976692795,-0.896677628106562,-0.84305330726746,-1.45768415582636,0.624753476542823,0.0919313984062626,-0.431938530228915,-0.419191755808579,0.56148839032382,-1.42297461309198,-0.745495857686262,-2.1861991593669,-2.50894654250553,-0.554764947844922,-0.536272338276737,-1.5978605006341,-1.55517502402913,-0.135721550814114
"113391",0.347791742775161,-1.08451642273533,0.140044287033584,-0.938714995212645,0.0194675882747496,-0.676426923433161,1.57733034066105,1.98389730631869,-0.268703776970605,1.28188018591285,0.478440713035543,0.0954768317280383,-0.711160241725066,-0.566553901707611,-1.24378173247703,-1.201332840995,0.163207251288622,0.0928892572204492,-0.701187313855023,0.146268962331369,0.166584050724112,1.54979026382227,0.880720542409285,0.934211145515033,-0.748713457168782,-0.651756214757769,-1.02227514122381,-0.279389597544578
"113392",-1.36957855406801,1.93563723282067,0.304036081269275,0.572938701506345,-0.728490539489386,0.227614841178399,0.534193397415843,-0.675559679639795,-0.193371157788683,-0.823887264743515,-0.749660420048685,1.3612248599371,1.4107027271183,-0.657857830973324,1.03318263522653,-0.136733740353027,0.56304572623559,-0.121868400334227,-0.157503312248871,0.302162568037305,-0.654760557140899,-0.0581767384234337,-0.949497569289602,-0.867769500515453,-0.115775260839109,-0.692923915341502,2.0781158913198,0.918464878726844
"113393",-0.922824117268422,-0.153260656731037,-0.379652235190871,0.528035300379011,-0.131783530396947,0.961106892594943,-1.30983733705067,1.81551126879802,-0.00971557933978583,0.220352731886101,-1.12596200045015,1.40776353558704,-0.977962656401457,1.39857611268579,-0.382249698044222,0.320398202730216,0.249490832641426,0.346834545379266,0.548698721167736,0.266811891831293,-0.208046158057149,0.695720723477044,-0.317034942601622,0.0662139362723613,0.0898149934033325,-0.088228662989132,0.0467642935112356,0.602808159637879
"113394",-2.45949750829329,1.64636174956926,-1.98009361934582,0.253021096298674,0.160914484448203,0.173565027056419,0.945799300646356,-0.0672614932536678,0.779728295785373,0.938941992353636,0.77551309840721,-0.805627151726316,-0.587042518658297,0.162630182425974,0.238792274438748,0.181378482595257,-0.987712548987467,0.493858677793507,0.198216505307378,0.137964260940445,-0.0509439012015341,0.407158392065037,-0.305881652300747,-0.305092360614659,-0.224733354407187,0.0320889573052119,-0.74310691632746,0.640658892366313
"113395",-1.27698472475711,-0.92507917908514,-0.62770125515328,0.149734279261066,0.829067090811355,-0.240489130573936,-0.001943295682404,-0.606065580736118,-0.0421767446154304,-1.68564264356769,-0.568850978544305,-0.42117414638146,-0.825816377858971,-0.173705549740198,-0.0330304644625695,-0.327645557972071,0.22774339391176,0.856524312975071,0.638878119570092,0.750589423183655,1.35559467763283,-0.903094803940528,-0.580002328011609,1.20091874776969,1.69570962060332,0.682130832258139,-0.116783739703921,-0.750829100247125
"113396",-1.83189460919681,0.17966889707482,1.45725879852257,-0.450747758266736,-0.0295980191035112,0.419465695820786,-0.809440368300474,0.301151687497025,-1.17789062860376,1.24634208677645,1.55365366703891,0.291605032271309,-0.910117469649497,-1.52335042848587,-1.12404464196768,0.267220829262217,0.577942191384005,0.0685571133362793,0.042782864745572,1.58794536033871,0.947475542864006,-0.966719913693689,-1.37668046154132,0.717382376244425,-0.000404675426944761,-0.0061124429696383,1.05166408746233,1.84533850671834
"113397",3.91132771245078,1.5327344432138,-0.0109334109707843,0.799530483732177,-1.83970406115032,-0.894353394090558,-0.143911533459496,0.861230074814027,0.302897257596537,0.380865364441474,0.473905257742767,-0.302523363430938,-0.488374957569917,0.221916994233673,0.627952294195404,0.815982670853236,0.627688721711243,-0.893531377825937,-0.258064725050504,1.41194117587794,-0.220417787396984,0.26437845428958,-0.318646012389111,0.523704500569387,0.0279925526224461,0.910664579017769,-1.03808840475539,-0.566036596782402
"113398",2.73566096092219,-2.3397460468509,-3.58999692807239,-0.600622528789458,1.4259164463201,2.95123081538261,0.166354244051139,0.117275858962424,-0.570508737069526,0.298436141906442,0.737571667277163,0.937247146401283,1.41603420831843,-0.979897048116693,-0.0942842608971576,0.243694060317334,-1.16430652784746,0.00687283433782506,-0.263129084296185,-3.30133852915579,-0.0112249026184727,-0.869533756848825,0.295114440659071,0.668678902597135,1.86499502339084,0.290049195472486,-0.205685552672788,0.301773572632871
"113399",4.64285784423782,2.85580765681756,0.65505294151711,0.0936014426784769,0.380953569826288,-0.307548938863068,0.0976626058260673,0.149488683386969,1.04973718438875,-0.543462153473294,0.137734339444031,1.09761951419677,0.252427477219017,0.522121740104277,0.12977720794843,0.783332963227004,1.64536634152626,0.72169457951697,0.74925496087524,1.08970015743727,0.214714632476094,0.359100474546293,-0.117468759443602,-0.68425742469055,0.375899312452205,-0.575664732778196,0.222011753143286,-0.724038254597179
"113400",-1.49557985039484,1.71010799780335,-2.56146603042325,0.138249674892769,-0.141785325362579,-0.0654914384138189,0.578227778939171,-1.6074208762207,0.28553603138869,-0.50607167986907,0.558990442090654,0.221518982085174,1.00066771931419,0.635021465692426,-0.762856450124294,-0.0270210891069457,-0.609171082595067,0.38622053478799,-0.235970173849035,1.12173768937815,-0.61241588317069,0.734928770357335,-0.0346765389311692,-0.9622010082813,0.278290352521399,0.00924831694480771,0.0793791554077342,0.356541468926371
"113401",-1.86544870599079,-0.0889957290819321,-0.302021806452141,0.879268385754486,-0.418359481801044,0.917488852534879,-1.63924378966032,2.01337994387823,0.134090688761067,0.325995829988623,-0.878020361876708,1.20562401550501,-0.439305125796619,1.21243658674427,-0.320159864467015,0.114044361596627,-0.0687677652427487,-0.0130519098727203,0.370754620880366,-0.0353064991227609,-0.591609885382164,0.43560158457255,-0.0697818587912878,0.112391874194465,0.372106745858996,-0.439767444199972,-0.00143597824033219,0.691185324275897
"113402",1.04449919167239,0.312815265497807,1.29249490633994,-0.202130314546847,-0.683802785211631,-0.108583696682403,-0.569194158038458,-0.959693490149742,0.939903641985474,0.416953007365237,0.0647919082566376,-0.145197063060393,-0.064615785392091,0.755709053495457,0.63680037093579,-1.46428209485785,0.0138044899818701,0.610437312119896,0.778175078059372,0.286687994983506,-0.00977569690450149,-0.200000355511145,0.272467767881631,0.699395725416174,1.05615709337318,-2.20525412141178,-1.0683451167091,-0.0675437845586677
"113403",-2.25200558497745,1.82886332477972,0.342444931614029,0.328992530356758,-0.0876516954594129,-1.01557451134519,0.00713061405597126,1.84369065178207,-1.27815216912499,-0.301899226965653,0.361113230975078,-0.166039767881095,0.654311633298581,0.242217463964519,-0.404425377711735,0.166140994204684,-0.772729292178439,0.104266800894503,-0.3380433811294,-0.295224406238779,0.448712521663581,-0.522022546483483,0.66591264151346,0.406311056251444,-0.41949647791547,-0.373918311360889,0.233578384094912,-0.547746418633975
"113404",-0.399157212007616,0.985970037740292,0.305694462194752,-2.42567073325828,0.126430505250157,-0.104787877914466,0.271658430847126,0.271760409529465,0.360523601112136,-1.55553117795303,0.0132073804058595,1.05213823713198,-0.241779755517135,-0.915458533135881,-1.44002864545921,0.279411597167835,1.17385534970172,1.66824502598396,1.00964296377936,0.141159776848043,0.0207551193080237,0.772929715638384,1.00364894319848,-1.42561557459816,-0.578017080425755,-1.04998140468112,1.07874767955178,0.179101264988698
"113405",-1.03677701333988,0.925909912380271,0.0885136787291763,0.725275117524855,-1.32379694031744,0.435346498886698,0.669402322986116,-1.768387815965,0.552789208626383,2.33205171354505,-2.97431860601689,0.783630047326384,1.34711724084083,-0.992813067403453,0.601151653304419,0.20277869766178,1.27378190774407,0.548877786246489,-0.607767365433532,-0.913062993901105,0.288862123932942,-1.22927378635132,-0.320692320220618,2.0893157652584,-0.962946782660915,0.108505117782083,1.13598592944547,-1.42891646980617
"113406",0.170907910230523,-0.420887837164719,0.782190145846304,0.282915992503271,2.35602476960102,-0.562184173322054,0.592164466781228,0.0524773954920829,0.186573156279374,-0.312807177689528,-0.404913270166588,0.344225740641076,0.183513111280227,1.07249401136626,1.74838822685689,0.30532181789521,0.88896873758165,-0.714474740657669,2.21796887644551,1.39619226709102,0.144625250882097,-0.8894220065563,1.18118589554677,-0.378755307580052,-1.96968241005797,-0.455278894941496,0.170234162965988,1.24898330775941
"113407",-0.342531920010863,1.33419943537683,0.28462696065693,1.05296668401463,-0.78961950472047,-0.132773946958224,1.52072013842642,-1.0664441965242,1.47999380183182,1.38610799158695,-2.62672310685384,1.5780971330955,0.757478900869361,-1.58327401257211,-0.421500956154889,0.0917225615583862,0.257982078369166,0.491005431086596,-0.118578510308826,-1.13314811199455,0.546727242676521,-1.2814402701131,-0.695774273448148,2.11896142917566,-1.2096986010029,1.0585392402498,1.20990669836907,-1.09290759442952
"113408",-0.281481658754981,-1.24778988350509,-0.306732252995342,-0.580099862322429,-0.110522097631467,2.32891618611908,-0.319746191665219,1.0837015058863,-0.514244441033898,-1.0636812644413,-0.13433729244381,-0.026357473185246,2.85915164734635,-2.62854896184806,1.28964536411213,-0.58507822607731,-1.70632762774458,-2.00017311526057,1.76780250899841,-1.07349724216003,-0.180289704602434,0.30144068292972,1.5494885739511,-2.05184234349462,0.764080996311574,1.77825341694679,-0.704488885427384,-1.77138305996552
"113409",-2.83452358900329,-0.0339951043372365,0.958208651444523,-0.486104692322399,-0.255756823956465,0.125781499412268,-1.01865263237763,-0.291177260140942,-1.90520830288299,0.839034423601115,1.20802080343405,0.20219191628011,-0.79507087354809,-1.15458877660938,-0.924870397957624,0.950564525284431,-0.146684846064187,-0.775871756459909,-0.99662134562204,0.957005258665707,0.366022187419694,-2.21873295445235,-1.56068438822211,1.01900488743613,1.18921646785071,0.624431623839362,1.74234709041793,1.85939843457443
"113410",-0.579885405833012,-0.69966436682225,-2.08674059709679,-0.610550334621262,1.1848929544805,-0.378509576551988,-0.258617708950108,1.98627835046685,1.46582003649686,-0.544633686366728,0.835456774416275,0.478361150331409,2.76434179615608,-1.07074546080131,0.430306928361503,-1.01036309373689,1.05631687412757,-1.5427100063534,-2.233136115156,-0.32918649332509,-0.467105913340046,-0.0282528272973637,-0.795095064474251,-0.531154910684791,1.61331016751604,-0.140200438302448,1.23224783048014,-0.286133922499703
"113411",1.56835194929982,0.227219248432457,0.601394435992671,0.542900234653297,0.96961358988499,-1.63501252190906,0.833225976443812,1.27976859933691,-1.05912226065428,-0.612969597624119,-0.314445539628839,-0.0330452337931281,0.645547173352692,0.345902414960997,-0.497200875436463,-0.229588645367565,-0.114502589024855,0.918509558010697,0.0887408132726797,-0.409155640269004,0.498498337283656,0.277860901613649,-1.18754089204947,-0.562655781256569,-0.40497033883705,0.87361684459245,-0.238456527065592,-0.213377173144386
"113412",-0.130406724451323,-0.331271614088723,-0.322342611852709,0.508112957188914,-0.703170842889654,1.52273254871383,1.19981668398691,-0.0279000171267314,-1.48605275842355,-0.235942171160043,-1.07622568228019,2.10596167872243,0.751731771952581,-2.99900759035736,2.21338698115819,0.69146431677155,-1.74341037695966,-0.212489268635781,2.13858153565124,0.493785303172311,1.4272865462337,0.951132428577495,-0.441955685453163,-0.378259655230449,1.57194548940062,-0.164133675518969,0.601389444235046,-0.363210094571705
"113413",-2.45504490998062,2.26825478000046,-2.33839715002669,0.514562769224495,0.277714509557993,0.275185050946976,0.940045413643256,-1.85845887499146,1.47179400911155,1.26999763831377,-1.24592556058794,-0.274003145023953,0.413576782830295,-0.712267531880705,-0.985828777125717,0.134062332616577,-0.0572120958507219,0.660337408894696,-0.873379774597364,-0.977725735811621,0.229196670847062,-1.46673590397954,-0.398778566263062,2.3257037827927,-0.674320706603123,1.21834149723387,-0.69727509133597,-1.64390419684974
"113414",2.26471047145274,0.0188291359963327,0.314125902534913,-1.74262113270548,-0.623738315865344,0.618904151460371,0.249047403342893,-0.284100474208434,-0.00342921582438389,1.48458762070807,0.37145090028313,-0.587873099161324,-0.427545411343055,0.803944491256771,0.658384788013079,0.44733060116693,-0.741092539978119,-0.502933139783017,-0.7740950649723,-0.012250940343598,-0.354639442326302,0.197042799603018,0.719300990592157,-0.22618939121762,0.85900571065215,0.71329228547603,-0.246229676272045,-0.486719171129725
"113415",-0.895115371081391,-1.04053743454955,-1.02048340332657,-0.859662778402544,-0.619406153836494,-0.24854916670361,-0.637983823410488,-0.584620090524648,-1.37550407460372,0.107837459310631,-0.952838233039323,-1.59971270898763,-0.572466195151607,-0.407638690420708,0.566751110407564,-0.934269496386893,0.765454665806954,0.925424343108406,0.20026056232359,-0.143213039306382,0.46428886383162,0.765928775479567,-0.152803802077842,0.518417305892812,1.47375464148303,0.314072464918587,-0.805368288795508,-0.458558772285493
"113416",0.693150502545768,-3.12223729267529,-1.32173757751837,0.248839559626826,3.01965521626011,-2.95359216717834,-1.19058748610796,-0.267997625221802,0.352411611926584,1.35418713102836,-0.0830528549949854,1.22851359977493,0.741792548615786,-0.525756074377331,-0.609597442592058,-1.82647387964369,-1.24667031036693,-1.23503086847781,2.25993968234691,4.33356578525615,-0.605321319297747,0.295756385836997,0.0299904540446603,-1.20308938741317,0.919851466015335,3.53628503331635,1.68551609944339,-1.81344895256703
"113417",2.05744821973273,0.385986257929311,1.21622912852519,-0.725311008419197,-0.17917199564924,0.891968773510268,0.748953159282267,0.487230719375977,-0.168250761544787,1.84859516264459,1.36673739475351,-0.10932475538017,0.0868954595872674,0.492162699694013,0.65344673734522,-1.37561138871421,-0.101676614851292,1.04144418265806,1.61603706146165,0.992171064144349,0.0228510448008114,-0.24173355517664,-0.000462738522121052,0.383024250165362,0.225943376313346,-1.82266731412647,-1.22598517449949,1.09148407233894
"113418",-2.67748827740556,2.54993873336891,-1.67478176166561,0.578834891850078,1.21667459659135,0.632653417625971,0.620602000293722,-1.5473945852889,0.442160509808023,-0.390398046235246,0.293571046178918,-0.34040865457884,0.181447256094806,0.095574237592187,-0.810975468339242,-0.174483320317611,-0.353271166186236,0.909377251528148,0.053744045384028,0.878256635878036,-0.0501991824733496,0.947920402688803,0.321308044615434,-0.967303850076277,0.242981741698329,-0.645235071159083,-0.0102676344651774,0.0563056070051878
"113419",0.395256792122759,0.489783964972271,0.101318624382433,-0.220071636188493,-0.722778980229559,0.599388061028733,0.214113845140785,-2.16481602958615,-1.24510665097952,-0.35880969493306,-1.63588450924179,1.11205978844849,0.924737084246176,-0.740226677880709,0.350972212834366,-1.06810740770872,-0.0695075375846961,-0.230425303517364,-0.599770426188742,-0.274501684968582,-0.647162487575933,0.192413663250543,-1.52568728251851,-1.93833578765162,-0.713841565417291,-1.97738041721264,1.29571352989204,0.828238167366756
"113420",-2.07749930542713,-1.23179391337962,1.87403310953338,2.28509829033961,-0.824428716216933,0.391763530120487,-0.162591604519983,-0.149523699709196,1.75402892110703,1.09120044620457,2.36725470190726,-0.246864562386086,-0.254959004146203,-0.743312949724033,-0.188476690722077,-0.571322944123814,1.15005646895041,0.948353546154924,-0.536579088626222,0.447132292519326,1.24571347894999,0.234782896937323,-0.317993999890978,-0.233371436902434,0.24329585686727,-0.178818936655013,1.48807253761573,0.258042167718242
"113421",3.56126675228115,-0.172269426602667,-0.000997883229851733,-0.585153737005506,-1.52457368035197,0.968820998604524,0.531928081900613,0.207037386024354,-0.486661557695839,1.4636580015308,0.890374867510478,-0.540342615582356,-0.0926112510278806,0.669608772196396,0.713125056489874,1.01779163154281,-0.0426154841588453,-1.59673198274801,-1.32134527095633,1.95302978701311,-0.0492038230093025,0.701269385756545,0.509385846704116,0.00490458839617593,-0.072788964087733,0.577653104049941,-1.29887534092925,-0.418419232156875
"113422",0.622926451685805,0.286027294480079,0.233006429627366,-1.14439913649192,0.79128053287026,1.88740193692793,-0.251978946486091,-0.570263598436958,-1.16622319338283,-0.575642939458858,0.377994504385084,1.0613310932432,0.938088859987059,0.342478283048288,0.0519178441984477,1.63680758055375,2.44455179620588,1.38228202195019,0.738551069403279,1.66455982130038,0.564493460939104,-0.0716204438238227,0.64674492211884,-1.77316947120988,-0.244533754614316,-1.28147775947825,0.957766024286823,-0.229457463717799
"113423",6.40179141622499,1.14182460495465,-2.01118371893765,-0.440304898948378,0.066385097727043,0.896524836419471,1.1566955100266,3.10758011125294,1.56361991521442,-0.370979737298788,-0.479640515437863,-0.371938009296103,0.240025789130706,0.260349758666584,2.1932405843275,2.81177790700306,0.974283645066364,0.417522269688516,1.46436378275914,0.620609761023713,2.92607918103825,-0.042204503248024,-0.384140058289547,0.377784264940279,1.3963863407396,0.418492901378867,0.485136135809327,0.662625020425181
"113424",-2.47144380302482,2.38979542084836,-1.91868308404815,0.314981228407367,0.70979882162553,0.228146809681795,0.241590440523819,-1.91125049519157,0.175629626968147,-0.369100468250585,0.577505787060002,0.0361389796949527,0.397037077304083,0.350108407927006,-0.571083781943944,0.0205183607117124,-0.294247610548225,0.503909524027531,-0.344802260161563,0.998662322578996,0.0777271197520358,0.998971585324614,0.203742448691217,-0.925185167364228,0.150700185609253,-0.555066584775671,-0.116702962031224,0.0866089050897017
"113425",0.752334737450371,-1.27305703527656,-1.03028973582547,0.514772786788631,0.681405112398153,-0.137899447966039,-0.100435973071054,1.6449357242229,-1.5092254912449,-0.706699725236221,-1.45455594582517,-1.71120938102437,2.41561139661917,-0.145380564611519,0.806860954548321,0.350664492673369,-0.398950016395507,0.134186600146672,-0.540905730997575,-1.2528336955412,2.37101822145655,0.624831743119489,-0.174963883569393,-0.67223236484555,1.56940896846826,-0.990787900673604,0.14044389225768,0.765404527450148
"113426",1.28068753620256,0.239578833139089,0.52628403410909,-2.19448796089663,-1.50110705122557,-1.79067202683876,-1.2080640366652,-0.932073774116891,1.96476940894843,1.31056390293355,-0.0174603680624436,0.457637272660646,-0.29138555830953,1.51187207626023,0.721101707538144,-0.820791379661369,0.341360759054462,1.07873912373793,0.579541240017162,-0.607085311632264,-0.192109786837708,-0.30009036910939,0.477665728313263,0.205616883718537,0.799146800575534,-1.7470617558278,-0.35375286864403,-1.43146655954722
"113427",1.35318802861021,0.0291967213499841,0.719860104404646,0.124835407455242,-0.330394706488079,0.402431908979221,-0.221474894041894,-0.401327374746893,1.19373048013624,0.297392220652819,-0.662526601959701,-0.733778590304601,-0.294190912636207,0.638226659641183,0.201739537583034,-1.04946929609438,-0.255851482352323,0.0736694143708732,0.0664963574662066,0.117738994859951,-0.359539621490467,-1.04810750934231,-0.0762958884719591,0.334078681683362,1.39842210514838,-1.16098356917737,-0.446130465449033,-1.05034283852946
"113428",-0.523518937520168,-0.183673272254414,-0.251764130368839,-0.401218694891286,-0.28174492365601,-0.572291349309753,0.280687814893014,-0.914909200409798,-0.918422818837084,-1.18587830525083,-0.900952217971616,-0.160659283342339,-0.558408796984257,0.361291742070085,0.215800819974105,-0.00448711223261438,-0.356488551756916,-0.908561109210676,0.677889929178863,-1.02543199718671,0.335526919779943,-0.58534880575501,-0.218699564915545,-0.786256630282609,-0.238504677394535,1.18442298147524,-1.54621946190978,-0.0734123531274221
"113429",-0.758009641546923,-0.873183778756375,2.04491228035636,-0.313902159684259,-0.404247593758351,0.793891203579915,0.334296621808031,0.122537553564618,0.0695408034599093,-0.166597398883442,-0.67519936470546,-1.59103069024175,0.916218735173455,-0.669229447025155,-0.712721173184673,2.30040406680858,-0.256118671341232,0.215036135466677,-0.590491111406037,-0.133127445300101,-1.80041092506858,0.164804599529981,-1.33282266302628,0.246925804014909,0.0878247298573271,0.551601067161322,0.146811055678587,1.36301344044639
"113430",2.74661240632518,-3.80844449147407,-2.40885051576331,2.57538252057324,0.886245732724078,1.93970608949266,1.46337748257108,0.97724303133059,-0.755338926674761,0.309925968048971,0.602923279092179,-0.93533523282647,0.182873295755011,-0.997770486738981,-1.12404223699299,-0.893406995743871,-0.0162462662317988,-3.37074018044878,-2.88477082804258,4.75776223730233,0.604918680155722,-0.334756574478143,-1.62803137048276,0.738103487813006,-0.977458770131572,-0.264334038797141,-2.42177237895379,-1.56381180088376
"113431",1.58153986944069,-0.217354996028357,0.670914401788261,-1.38697966832575,0.139556097372608,0.342513803375996,0.186750140698938,-1.20624333628499,0.751494082048802,-1.02585414041711,0.649331346302759,0.172216082162031,-0.620655477305788,0.545505673650205,-0.148687559921712,-0.49320443415175,-1.35793179250842,-0.24311464014919,-0.227947779955497,0.323025037015564,-0.379229933653152,-1.3083734203025,-0.414973095036927,0.237283576928473,0.675756535126772,1.32890011944241,0.0291725325361832,-0.593551877527153
"113432",-2.1060523727142,-0.0537938429649923,-0.743075367466206,0.399068004180506,0.0255987543417148,0.683641027842321,1.95465181657715,-1.4741003900234,-1.23371375517877,0.32202186024208,2.71621318951801,-2.24106343479782,-0.67470703960762,2.52884506835001,-2.45931201208879,1.03705397174449,2.07601065442849,-6.51183894596283,6.07640624110634,-3.14780796004659,0.320640175287159,3.24433589748675,-2.50382633741231,2.69125177605681,0.642516852594485,-1.91312736801415,2.94815379016368,-2.64114715139769
"113433",-0.173646812021069,-1.74673524257749,-0.0252633189027189,-1.18595888176638,0.816350158098536,0.707265053852058,0.0435514606295431,-1.00253740773179,1.06355351880202,-1.6864631448578,0.671855201774396,0.0508283785614424,-1.04396171862241,-0.214778096132302,0.442550646881727,0.0779552662101111,-1.19241093552956,0.3644596201679,-0.141934196664803,-0.876713930431083,0.45602069418886,-0.0203040368533601,0.0688994796739568,0.0053001428235391,-0.301792673968668,1.56343126098929,0.159801596989089,-0.179357235508259
"113434",-0.344821843097346,-0.524867244361406,0.0446227147016605,-0.00993358670577736,0.62001217038651,-2.29975503143026,-0.695333402980738,-0.969800014806165,0.540772911553482,-0.967791431876963,-1.70139245431452,-0.0142580831475068,-0.268365888919512,0.8253667582656,1.7398531610191,0.640518168622951,0.892464859834865,-1.033726647588,1.38723635191608,-0.0210319421170191,-0.102413077068643,0.386348504031791,1.46169976013646,-0.622919746727874,-1.11284748219705,-0.122543044636206,-0.446186228459816,0.227985812025871
"113435",-1.51125172698461,0.114457042655078,0.0367791662552254,0.020205246526988,-0.668721675718309,-0.515712713721367,-0.149479439872061,-0.917451403114897,-1.22370831011031,-1.32122856866312,-0.46492426701189,-0.23576704781352,0.147635879278153,0.33291040568507,0.878418850241245,-0.0919269450584796,-0.0244860100531673,-1.21484947804119,0.528050176608411,-0.959122090172669,0.083061847382549,-0.654778270518129,-0.130186499726127,-0.438411062327114,0.00285032625448376,0.766267712163226,-1.64853632508055,0.566348543018023
"113436",-1.96554062931878,2.08708008697772,-2.17288747564322,0.219921732960765,0.625223234394968,0.463274515188039,0.598145136712891,-1.29320844080742,0.482933548907042,-0.683037180527205,0.3154197933831,0.044579654632302,0.617106944161382,0.0821920566243432,-0.500929653841863,-0.0298000094540119,-0.320034276176736,0.110991110613899,-0.592738507727628,0.796637016667296,0.502364641732032,1.26392074675332,0.019572699696144,-1.00421353089301,0.309984777405339,-0.758285682029204,-0.0370371615090656,0.663572999978445
"113437",0.778916627553159,-2.16305949300568,-0.133253339087467,2.20795675398639,-0.74137420223922,1.07637169256358,0.55627134353614,-0.217177410408814,-0.25504244229575,1.00373443295411,1.03756558812586,-0.777253577751122,-0.227586334875457,0.11643821193765,0.339047626335906,-0.542389619073713,-0.222164253184933,0.639687873782422,-0.592606986751211,-1.35236948501324,0.845818598380265,0.2018733407316,0.487222540538612,-2.04209254920586,0.249493637653083,-0.123435303882946,0.549582384527607,-0.622333563264823
"113438",-1.06382444804656,0.700629316178135,1.2705067439936,0.823413778446319,1.14482428477145,-0.0726219424568708,0.477560426664571,-0.515988859954408,1.20080116604906,1.22644258155565,0.644961246541475,1.98245404834585,-4.5756240123887e-05,0.000704969112245006,-1.08192976654265,0.287314591511847,2.68282656047052,-1.9420572810907,0.143194520254045,-0.735834244517186,1.59269038254575,-1.91736228899122,0.334990439721523,-1.3308567891441,0.793042635976591,0.646361600320101,-1.60145089109314,2.87365497403121
"113439",1.38012523685367,-0.36941797494097,0.445555629967753,-0.129087288652401,-0.245237019951838,0.481252769591065,-0.567777462607231,-1.78319798835663,0.169181562779957,-0.134541515743152,-0.57843081543868,-0.684711480683266,-0.548017439472982,0.777491246353507,0.038906692530707,-1.51785825404213,-0.875614791590831,0.21715111886567,0.180053046309159,0.367079995119656,0.0358213758745454,-0.796640018928501,-0.1199000402964,0.642123966695543,1.57485415894376,-0.538280543112057,-0.719448691149588,-1.00234581414097
"113440",-1.35530867939324,1.84008164493876,0.741615689542025,0.187498874016765,-0.787109805481744,-0.451688357323069,1.9272568565588,-0.153959368550218,2.90363714971963,2.52732124157228,-1.89590450080127,2.23783624531035,0.588965686378506,-1.57688371859097,-0.342613879343729,-0.38693824131585,0.408779602073781,0.978609097796927,0.470714542256399,-1.09645390641585,1.70354982422808,0.255063015344835,0.481512395355373,2.50849127113618,-1.53336684112325,-0.285622122500529,0.57079772647077,-1.07127188431243
"113441",2.72343349377889,-0.201277788117999,0.167343418317125,-1.30122027607356,-2.17562560566042,0.175019004594154,-0.0527819041044738,-0.253001657559306,-0.486330916016568,1.53585386256349,1.52106562542339,0.0585513319359424,0.600290541832916,0.961163877496882,1.38120023276988,0.852211310912375,0.0740061549953966,-0.975210421468243,-0.62180347920088,1.48444032758758,0.0454794283431197,1.03938959750681,0.822254004873421,0.221590219101724,0.224826109602979,-0.287933782585569,-1.48582136511956,0.486306654026542
"113442",-2.94170561807579,3.05575533544063,-0.559563814199282,0.658938124418846,1.2770180541867,0.0654321642615531,0.570416660326601,-2.09615515852952,0.24929667436752,-0.168985524378112,0.406096537921911,-0.0647997814739797,-0.576601438067552,-0.0569891544899762,-1.41710017952364,-0.865312522933496,-0.393832285169456,0.831999660384819,-0.279143741318084,0.429963951126875,-1.41891529184807,0.485447789082994,-0.290717236450072,-1.35050461940011,-0.611984007607333,-1.07578315369909,-0.444990975692569,-0.16856975052111
"113443",-0.260340642426539,-2.76052123122555,-0.11771618557569,1.80389933988196,-1.45929776988363,0.449056291822768,0.527861199662028,-1.2077033193684,0.0747614837462175,0.0166901034825467,0.957665313535647,-0.394267614143393,-0.322491359485934,0.671192776239847,0.101894169561886,-1.08812011833738,0.0591824099276927,0.57486444797201,-0.811076310661362,-0.0583670022366626,0.91370923732652,-0.0472267671772407,0.69748749545264,-0.908796448818441,0.0283613559695473,-0.979758328018367,0.423720245565962,-0.73773170607051
"113444",-2.34199739558176,2.3650184039417,-1.96874525343542,0.212379876228824,0.536390292645017,0.161970577979886,0.427856271981291,-1.45515447160115,0.555206961967399,-0.275563016951048,0.474916761821897,0.0354575338581532,0.434830825301835,0.265651524217022,-0.645360444647959,-0.07178068320017,-0.262139345544945,0.274974397616356,-0.558177780969622,0.939654385309245,0.153527542229353,1.28151659693753,0.322129853419917,-0.925582443480687,0.105276835027579,-0.613653713324558,-0.0353941836079534,0.159517144651522
"113445",2.88057350772556,-0.698307635062365,-0.149562316275609,-1.94342091268109,-0.179376644319809,1.27762710318754,0.177713921735111,-0.611731540465097,-0.076204228643515,1.37444328513355,0.812112716569954,-0.0274200338552141,0.0859651029508033,1.30285780432423,1.14490544806129,0.868361700847853,-0.348537413148369,0.335923066483584,0.104707998603538,0.268033721905045,0.108845072695177,-0.404072511949941,-0.104099683387385,-0.751014821856414,1.10460996553623,1.43390337185101,-0.369370923869468,-0.982275827137848
"113446",4.09015935559769,0.918129072623966,-0.417143492147329,-2.52327179117967,0.15018785589347,0.686349081930233,-1.30558298066628,-1.63318822268721,-2.10167212123872,-1.11737720354326,-0.236438600050229,0.531352066917251,0.396474951259683,-0.0652599294701844,-0.568140831728873,-0.07351726815481,1.35731643117876,0.705279767323212,0.153792382951686,1.12385252522844,0.615777709815178,1.45029980142405,1.17560801747128,-1.31487525295502,-2.04891568857334,-0.993181641265125,1.69016739146603,0.916331194578882
"113447",-1.5470146338547,0.000212520408563843,0.620456705587851,0.0594518429216468,-0.140268259917933,-0.135164453363854,-0.926177755820954,0.521158983348449,-1.74318591699703,0.810067741483061,0.973961139203931,0.0774060993920455,-0.182826764870041,-0.558274802544193,-1.16081257284277,-0.43620700866098,-0.393429551069946,0.044887306950993,-0.377662808531146,-0.348499818091856,-0.314991350919691,-0.280849986072891,1.68227992127837,0.421203213830122,-0.961311618955235,-1.21393553078373,0.127290547792865,-0.37704612301726
"113448",-0.287183965172769,-1.42883424006121,0.0693132709806838,-0.0447818929608779,1.42278201622637,-0.182278606961875,0.0996788154336827,-0.637390147733587,-0.675231729568293,0.645544212079309,-1.13455328150325,-0.525621615586772,0.304159364060545,1.36212519836463,1.75436669828294,0.0233516535946892,0.616891001734029,-2.06655850914944,0.449983050366376,1.69287311764387,0.392164644632211,-0.16199214105064,2.00147957445616,-0.196337583612067,-1.56573111329474,-1.03849002581303,-0.0895538775430499,0.69863834407735
"113449",-1.14611050598709,0.299575580971739,-0.215352950611712,-0.0313415766610895,0.177462818399492,-0.763291753294036,1.12332978811651,1.78729372764793,0.578909965172964,-0.0734304370447597,-0.50863456014539,-0.435137195187497,-1.12324873311511,-0.837673669498847,0.0021386438433448,-0.111045354367009,-0.0233356798326733,-0.266195781638563,-0.284472942624312,-0.405283904855224,1.20909868726901,0.876238376994007,0.346163270929821,1.16565363765816,1.7333459759149,0.216689314215778,-0.272974435005601,0.479881862534892
"113450",-0.557429168232616,0.750815718739649,0.0453456727509274,0.644109809021575,-1.43574802757929,0.347773426918778,0.840245630129438,-1.59123818659553,0.869487667355309,2.41108506823414,-3.13734680412629,0.591354637239788,1.13603051462323,-1.31458963602264,-0.00990236296191791,-0.369910623892466,0.923639925543316,0.668517224631333,-0.397014382290406,-0.901697829610014,0.278335124948577,-0.710876084034951,-0.108529837625031,1.95539418369946,-1.34657811391062,0.0328565440537677,0.922984094842933,-1.52711029927544
"113451",-2.30799556471245,2.44338584762282,-2.35577178617181,0.42794759200977,0.448749969888476,0.255583177450119,0.0324689888213019,-1.40115216026665,0.289305086174376,-0.467553429829742,0.609781903958878,-0.201053724956381,0.880547513450628,0.106982154213033,-0.225472708111539,0.43848691219157,-0.261766605786272,0.172989731521261,-0.414780658195471,0.938878358051398,0.397335184791861,0.91560082752861,0.3677871337756,-0.895963200150953,0.190339173009401,-1.13342076450198,-0.104307659915167,0.39742903123044
"113452",-0.208849553109989,-1.54686681500929,0.231762831114146,-1.54138919773124,0.83259529826592,0.224870848209261,-0.182018108279951,-1.16002492564706,1.37861083609077,-1.21830082447005,0.916782313923844,0.361127323228873,-1.06245210381601,0.159907460261563,0.534975789577018,0.248045365253189,-0.832937274244558,1.2176982687057,0.54360011994145,-0.986286793059588,0.182820712911423,-0.0902570163312636,0.223155317303974,-0.198661357151132,-0.52425796441082,1.50282963747693,0.276370749872069,-0.544419683011024
"113453",-0.498381444493781,0.947346919080504,0.114555982154995,-2.41272442789024,-0.24564277153485,-0.223568763078046,0.546564484638203,0.614077343048623,0.46763224855741,-1.59198206319326,-0.300715575933633,0.859719636181614,-0.505517918667275,-1.29389132509933,-1.99073416505379,-0.271199866408975,0.27963526061422,0.158269764922696,-0.388059392939967,-0.0217332594396278,0.247879958560588,1.37646214621895,1.42144278778874,-1.01881744643268,-0.499136454148381,-1.04230748050469,1.10727061739351,0.4448067340026
"113454",1.1066047751031,0.999512891505202,1.86746227310311,0.159792027534505,1.64007772283001,-2.4231829424128,0.428476839357937,0.826276409724447,-0.607495225421353,-0.282741881423558,-0.503526581026619,0.0906966333491459,0.404093265996258,0.321747418005472,-0.768482619388818,-1.20606073870816,-0.733529649991237,1.76122107147474,0.775119916062648,-1.84366277440507,0.273688708812039,0.93495406654972,-0.197055520673252,-0.516332796344052,-0.302207352409461,0.137699611875659,0.598860593317465,0.760956599186286
"113455",-1.55323901305625,-0.433384786847082,0.662613613121998,0.236885504094861,0.408859162626598,0.530835603173074,0.218342339005292,-0.69532600239496,1.00857729779942,1.87535855117992,-0.614974792135114,0.160130536066177,0.443183426666264,-0.0808513700438355,-1.30997345923852,-0.830785882976626,2.84505133074995,-0.767541715548318,0.788476289584165,-1.02932513853957,0.549547362762031,-1.47803223495188,1.08035712029641,-1.64476489465818,1.21153411433735,0.0943970279033392,-1.50454857485183,2.38704978559202
"113456",3.17261876835627,2.16038520639365,0.804885823821085,1.08401967235245,-0.0296895206436712,0.293481320194579,0.263043376874358,-0.514586697659486,0.0756072411109435,-1.524639584701,-0.100436391084277,0.237500743194512,0.0149395128216339,-0.781689359347627,-0.979615568600182,-0.930353975424499,0.0321334449894679,-0.627066586296409,-0.174772841966924,1.18733535850863,0.188857128590224,1.05185111586047,-0.0426818738473008,-0.202238798870378,0.7737666737151,-1.04111372976565,-1.06800109837562,0.0786777158399867
"113457",-1.40062088872691,-0.410519110330356,-0.611047584909532,0.407186427537123,-0.433878793301352,0.804414384699634,-1.63254816908846,1.45551065469593,-0.282432305928569,-0.0601578297495105,-1.3203954220576,1.14810846829756,-1.05114417694062,1.11395517477807,-0.679092089380501,-0.0869890701592286,-0.290473156756912,-0.256192270488003,-0.149099071514274,-0.19846062229292,-0.583335849459181,0.406454762555716,-0.580167669159237,-0.0431453074835604,0.226381551646591,0.10139962804731,-0.0364303053830172,0.391128842242286
"113458",-1.48864234646473,1.36038459537049,0.174344761948613,-0.0817903344541303,-0.114162516160783,-0.85918930279024,0.430037956645443,2.11533388105184,-0.907468653865468,-0.241764528236534,0.575702202063718,0.48256684980835,0.805249626248478,0.368784846162927,-0.592507619309948,-0.267668433366386,-1.12380817588298,-0.303514784831707,-0.619950621756372,-0.526466616069926,0.434514544433791,-0.645016413899045,0.044157260647529,0.101214509231763,-0.544343328223753,-0.120834536650455,0.0997230101882067,-0.514976510964355
"113459",-1.54332416346941,-0.493110880798199,-0.409088891241713,-1.72618054298872,-0.353630087418011,1.56777369679137,0.358690893398427,0.793998813423073,-1.19587064721414,0.155251387481054,-0.293149331626502,-0.757790485109665,-0.832290981955661,-0.373862410862047,0.368411020653781,1.07093481528924,0.609599093096032,-0.181706404490876,-0.723870606696811,0.162215609515237,0.255700674512342,-0.46823795889457,0.565289527362029,-0.268630602492911,0.288652164823072,-0.140860359842691,0.5003905771896,0.112930582172082
"113460",4.00965270408187,0.478461266775541,-1.06274113065019,0.502820479416621,-4.16138770144175,-1.91490638952592,-1.93202238186446,-1.30260877626249,-1.69502804592298,-0.136115801077576,2.24914929020872,0.7578014825293,1.04080461198048,0.723335566988477,1.7949815246719,1.08305649521699,0.682153761383604,-1.58803003017031,-0.258229029821017,2.9490372185168,1.0321332987483,1.30947663431428,-0.257074786841976,1.27266592336879,-0.162261592935269,0.296660743954458,-2.79450304334088,0.597352296414615
"113461",2.10815605469184,2.25256650952524,1.34140346224508,-0.635830185152031,0.0761006493621765,-0.368300344763053,0.601606421777894,-0.514870088989818,0.356816037262375,-1.08331938234041,-0.500270579028477,-0.108003194676718,-0.60296088476355,-0.435524033588642,-1.3926417873462,0.214195279221772,-0.605117342918012,-1.44273736396227,-1.9949465011004,0.0758742902304061,-1.32805677882389,0.537251816994633,1.04212243419727,-0.583162040386097,0.735297200058518,0.188724405720887,0.922516377651466,-0.102542635385735
"113462",0.519062850364095,-0.398846558502687,0.0887491205013215,-0.592641018201526,-0.457052192593216,-0.170937894555818,0.201316715086106,-0.425153809611376,-0.146943598478172,-1.00182157955711,-0.569646784288627,0.296581498765802,0.76000030506564,1.48159254893781,0.831296897118564,1.60802213994882,0.121580720483137,0.965891920771822,0.583194136486847,-0.345258589395914,-0.110445630101555,0.198485394572778,-1.03704176481804,0.447911657791013,-0.124174647113086,0.363880100420219,-1.37430360874527,-0.840270160775605
"113463",-0.652673516191407,-1.39778321932575,0.323984478224784,2.44766448052903,-1.28772419923646,-0.683046730038984,1.06360506315155,-0.490635821388479,0.586384891940255,-0.857056313468287,0.917777281458589,-0.323589582442938,-1.2795359715911,0.22931516643281,-0.478331510541341,-0.234156128781562,0.0329323841992704,0.627461642429366,-0.670828752539909,-0.0246099023740414,0.241331856441226,-0.611882437933027,0.67466125331841,-0.444900114934406,-0.217294943569726,-0.0570866477742566,0.97756792378237,-0.7592873206813
"113464",-1.46209578478413,0.569597038291173,-1.70956383949222,0.627095045007153,0.153830639205749,-0.108587507917748,0.161273575980683,-1.66453786626824,0.877912644223833,-0.397685647516315,0.596100269945758,-0.336299208691957,-0.0160151876911172,0.816625151511096,-0.0604779495211596,-0.349098081842996,-0.634525387312718,0.994474507524656,0.709946635292368,1.15201520482938,-0.111469579177894,-0.312842196081736,-0.738561620371728,-0.254337791028714,-0.681852099171046,-0.0424960626559924,-0.191729641707055,0.633086748431556
"113465",0.869547955429255,-0.497266815918499,0.757059106314411,-1.49448723501495,0.0316352651068182,-1.09867468310865,-0.794452056858241,-1.00268466685971,1.0878075053077,-1.23062800013296,1.02768611995028,0.499904311517346,-1.00273142372968,-0.3446206375859,0.745362143308704,0.389102493409613,-0.899818245326818,0.110879236211322,-0.175129579694204,-1.49632801059531,0.0232354830405643,0.391453267902993,0.649823066227807,0.0307985007988,-1.65125887995241,-0.663523392910139,0.156487955727188,1.15745825121964
"113466",0.272201474221695,-1.21743753165038,-0.286615714148205,0.926520720694218,0.356671232332898,0.0281244471709061,-1.3949727257492,-0.820756788532846,1.27351285147702,-1.52563433413326,0.633752828109059,0.124432445167517,-0.246065480717265,-0.533631172638242,0.709197935549275,-0.214254103155237,-1.06694908714176,-0.125123919865507,0.171821116497522,-1.01340188353868,1.44209508899975,0.0266565552978939,-0.0470751026899181,0.122378172291542,0.0771925920492784,0.032332883967913,-0.550297426875637,-0.290659398102522
"113467",-0.233922756860702,0.0942901290688544,0.249062460077188,0.418426017643256,0.165338742481408,-0.101688428388093,0.0769244057374725,0.485680978509984,1.00059961265488,-0.0121130132549186,0.657844538738813,0.123617073887177,-1.44822657245808,-0.348145816786439,0.972374493034357,0.339183231528036,-0.172935177989199,0.240361859406021,-0.0367853264682917,-1.21726663809072,0.398420365376165,0.959115243435487,-0.00109010928371917,0.247333748230019,0.129596215868835,1.24487726650775,-0.773981912196071,-0.423106196409233
"113468",-0.947957861009723,1.22804221085281,0.162769282875402,-2.87435428879012,-0.710601414951018,-1.00227715426715,0.409687790356484,0.576606170264087,0.641661819814547,-1.27678477195828,-0.26133209020459,0.88264401878175,-0.612218344993802,-1.06782270127623,-1.87008435000851,0.0274715856258712,0.612930585748236,0.814611704709009,0.0946609596256199,-0.0475233442800344,-0.0429963110449726,1.54255563080886,1.90551829896099,-0.82788547553036,-0.577036926292751,-1.42093268912466,1.15745432448344,0.393007271353852
"113469",-0.58680341345418,-0.336230295239345,1.26115300621432,0.670286298305657,1.4633748561142,-0.960620664697794,0.706127844751143,0.544704992067684,-2.07642985329934,-0.0799627230231295,0.109620941325374,0.312470979994361,1.24538932775465,0.873166263225221,-0.141997689888838,-0.364262151437587,0.0293001226111926,1.39832187422976,-0.431055518719435,-1.28589136282085,0.16170989622926,1.02929567782094,-0.068865060691935,0.0877055175549969,0.220380108635938,-0.0271294309431575,-1.17397430699117,-0.913559064075541
"113470",-1.62916964980673,0.158861104744793,0.561212817984523,-1.24998648639342,-0.0663191235931195,0.228845654641327,1.60583616850242,1.06686143571405,0.417495864779137,-0.386081949151361,-0.356868273355368,-0.626183822894424,-0.367588416818073,-0.0235653883390917,0.199122035257004,0.571541559700074,-0.164861334517035,-1.34825723688243,0.109949241719311,-0.77435276483929,-0.170548939666707,0.105901071011658,1.24650412303576,-0.863338037224423,-0.954059094290512,0.855362141791811,-0.961895317413563,0.431573085760626
"113471",3.11453259323824,-4.18035524458003,-4.12084338454551,-0.947676876010699,-2.50654311479413,-2.26983308621845,-1.16881091529778,-0.250739217747272,-0.134259789931515,1.89578790451845,1.70548957617997,0.946485035342835,1.28281250169126,1.35877837724388,0.417857056923434,1.05191371950049,1.4943564316601,-2.77511480898821,-3.21246597591241,4.43184235375642,0.609685838711971,0.232599708588545,-0.737247159226943,0.618323047417979,-1.36493820753484,0.618431993722545,-1.43492639234016,-3.04182986157888
"113472",0.414149461935962,-1.71595696944164,-0.0564689424246669,-1.41598863395283,0.677250918731131,0.618208609645491,0.185249257286559,-0.858812337974547,1.20031092650046,-1.40080527537228,1.06244995369476,0.520485104874815,-0.969369535198694,0.18939313778393,0.749456705719979,0.518223805966318,-0.43227017020398,0.906774251584548,0.360742107032068,-0.397380314770345,0.263286342268121,-0.272694698123524,-0.358956429737102,-0.201062926626902,-0.777369557945509,1.60567353723299,-0.0804642019562606,-0.527194110257739
"113473",-1.88967143134359,0.243153605115941,-0.215465979962881,0.878515982509686,-0.140776400086575,0.789491373308903,-1.67667264254391,1.70329110476814,-0.231594062028229,0.300205380695622,-1.23708914096299,1.16252929285162,-1.00696792859339,1.49294119130496,-0.195260561664595,0.767146155320894,0.28639214069663,-0.25160935354205,-0.260868724696732,-0.00218627191130417,-0.71632042712192,0.025626756177611,-0.256941051322385,0.163407003328137,0.428092211774549,0.0753030384588838,0.449484385823591,0.261463832963401
"113474",4.22108626165396,0.475877053574099,-0.55820213926563,-2.35137520583351,-0.696541880921292,0.158362881190908,0.245921773345587,0.638974209599853,-0.36458896991099,1.68835033965665,1.26460001776774,0.150959829590389,0.108819034639007,0.471427403012298,0.900566395274872,-0.817715613360177,-1.1017480333575,-0.380062273079667,0.391445960920669,-0.0214837594062443,0.358385821401808,-1.17636994612208,-0.578733127674634,0.248677727356618,-0.450882782483971,-2.2073715748376,-0.859581341259209,1.06991035654502
"113475",0.56882044072491,-1.47386393141913,-0.611316107459399,-0.9212343915129,-0.626107231838016,0.811468674561259,-0.0705469085534163,0.777048234047858,0.164983248607479,0.418046390262002,-0.927741185769282,-1.62124022558988,1.34549700868959,-0.131595538977133,0.343553227054833,0.68971058523164,-0.539438732873616,-1.91182422325289,-0.177559032123878,-1.27913354753049,0.238419873242532,0.0637458907722042,1.61337799374189,-2.33319196521516,-1.06686786999606,-0.234295075242805,-0.742402706719459,0.081059912072383
"113476",-1.13126186267992,-1.89383339201861,1.59564379883536,-1.11342681523606,-0.227018163860823,0.495820350491908,-0.387174602469855,-1.13059607305278,1.23148540288633,-0.282711560260689,-0.204166340899127,-0.764644829444638,0.894302378185149,-0.0599394404010865,-1.44832797395272,1.38118810469444,-1.02784066431553,0.153157138972099,-0.58908946101788,0.908760090973941,-0.0537674401152389,0.536092242821433,-0.490584430654145,0.766704645519522,-0.36145911707797,0.0667419271813529,-0.0671004968225748,-0.080047396651222
"113477",1.57508486958165,-1.40932067261163,-0.148549914987734,0.287567964864743,0.617823151033297,-0.668073779247566,-0.0403126520328492,-0.619603907788327,-2.7317812394701,-0.207820748212707,-0.774028829881203,-0.662291662770799,1.23675873689108,1.18130706211897,0.0516176163549477,-0.321720613654399,0.201994642277715,1.3415139226699,0.0171753116708156,0.233679872819531,0.734078775509956,0.399326649440984,-1.16488258744093,-0.784211479824489,0.358266739150556,1.1997811799127,-0.47524249477913,-0.794528619507076
"113478",3.40025449902852,2.59263666717026,0.760205866549119,0.509317412947003,-0.237233980183523,-1.02961464575528,0.115064088758887,-0.103859362392895,1.03577017366019,-0.631154952212735,-0.997444486349967,-0.0368988005900573,-1.02354504252857,-0.591605118440109,-2.02394780260266,-0.514540117157657,-0.272677051050653,-1.21775902252553,-1.49669958511005,0.171239023203804,-1.17350890301855,0.318103294957336,0.170468252937474,-0.851583967261879,0.315149287250502,-0.220516473825207,0.050734761506855,-1.75381072359058
"113479",4.83535104464079,1.50113205351055,-0.293052985443421,-0.342433693150379,0.763746406230306,0.203026195193658,0.451405006941952,1.19120015992463,1.11604217762129,-0.0690464718090412,-0.496343505895821,-0.552481155100175,-1.3378157411434,-0.505950557687043,0.0308072466604107,0.327755926141627,-0.867686500106612,0.368654816700777,0.893455417638611,-1.22476332212252,0.0590069890196269,-1.47458953735408,-1.40989877740058,-0.751078085572724,0.351663199681625,0.353472365063764,-0.319321777947067,-0.866173098097713
"113480",-2.52113871502447,0.0754590268178519,2.63352508235322,1.7309523032347,0.701543520167792,0.325641297337379,-2.13038831152409,-1.10748272598294,1.21870448898121,0.325247531094968,1.69954861666928,0.305343241372593,-0.258274806286341,-0.829937329391942,1.42222901039176,1.06985014418258,1.35614200262183,0.0730947106658472,-0.46483738458638,0.055327014017233,0.774778235716881,-0.288181056453491,-1.36627633674035,0.961693680143437,0.788597914233473,-0.23023707296008,0.265903305940655,1.03191720581584
"113481",4.0667242883953,1.94011658350292,1.28432339053624,2.77321846849251,0.681848265332534,0.987132572219369,0.343665973082711,1.65021970383539,0.852181022419261,0.0947025726910835,0.143184301520005,-1.25554180394091,-0.672795770772766,-1.40033525561784,-0.462011547516707,-0.125867178276901,-0.631388314410758,-0.351866022739499,0.974648861376754,0.159526679457657,-0.628934748312463,-1.03916289731235,-0.859295035548555,-0.726608996170558,-0.22919109938818,-0.740627018224785,-1.42845944353059,-0.308363310169241
"113482",-1.67146286711427,-0.117513977087545,-0.520641313465582,0.742037697223786,-0.132882650603561,1.07754640589819,-1.62217890579615,1.80860894479845,0.0631648717864476,0.390589287293113,-0.928999319505044,1.08415667443752,-0.759281371973088,1.21674374111109,-0.451568849685612,0.198085032059466,-0.117736246381513,0.367062321276556,0.713201449809284,0.258787684465745,-0.0986090438765494,0.684976360257866,0.139229084992738,0.165277953816121,0.264594499414211,-0.282975115735746,-0.125601592191372,0.306775331395539
"113483",3.84195839174466,1.24949553603481,0.425475365049596,0.0191847670496245,-0.871030008554791,-1.47024194428137,-0.708938189438506,-0.143500912481828,1.48907312620568,-0.305523253435324,0.130721273658967,0.278433945836057,-0.549417986623815,0.698178664175705,0.209522091787608,0.182358972237538,0.12935302455629,-0.0229767660665198,0.434863255270938,0.724406283821338,-0.0251375302514012,-0.89597230992278,-0.208387888762332,0.511047767721888,-0.163143649662615,-0.353234464724107,-0.0559269817880186,-0.809422567363112
"113484",-1.3760660453104,-0.160644732797238,-0.146613961118843,0.563829902093861,-0.511864616644817,0.691068432257854,-1.37776291820673,1.7506652315253,-0.00985415059384041,0.161423975346423,-1.18295178952226,1.2186869466993,-1.11367694250585,1.03365442324315,-0.744540923186122,-0.27666133142582,0.0161646323110689,0.0978403690006899,0.303119913725393,0.114311926426959,-0.535342642478731,1.03046808032444,-0.21462896466851,0.102765534087376,-0.0936608223240976,-0.424504037786391,-0.287060440866614,0.755518611973964
"113485",0.474055092266478,-0.46759091836686,0.941143861511395,2.32652008490699,-0.850301474359093,-0.159265273859298,1.16868079611909,0.560813227805858,0.204296384630672,-0.0411681127818818,1.38547496495988,0.00127635274273954,-0.957098960460303,-0.0440661293838829,0.739029923872485,0.0584985572428386,1.07748213751799,0.93123334430681,-0.367758025615627,-1.09471637938938,0.500944475230392,0.469833016343164,0.0643777834211259,-1.29881276336052,-0.304349046390066,0.420506280184787,0.962115686953699,0.469961477259001
"113486",0.189741141091157,0.61852208067325,0.121091600468718,0.501056198021123,-1.15191817890225,0.362997782215394,1.07480878357885,-1.61070674869993,0.998426263154673,2.63883041225701,-2.88755876547423,1.35926749830884,1.17481941340203,-0.800219481894691,0.150364467608478,0.0601562267188034,1.05680556898784,0.63898758342171,-0.434268688640366,-0.87600363240554,0.390154381137656,-1.08041898782658,-0.549977795995706,1.69505856993199,-1.37655829632727,0.314322108402249,1.08132123477248,-1.62459048069347
"113487",-2.49956318091257,1.69328238512998,-1.55384254809312,0.467508180351262,0.243790502444773,0.049412516191724,0.56679254291287,-0.683555348010384,0.243611601330455,0.581003375251367,0.589615300291578,-0.757300071694424,-0.698932912527566,0.174309039173446,0.293423809062649,0.0851131195544033,-0.850786317692171,0.116143326388747,-0.420302576711176,-0.251208259708331,-0.613423867003984,-0.0610013093449484,-0.93081082323524,-0.567421490010598,-0.22201039289334,0.358571310644824,-0.502874513203819,0.760265826201659
"113488",-0.183893787038315,-0.500945786181597,1.58351977056609,-1.13942147068067,0.619228743712023,0.81567159308196,0.563289147367245,0.392248977241613,0.671155549807907,1.06313687996205,0.331718422516698,-0.245680895085976,0.078139362761304,-0.383312469902902,-0.0226734121401971,1.92390579945464,1.10197480096402,-0.245156753521224,0.863688578731612,0.15720071649065,0.435908283332164,-0.187622885863812,-0.708427436554791,-1.51494187611279,-0.731876126321722,1.75640781057638,0.0240763784737037,1.02071229459468
"113489",0.0846806563406434,-0.241050056974199,-0.97000536748581,0.188140085539327,-0.473501864262913,-0.33255204000147,-1.71330708726963,-0.0989392747739006,-0.527275507047596,-0.465496954937545,0.233899678758247,0.0369191828550684,-0.458394365840015,-0.911935254326224,-1.02976386747395,-0.0503302350908097,-1.07954903826763,0.138637520332555,0.715689261765236,-0.578688378035524,0.848523312103653,-0.847079424784621,0.00812370308118985,-0.825080968302715,0.140133849894027,0.736321419751275,0.0704010428339367,-1.08807293185571
"113490",-0.555783431780086,-1.01198496091832,1.37827901054684,-0.159799790558716,-0.170802073729791,1.10939204892815,-0.234845588788356,0.630719457212101,0.493478763876553,-0.0186252224263495,-0.425540669498813,-1.60187078140765,1.56195619900923,-0.944205051148636,-0.108739162435112,3.20571477151213,-0.313313926773848,-0.198796101030461,-0.572133752528608,-0.0342672809076629,0.342938921738509,0.881012810088645,-0.521044150896351,0.218624634078521,0.399702330988334,-0.342873594189462,0.0731264105824438,1.562814571938
"113491",-0.441168065726885,0.0517433824902585,-0.489808471314139,-0.230772348587311,-0.764129917187244,-1.98048284550428,-0.384112817320167,-0.114983139503005,-0.941041509181408,-0.874157285940834,-1.06884557158381,-1.08395436757689,-1.49696030039535,-0.959202225478543,-0.297868787532412,-0.067785371354065,0.274296030890739,0.0691506797283889,-0.470361602041731,-0.643089865099949,-0.23565880333383,0.168131631599191,-0.488925088185923,0.573150007897269,0.998968831973384,0.923368724912611,-0.221954645280361,-0.0648560984598638
"113492",-0.9856396324167,-0.969133229547058,-0.374867512946993,0.366053867244044,1.10455216524612,-1.45684040886451,-0.482902134684031,-1.49060632345397,-0.0871386499024009,-1.53071700070735,-2.1559402113016,-0.714926801203358,-0.628688698985389,0.432231193081356,1.15448312208927,0.0257973549356834,-0.25071168164228,-1.5338755712568,0.942602714467139,0.0612645621353685,0.293866215165417,0.442676430050914,1.62980769827883,-0.235712394372199,-0.394603031183293,0.662032605238779,-0.505459774612509,0.0452768268318208
"113493",-0.439207400919366,-0.608115918311536,-1.61125831568787,-0.483833447881827,-0.364034355020106,-0.696865502113761,0.831924339457338,1.25087654225158,-0.229039114618174,-1.12651410146591,-1.13860440545064,-1.12177086635003,-0.940148911516079,-1.12635282468546,0.0949735219279997,0.17929285448724,-0.257165195350944,-0.00517519241458315,0.0174902999627867,-0.260091927934472,1.79698831154321,0.958729864264569,0.145900438346451,1.2494967609584,2.16249619904248,0.668393857167516,-0.283861196630007,0.740379130754998
"113494",-1.2602943144473,0.229141929192125,-0.297455223372308,0.0732020990664875,-0.940330587142409,-0.481863225422263,-0.550720867771522,0.24646592977581,0.0884921448246048,-1.57015752677587,-0.204625207891239,-0.00392073891861584,-0.847502257950031,-0.464470825187048,-0.552526991188338,-0.202121711918971,0.628788266622636,0.745226921481925,1.11863598298665,1.43343010170603,1.01161011153571,-0.410453719763826,0.67656737347075,1.1914066469866,-0.130229048537738,-0.947800238358542,0.140516623083081,-0.0235431862158485
"113495",-2.04948127062416,1.73279015063984,-1.48290706552483,0.518105627959551,-0.0319272149407573,-0.394959078498357,0.449085334261645,-1.01934285662655,0.120917068194897,0.781892131633007,0.595913227703624,-0.838996783860366,-0.914436266291261,0.272223705635701,-0.0678029428274968,0.0124986875842383,-0.856119902993127,0.534771781719093,0.000643908407455512,0.189052991418712,-0.769377567768267,0.398319271839409,-0.493306422069621,-0.476529775772551,-0.632310409011318,0.46139499380315,-0.603783558595031,0.609768311165775
"113496",0.592271426754667,-0.653790157617718,0.473922988214143,0.223104246130557,0.636450656928384,-0.730798286395228,0.170914811263916,0.318217230621862,-2.00505260653004,0.363836315382704,-0.232257754385514,-0.28315758007528,1.44670920084515,1.21479718702815,0.621902324124482,-0.108768277137295,0.908601511349603,1.34035193778691,0.0165412079218556,-0.0633840316982849,0.27623502370634,-0.0507780909210228,-1.31732875939182,-0.825636207786906,0.123086651422878,0.110475455952932,-0.701084349017402,-0.74085660302259
"113497",0.621269162464368,0.324846261106015,0.52366785404879,-0.884776792979063,-0.486758385567736,-1.21937810394186,0.345155597816288,0.0784778339790035,-0.799131397504988,0.167954351747025,0.638315790589909,0.545740319036358,0.375542414758453,0.850282304373531,0.379844099377826,-0.151797092254959,0.0556891697202716,-0.928984315973858,1.14350847874458,0.189932283079914,0.438438977368147,-0.426537541802705,0.789753019948113,-0.375429305301523,-1.95693196723511,-0.0685664992803852,-0.614194571310006,1.56397762286749
"113498",-0.271706275881135,-0.480794856888205,-0.207818598600363,-0.214690851251226,-1.37592960652026,0.431106502865854,0.544914971422417,-0.847518543650936,-0.663001081739093,1.44031223495323,-1.22414060671211,0.323120825748958,-0.0514211864154718,-0.368909247504954,1.18759803734423,-0.539874343298918,-0.722045226584197,-0.0794181896572677,-0.0533698609742703,-0.323635856903326,0.112577204762337,0.421701055416114,-1.02397693105702,-0.899816166617695,-0.60658546396978,-0.427687123528326,0.834452053257287,0.568349870332032
"113499",-1.33211071208637,1.12841084888681,0.141721560774698,0.079176533191726,-0.236754718453636,0.228765679063951,0.211005996542231,1.52622685590016,-0.159576402849012,-0.298268501950292,0.276388068239894,0.59218183761682,-1.0410612649015,-0.329320194677558,0.382915708854036,0.834885952684577,1.19357296528904,0.200877510050537,0.343872725299235,0.329480736259903,0.731334281273983,-0.6456549378952,-0.268393541982363,0.391899875927047,0.410636865162859,0.101853725979378,0.148561560877432,-0.023257309751047
"113500",-0.501365784671157,-0.0485571072965324,2.03417971287538,0.165625331448764,0.429014949940915,-2.17954396086943,-0.711320219883313,0.542487413946239,-0.376232082867288,1.56054958174019,1.03500735455308,0.488916430036432,1.29175312309414,-0.149361359415083,-0.781128367852457,0.231679914124678,0.240343965059279,0.914457170127739,-0.299335058322427,-0.146533255997846,0.881305970843237,0.766988408414575,-1.76880680469261,-0.270177809228053,0.508489022524131,0.678467168082223,0.21821522556393,0.565650609371611
"113501",-3.02796447699501,2.05275439331282,-1.79015344069651,0.842037030718708,0.0473343302723382,-0.0886232176937099,0.771932168998418,0.0913065554081328,0.90829162602976,1.35432871417228,0.780558091840487,-1.25984039926007,-0.521008597664907,0.230361810409422,0.145893572443525,0.602080804658891,-0.882199536893694,0.858207095564995,0.607582790024612,0.518443201181032,-0.315839420222516,0.503004529318557,0.606419357318833,-0.0442349707278051,-0.153078610097379,-0.116514473456759,-0.55028724022813,0.369321611394168
"113502",1.55993724393248,-0.232984329357034,1.20266962618005,-0.131767498907371,0.650879279256111,0.500855057924356,0.833896365627369,0.821350279227793,-0.50702498294417,0.184045861426085,-0.174906181384495,-0.116263446884211,0.684676524135492,0.637899232406711,0.702129679888492,2.23464378949901,1.6704766894059,-0.0164800163632412,0.767353759224844,-0.972909297397934,-0.868489391793831,0.161450785707644,1.32725547481531,-1.96804645722954,-2.51654034667056,-0.183263752436862,-1.2646094421521,-0.368852683516219
"113503",-1.83836872860766,-0.328366721411781,-0.574765289947442,0.570419720278305,-0.849688004254846,0.371344382583468,-1.84975646048885,1.42286856847108,-0.297541404924534,-0.0652561883248443,-1.50137617501558,0.698503473530637,-1.2310881290404,0.588029069734618,-1.18290207820521,-0.454396198926303,-0.868070924426282,-0.664138650667681,-0.4366277960004,-0.378114458658654,-0.647119895722286,0.861365907576582,3.25595374525492e-05,0.110189370592029,0.0868957971727856,-0.537827605089672,-0.317981295537672,0.566436278909353
"113504",-0.910597388566153,-0.32478389054747,-0.651287308150558,-0.140828375332862,-0.336520846285445,-0.970505411702664,0.462585909461869,0.491092811541482,-0.599410415099364,-0.922991781351297,-0.665511525132968,-0.751638347780786,-0.921987920149455,-0.822995398271347,-0.0373477608868942,-0.373203988495087,-0.131816449342144,0.200914697934277,0.0487624947176585,-0.495417082848166,0.235798471236278,0.0913982959402001,-0.526603553285065,0.907840942793042,1.78839985704444,0.95026794425648,-0.396976615037978,0.450883348256175
"113505",-0.67775641413575,-0.612124746644991,-0.632311681770622,0.322113318042246,-0.430910910464083,0.732689546321899,-1.65174417001596,1.40405460086981,-0.126685207624864,0.0356215360506856,-1.17885466457926,1.2759261353981,-1.02167287898753,1.09305776620931,-0.838055505407278,-0.123751298701013,-0.118569670459466,0.451783955921915,0.65789447641975,0.00335859527979309,-0.517605914723086,0.570326378408053,-0.673722114957714,-0.379254155746524,-0.20934139140519,-0.0742508488166506,-0.336921483593188,0.266451438707454
"113506",-0.252968740618318,-0.812489425722502,1.3472800806949,-0.245620876285673,0.627818684829401,0.512755866645767,0.443522959732329,-0.833786514622434,-0.255527833844672,-1.87406108989125,-0.00636436235273474,0.0789448520002853,1.21703193663538,1.07652573754632,-0.205701913959389,-0.593471804175282,-0.918895711387919,0.7078777295115,0.872104234599022,0.825417302915817,-0.0647231437569166,-0.876462753438556,-0.551535033206947,1.44022047996959,-1.22442733742099,-1.74344163425941,-0.597203952314806,0.97695719542964
"113507",-0.0231900076157364,-0.7445961166442,-0.329433315149703,-1.9580409542116,-1.15093929628363,0.57739977958947,0.3891275592491,0.791774054798824,-0.735966191612179,0.529565883100816,-0.460346621228446,-0.842128747724119,-1.31196500350101,-0.780150318070503,-0.928641221127898,0.156018636028267,0.146380602525813,0.0662655325481317,-0.327473537678854,0.413562483952161,-0.0971099317092949,0.760779693935484,1.09210525668601,-0.587255235371436,-0.992266000479061,-0.446023235600529,-0.00927349802170712,-0.0317289923894285
"113508",1.20423814969958,-0.725723036996519,1.4872987065341,-0.117309185103787,-0.142967700059374,1.28768103651466,1.83088395397769,2.28347238632404,2.43777565272956,-0.451976683226798,0.851624881963136,0.113967094379267,2.19758571051849,0.841509134410207,-0.704570083425123,-2.37335714134382,0.0264562811100043,1.2340697856137,2.07851004420443,2.36756230578679,-0.114794062612885,1.36242644284737,0.3660154059792,1.5003068896378,-2.78931731228217,-1.67629503231818,-1.18346390863401,0.667481576690749
"113509",-0.359525547116404,-0.775706627608492,-0.246499685582712,-0.445406892699835,-0.69350774805668,1.00418003419837,0.915308114974502,-0.994387322233355,-0.524703193106461,1.49706884665351,-1.03031239472035,0.555589542824943,-0.183814966669918,-0.253019562703757,0.972087100506413,-0.84400845930262,-1.04457997749835,0.658470414040012,0.672786200625167,-0.536769712947275,-0.123814652729147,-0.300751004358378,-1.61250438248051,-1.25799415924106,-0.490456270432816,-0.121212963842563,0.595495887209713,0.00430622827966083
"113510",-1.55403740646291,-0.433072759441611,2.12502432838555,1.46829965187201,0.183398345398585,-0.262717963752334,-2.25628155820465,-1.65648380170927,0.894695329575625,0.0497696866056224,1.19161902810908,-0.056560611305142,-0.73669336123686,-1.14564568257014,0.537150277687687,0.743562867521768,0.668432779285701,0.060698067972016,-0.474399576941248,0.108119951906927,0.711965637957461,0.181899976065523,-1.18885685920684,0.844407579246225,0.40011540506756,-0.0201343845895827,0.0775749659175505,0.889990877258643
"113511",0.48236165546221,1.31462548123934,0.567693808482845,-1.7410950856578,-0.956813056578236,1.82785026494016,-0.838990430020669,1.05331934867176,0.745910505398198,1.20259168177702,-0.0912779281574,-3.14490711971837,0.385043011921743,-0.23008514159716,1.37623017357173,-2.28441332066225,1.05140801701863,0.0254191668557407,-0.826914961253937,-0.113996831009974,-1.673418405333,1.38956848327202,1.16120874804506,0.205277703117533,0.18312480182325,2.18632970520271,0.700959702593682,-1.15542734538938
"113512",3.17406905614119,-1.30544536069617,-1.30706690955998,1.74159331491733,0.840355961117046,0.741642828389577,0.123252341162159,-1.1212507055139,-0.334285970258072,-1.35077239062273,0.588899092396938,1.18464213880645,0.0146648532167237,-0.879650406101506,-1.75312327021594,0.377278109073309,0.410064718502313,0.943721469415737,0.606581285440895,-0.271297327068227,-1.35290488187345,-0.361946522245847,0.842098232031718,1.69949017389554,-0.193935393565016,0.790606334397079,-0.0242109060488654,0.191774131291056
"113513",0.414821028089387,-1.66301972108621,-0.253250047865119,-0.612875522669285,0.299706827191767,0.890137798763009,0.292285628537258,-0.114196812377304,1.14312605774482,-1.74127948912311,0.827871821213793,-0.0569716850894889,-0.616010842529187,-0.42068515940218,0.773652532478623,0.695279389535568,-0.566087065995219,-0.172122823995749,-0.348956296642917,-0.188599828379375,0.458017592954487,-0.0863506268741158,-0.117624205443203,0.0367138121647874,-0.687495683935765,1.00173866403975,-0.195325438373047,0.121935596271404
"113514",-0.368526857533372,-2.22563578599859,-1.1349315452561,-1.484109800198,2.46253348651498,-3.39321929267131,0.041927088128677,0.970908112057519,2.33267962819892,0.791644875928387,-0.281414995454268,0.477998195799885,-0.547924681161774,-0.631945652582931,1.06509258978896,-0.416164798622183,0.333426018013591,0.696455147195479,0.810608892651444,-0.66050209245266,-1.29291500155669,0.183510940180138,0.0824484591222148,-0.0515473831978216,0.049385607000599,-1.48140887717337,0.581631719674446,0.172325241016059
"113515",0.407081872391239,-1.32243143129246,-1.19512621937651,-2.38075178256499,-0.418794984994785,1.47780055380043,0.443570962502145,0.675866592415728,-0.865051369494082,0.228347397531793,-0.420163361498478,-0.502569142873372,-0.872048042930554,-0.159430829917483,-0.167217818909278,0.939305195187988,0.384951868188747,0.458191490803784,-0.0593854506261458,0.339048711077023,0.526347903691874,-0.259569832646402,0.256414992995414,-0.87522651998875,-0.187474829155341,0.742529978744089,0.549199591659415,-0.566046676460738
"113516",-0.413583334580724,-1.21442223453781,0.330783400911814,-0.116668241046112,-1.13554424801575,-0.00430785735097988,1.25934912599932,-0.161199052951035,-2.93083700211344,-1.38535587732238,-0.624721647466687,-0.281261131698065,-0.389509936556921,-3.05641627017728,-0.339507470766164,0.205023885241057,-0.964300325456723,0.527868331574357,1.78278857532045,1.25560236637317,-2.98588488149289,0.0906422903062472,0.36269203412153,0.374346584641274,1.88074945529972,1.57384134186219,-0.888662128824726,-1.2343274962608
"113517",4.55145185607517,-1.9443639234129,-3.45645310528818,-0.44054693406686,-0.691463406606083,1.5103954478081,-0.510035630181828,-0.192040587089734,-1.5240441573254,-0.171032732077903,1.17724980160813,0.329238391315351,1.46764827467753,-1.9829762194502,-0.322474448044449,-0.115532641047296,0.113650217356984,1.17883736390766,1.38378102004612,-2.15497995639116,-1.65545354101352,-0.390159366420011,-0.235040365555247,0.385738176372428,-0.853712931659815,-2.0780564480219,-2.23013478500103,1.2319473392542
"113518",0.477679459139678,-0.394579658495947,0.225793605259433,-0.734930826735291,-0.0712907279697687,0.207007356286591,0.260364363416066,0.365554358963975,0.287906603945693,-0.655549104088035,0.852832601227016,-0.3491992184852,-1.25729680073806,-0.877941218429408,0.977750240793727,1.06858894548951,-0.566345100911205,-0.59277733098265,-0.974803538181931,-1.328311684182,-0.250566854613113,0.848241537492631,0.132902881039144,-0.277575868071503,-0.844892277523212,1.28991264084134,-0.352848447010675,0.732889118758542
"113519",0.814691575363646,-0.13592091048083,0.90669964472817,-0.517528453436672,0.154653513122439,-0.292695501818954,-0.064848615836793,-0.034358306179843,0.666287780310805,0.280140840455286,1.27868115152703,0.251047434005796,-1.2032710691828,-0.0014444420425642,0.924470272121457,1.30574820282296,-0.19631999790255,0.100571870403764,-0.431382415444899,-0.835985901468452,-0.176860801817313,1.42821039603812,0.951893183672658,-0.306749189154323,-1.01216847296108,2.02683391415127,0.197732659638975,0.203998377974698
"113520",0.898642748088261,-0.0404248521103594,1.53706932950263,-1.27998586616579,0.16418438270266,1.16348463368216,0.467786326018203,-0.174475760606756,1.28873572128202,0.525195012389468,0.485177568387382,-0.21542257271113,0.208023801974121,0.837335883472519,0.807812687709251,-0.639372616503738,-0.339732402287575,0.024207754607984,-0.0352657506706149,0.182526579008025,-0.355253552904018,-0.593488634087555,0.650795088191238,0.271924646281484,0.884918656888811,-1.267666492506,-0.024445649779632,0.321242934344541
"113521",3.84205307343191,1.12011661947545,-0.388869532246629,-3.48049711564173,1.44670810738717,0.71623331023818,-0.55569006133002,-0.88293863735717,-1.08138495882177,-1.00484533109338,-0.750044956701693,1.05259195342977,0.300311730058794,0.21393366877998,-0.170569764285268,0.660741427341458,0.730272773398097,1.44488471290356,0.813149527234678,-0.616122883935407,1.42798811754287,0.867027714325615,1.51140062072516,-1.39567472533521,-0.771702447449196,-1.81203518371035,2.87150715225812,1.76701136382394
"113522",-2.70653639691375,1.74973911105788,-1.98580417176078,0.161346413323427,0.151655780574205,0.273994904309513,0.51777627708663,-0.392174658550905,0.58165826991559,0.899068717508128,0.891621556093385,-1.00216656904306,-0.517881272080652,0.142219547607803,0.331281361997345,-0.234669434156804,-0.88708776637762,0.564183328668904,0.155080010601278,0.1185244541286,-0.255900797923528,0.381128374705279,-0.41562228299842,-0.316055388130264,-0.382924250501296,0.40308344376678,-0.738300664767271,0.328590572920172
"113523",0.071972545471632,-0.98060419882937,1.06426594821319,2.19700680606731,-0.263698283130273,-1.25377604184933,-0.680371068404036,-1.10829063704699,0.748403441405677,1.04717865163481,-2.65073120583134,-1.15965636646585,-0.784603330682615,-2.55433198298432,-0.435843307250146,-0.195315492091123,-1.12641844887477,-1.3882002126018,-0.405500706146293,1.19375095453382,-1.58140209344743,0.840002273973482,-1.0209901331092,-0.541845101945162,-1.12129309139539,0.780535031809801,3.00983315933076,1.56762168705695
"113524",3.46711209376772,0.73931460920353,0.813886535235424,-1.87556090321257,-0.0263245746158948,0.288928113637382,0.358086817527125,0.122030635757958,0.417076391039528,1.69291068629117,-0.0830729386860952,-0.659178960990025,-0.941668481611206,0.728715975673543,0.481530122696881,0.679641503423014,-0.400194090871144,-0.0249253343190908,-0.484887452402747,-0.647525515569141,-0.945048471335361,-0.227699279270918,0.514842086026999,-0.735027401342939,0.118584770117552,0.327198474474432,0.37337088455146,-0.503699409735447
"113525",-1.00226001853407,-0.769168784127021,0.654244905185188,-0.659934807537002,0.560448740581732,-0.0545262923786807,0.83255587229965,0.283654574015959,-1.60649769119926,-0.184146631833242,-0.118377243084572,-0.645018567623309,-0.740691628959632,-0.469458919631105,0.139687581364936,1.19922587190445,0.877261089133639,0.501738355218598,-1.01549101962321,-0.820679724048026,-0.993147802435511,0.581214271393798,0.608112542573449,0.350250894072904,0.382742548899188,0.306803464492815,-0.63885102167491,-0.215122244779699
"113526",4.60894197039905,1.38524633415219,-2.19556076932754,-1.74889906765439,-1.53001151054563,0.480928833697317,-1.13255683624525,0.808726133352684,0.822593794114361,-0.594741835930785,-1.32080993230402,-1.31443129622466,1.37257562013122,-0.440457615062335,0.626279150733904,-0.501494979670012,1.28651275617751,-1.03546119869307,-1.36566451961568,0.0645937235062618,0.498802953116062,0.919791896026015,0.0833706531208296,-0.874507178494689,0.633097980549961,-1.1946170572003,0.273585806480207,-1.33745190060507
"113527",-0.455844492671031,-0.836842918609963,0.458638645779333,0.992726424473364,0.404032419083456,-0.257716973582206,0.334388652719226,-1.26356625753687,-0.0843757440702504,0.772426092556689,-2.69963775439012,-0.260669004768378,-0.707762517310352,-0.802992866339053,1.8164616820067,-0.811267985593778,-0.567013879207536,-0.961064587582793,-0.00317780022188988,0.51302020032045,-0.632760444830875,1.00900729326975,0.0885455875598017,-0.54596158300985,-1.31735810713153,-1.79052486915053,1.46995804784485,1.27169730611515
"113528",-0.131476127308692,-1.66509901416504,0.408708863821317,2.19971770927938,-1.04532987181556,-0.234793574060116,1.15542808967702,-0.342512623762618,0.805992826543382,-0.980247621951541,1.17615729316868,0.243515277168935,-0.84772973973009,0.389151853254318,-0.128035906264002,-0.688158910535128,0.155466577904616,0.381015671496213,-0.846496187550512,-0.241741754469212,0.637828045560029,-0.440951315093715,0.145006742331966,-0.634389182978777,-0.140826952271562,0.272520300389608,1.11067748433251,-0.348046578128854
"113529",-1.37098710861502,-0.400933572779677,-0.473852824415822,0.352026105223959,-0.46399476958316,0.737990879933444,-1.69805580632323,1.29933017874333,-0.436202358345245,-0.174438462923549,-1.27535149480573,1.31633021799312,-1.05947384779393,1.11356853686183,-0.630564528443797,-0.193056507300721,-0.290797772000939,-0.48367728652691,-0.418622768284995,-0.420464130779323,-0.847696162962642,0.142444607601654,-0.962091595575171,-0.161635696074719,0.149301430234197,0.0598433209302344,-0.0759952046544372,0.510884334269325
"113530",4.05724299182091,-0.725384948933748,0.118597239730349,1.01316972754689,0.167465829790109,-1.92124002388823,-1.04258475460144,-1.31057704838113,-3.75113088320416,-0.639448057961197,-1.14201384289297,-1.35572339035827,0.819355355902787,0.348466480254133,-0.358450211771297,0.48200932141365,0.526835534649998,1.95400689807974,0.986809951496681,0.385208325948727,0.112351529535594,0.256397198177516,-1.16318720039503,-1.39716885026451,-1.52050286510766,-0.790297587087365,-0.998755629917993,0.000550748725469848
"113531",0.466718805957046,2.06218061737372,2.61035117073971,-0.358603007227098,0.462070371309897,0.839526947507058,-0.433004560169976,-0.343596108673545,0.944781035557483,0.518781794351523,1.04273038842677,0.242228957541177,0.735608027632452,-1.01934847860551,-0.545658782610321,1.28223621304627,0.937583112294288,-0.984069444434532,-1.68012280122666,0.85391142487473,-0.600035562012151,0.092715629061414,-0.665475063360923,-0.49542534732674,1.82734409920629,0.0139649453945403,1.32159482770803,0.971357622595967
"113532",-0.72170303497113,-0.903264673557767,0.536645290906517,-2.29224096497102,0.0125587229139411,0.792828857704068,1.30058886073648,0.234393665869426,0.0692324519784169,0.66866504424554,-0.539532745855075,-0.456440051710675,0.153154460566874,0.836322812972411,0.860264815193583,0.355322544383019,0.651838025316137,0.119479289456713,1.14733150744969,-0.969508531165679,-0.177526440148324,0.203000915057261,1.03599010367257,-1.6761491237141,-1.00269179810054,-0.242185979455572,-1.20264389518337,0.337387393872786
"113533",-1.95506018782101,-0.304872736922876,-1.68833774633572,-0.568744857321105,1.49087340321901,-0.854523319715242,0.310904249725621,0.730051021218669,0.632310525748336,-0.051279039560038,0.86145994938994,0.381409764738719,0.900840680047758,-0.88494108451909,-0.540999150930729,-0.551614033032912,0.681807150404851,-0.575831130830123,-1.61215178603127,0.688279181370454,-0.753881015281829,-0.122267532134348,-0.227070528333864,0.0562049705265459,1.32945922434216,-0.446999404442729,0.0929098436360257,-1.51196546261687
"113534",2.78116362413384,0.0437041888089309,0.574419716885584,-1.10563473455368,0.432258635220066,0.803182697523346,0.0842824770533086,-1.09550943171456,-1.15718521268973,1.65036789491542,0.942980073962608,0.161310320243805,-0.215597058128117,1.45428701598268,0.592209632152751,-1.00467582567192,-1.10465934363954,0.223137152857392,0.371088630475741,0.630599814252982,0.397134828851922,-0.813311578873792,-0.0325975659145987,0.540618895343681,1.07258169126208,0.523358205906633,0.209423661655129,0.398600371236547
"113535",-1.19407833187709,-1.77555197072458,1.94606248064428,-1.42847024236116,-0.224726914526287,0.368455485193022,-0.620807720477088,-1.07238429002821,1.40553333315172,-0.33996724446937,0.192521563992774,-0.316889419916532,1.44983034487582,0.116267720698103,-0.62653221288819,1.59918845624941,-0.150317910961671,1.14452439128129,0.419916744525559,0.658298590293084,0.0317813013217789,0.494134678733802,-0.781712395937991,0.544864554141048,-0.381290993422062,-0.680479084609218,-0.140197583377476,0.603410737036111
"113536",-2.4444752178303,2.35480836012843,-1.90416456301913,0.310087545266611,0.8205630422154,0.418352883411258,0.289898653475675,-1.87498516834871,0.0781256796716505,-0.554346971791844,0.595255768398763,0.166184122872477,0.491627157464797,0.349811018091741,-0.342457881382303,0.104055506079705,-0.169531687791826,0.331793391612012,-0.521162787938118,0.862045325717314,0.0931493195629874,0.728345530683232,-0.18451099436337,-1.00847538199297,0.24582056871504,-0.589660438614967,-0.107800704639107,0.266482975464545
"113537",-1.26980643525973,0.187347994004757,0.628118436110506,1.55247598895177,0.460400352016409,-0.906197825061058,0.138349701427867,-1.04603912438514,0.0872516339356903,-0.104385142067136,-1.65735659808508,0.532464521089427,-0.428126927264558,-0.598209592164823,2.49899249073087,0.241313822523744,-0.040218503298112,-0.772912449319809,0.491927762436985,1.06258331281679,-0.332782192886765,0.59773407342579,-0.0633857431987898,0.130141169577639,-1.053996593939,-0.494743530955553,1.85610945548668,1.51972736771502
"113538",0.494048540080332,-0.241776104214452,0.691963431242064,0.568389043214945,0.251451803683402,-1.54920438872372,-0.305594389609145,-0.0939905674875499,-2.5495158153919,0.00864027915672824,-1.10782215277668,-1.11760132852014,0.856178822703382,0.754670003500836,0.0970939345815768,-0.0611522084017711,0.605169404387735,0.668500979487781,-0.920046054609846,-0.552462122629367,-0.513561013200533,-0.112632661154899,-1.002243807088,-0.757939231717907,-0.0343607729161665,-0.00972531221008018,-0.219504740890976,-0.572894572239768
"113539",-0.623508569148341,-1.7921754934505,1.5997385580583,-0.874828255754281,-0.0111180318260495,0.934576732708797,0.252161106765972,-0.0872488923863042,1.50954612711763,-0.904019738953218,-0.959368429027314,-1.22736641873476,0.877986717826982,-0.734504070091105,-1.40009129439909,1.37038937142251,-1.00871465567607,-0.444156768547056,-1.04097528675242,0.424347978728408,0.208064045275135,0.693308789749357,-0.666433529369411,0.782105879226702,-0.174784547526591,-0.574193626123222,0.269732961521401,1.01774907087605
"113540",0.561859120367471,-2.7753535313869,0.485566205780091,2.46993377994715,-2.46556439962206,-0.371523978590955,1.2145969663256,-1.13162242851918,-0.170865717245477,-0.10208819246651,0.583264649266125,-0.653506128635325,-0.284980672675984,0.893311645566722,-0.812291420863358,-1.6344264790396,-0.0264794735249073,1.00671987220203,-0.354826536495681,0.150135214494631,-2.00795790213322,-0.795157493642035,0.367230018057575,-0.921697057480838,-0.405647523977174,-0.40929498609372,0.754430618413805,-0.264434379598746
"113541",-0.0857071363824901,0.0447550378251376,-0.432405716911213,0.771673400484696,-1.08889686001705,0.595739625523294,0.423731386606395,-2.1843081037633,0.516281685133727,2.03410932237028,-3.22045471133371,0.71648730323818,1.48035079308806,-1.2570905136531,-0.106021564723151,-0.11505998919051,0.217846503216106,0.439484249665552,-0.536488421521207,-1.4646047583579,0.323243345116777,-1.67972702939252,-0.747877978149725,1.3567953592678,-0.85670508224364,0.566756633293083,1.16515131946207,-1.78807796975777
"113542",-0.96730935928121,-0.621042513145773,0.0218204067313874,0.6955622187891,0.924438361495931,-1.62260098299597,-0.812977917140202,-1.68306111617965,-0.330098523337304,-1.33461267591735,-1.57661710820212,-0.321564525900727,-0.167922927326388,0.697545825733669,1.61509238214676,0.0872612304014901,-0.0621505961379916,-1.78315552326086,0.931609831152434,0.408495789923389,0.505033128420105,0.799737176797362,1.98288967986021,0.109582213805601,-0.515424083696569,0.294316131273438,-0.56403344930511,0.695139354356787
"113543",-1.35957145921236,-0.791061180532664,-0.563944188491225,0.110040700223625,0.754357612302086,-0.175164447286753,-0.0982141907222437,-0.522015705442268,0.0241486950431314,-1.55453755069034,-0.349179521917898,-0.259652555980022,-0.667441583703772,-0.113403219364058,0.113763093938254,-0.615868483689456,0.167065744017363,0.326405461355482,0.166703742620596,0.809326058171006,1.62247826080957,-0.535334830278826,-0.410845780389226,1.4222784536944,1.66191129091827,0.776130944382449,-0.0711847352543914,-0.603686422537243
"113544",-0.515117430013735,-1.82805126536299,0.179440545557085,2.32698249770205,-0.984408868164003,-0.243798697677285,1.27123449871446,-0.682506738359208,0.486277136239336,-1.10526272258306,0.955757174581765,-0.0634418558480148,-1.14616624238634,0.285738760173017,-0.552506311862218,-0.643283500979591,-0.505022933222818,0.397237262137961,-0.809236132910337,-0.261609674973339,0.473224035868765,-0.736311472201293,0.329815276743786,-0.484208376181223,0.166622978955625,0.358965000507282,1.01614846885097,-0.56001692991177
"113545",-0.387793512735307,0.0845684688716293,1.50899692307876,0.915630019831411,1.41551063055793,-0.971337036554578,1.24215616769321,1.71585728824811,-1.4568598652082,-0.115814004543866,-0.414495184360136,-0.126973030594997,1.0777710343383,0.340404622549277,-0.213522760247632,-0.23766359946992,0.391856930309313,1.16400779121464,-0.600517905724213,-1.41977904714881,0.226906744572705,1.49563273382291,0.25919142853824,0.154830966658151,0.0192815974287971,-0.870218178819495,-1.00641121711557,-0.314601189539029
"113546",0.294331736420563,0.278139313859207,1.08998703060467,0.0404222866446037,1.71985731909537,0.142517095289724,0.392507957394308,-0.0841477991256597,1.25900815795525,-0.0835076205212358,-0.0933218952376148,-0.700898151944848,-1.01702843224311,-0.0415462917398179,1.29024908493645,0.19850685389139,-0.882726065909438,-1.162919333806,-0.0832458976999125,1.01739538805236,-0.783349477598865,0.266279122803516,1.47656425572263,0.592293137356797,0.66297988889757,0.581845892247976,0.168604650775973,-0.0660731369274919
"113547",-1.04085777544611,-0.806080129463393,-1.45009254924983,-1.04907533435153,1.64495574194161,-1.07770982371379,0.888675603848751,0.671974997650763,0.994141581258809,0.0182206146409722,0.898796632450316,1.25123382798518,0.54702623264547,-0.854502038867884,-1.04013859788132,-0.899098904302147,0.234066145100984,-0.585923739719513,-1.53668610415747,0.390150567596918,-0.327175490430475,0.312878353416522,-0.565762466593333,-0.298368680151879,1.12352028632974,-0.782394989940519,-0.25451073096811,-1.10784587129922
"113548",-1.15839832807097,-0.278219006880331,-0.500285216621525,0.501103621877051,-0.596469296778819,0.526106209491831,-1.75993417507519,1.38403554755415,-0.415777281928744,-0.194239496181221,-1.49599953909657,0.981772476556818,-1.08819999076053,0.923370094966371,-0.776972663668932,-0.185282650887033,-0.427094920724288,-0.389654925709541,-0.207030943745529,-0.286469042992787,-0.527646188693525,0.769099211088141,-0.279652742673529,0.085130950659144,0.113624734810773,-0.237682024745643,0.04213249638401,0.892171953461596
"113549",-1.21310290141497,-0.192725274632899,0.25463842318922,-0.496324421104362,-0.245950512114051,0.0341706011935528,-0.655610950380676,-0.704129412634688,-3.58163274943127,-0.6973742063974,0.27503502673486,-0.021977408901829,-0.723947457376043,-0.23633843673186,-0.41264794817098,0.00773903357793841,0.372930041007187,0.288355555909956,-0.650835638506047,-0.152617247910549,-0.775870890401038,-1.05012133322668,0.25703427739964,0.881283637118555,-0.528095567890164,-0.333148137496112,0.349903555129861,0.490866493073017
"113550",-0.957422352223442,-0.853003514030775,0.12223381190165,-0.0890683725592803,-0.04407664937932,-0.0869305435921611,-0.302936499313248,-1.67690211474223,0.30705149807521,1.55356807857861,-0.919782811103355,0.0437272202880022,0.116949803617499,-0.143698436973139,-1.8661615765785,-0.992397151097106,2.00289822680444,-1.33985558149087,0.130637145940333,-1.29244505410574,0.329050790330697,-1.63377174635244,0.925476475600915,-1.75075015350224,1.07240703130985,0.570115543390842,-1.48959969982019,2.137025814636
"113551",-0.390053530086065,2.22366447393431,2.49096160203202,-0.593374751308471,0.135694074800061,0.361578615064198,-0.960169363837335,-0.896061379071051,0.617248907761828,0.529423130366198,0.842693391391199,-0.167391863647391,0.155332943121422,-1.3724958082009,-0.931597252873731,0.992247277166859,0.487992787501924,-1.62983595771153,-2.55198834665379,0.652191069550856,-0.53947369448566,0.391605660890595,-0.321267380668771,-0.308916635244151,1.67792244458622,-0.0946946111699846,1.06146304529212,0.472893780169253
"113552",-1.63534389932009,0.693936326971029,0.283904353057695,-0.524186546306178,-0.275884268202418,0.126109914638893,0.699839049729673,1.04457583029942,-0.677520652177487,-0.0526072670659508,0.619531861671665,-0.283605059256522,0.774170819649169,0.62976461689045,1.09323553883307,-0.45918319276345,0.429943456450921,-1.65013935894155,0.295325996715863,0.339399644192403,0.277554606294847,-0.884743018171121,0.710224936822655,0.316527236809531,-1.03029951083862,0.553929475384551,-0.420304981312567,1.21835785050876
"113553",4.12069583966492,-0.110755321271324,-1.76916380474205,0.999247661524935,-0.37958011664371,1.49178876919104,-1.08312735604143,0.0218627287357637,-0.858387988397529,-0.18750190341637,2.32825089202917,0.739722306653904,1.35873782474001,-1.46046467594015,0.0458825459567903,-1.01527175660597,2.23524759453691,1.13437078424143,1.09423917709308,0.248765707028647,-0.863498671792515,2.33560150862083,0.808846889739664,1.59079971711958,-1.79860384886009,1.76376803984211,-1.20914901040865,0.553286828014272
"113554",-0.532307391436615,-0.978334099423691,0.799600922742673,-0.769420961062745,0.689527094492982,-0.629870400937878,0.519835163821674,0.0625905981952688,-1.60636313044209,0.89637067931411,1.02017164986359,0.645045622382874,-0.545819241161218,0.0226373288832231,-0.394248364921101,-0.836271988986953,0.524390833674416,0.802562550848023,-0.255840053090975,-0.0931290842559281,0.113540713851245,0.654103563270847,0.21156852468768,0.798561364752154,-0.270129181521661,-0.41769121487918,-1.00555996775116,-0.110920813738476
"113555",0.985830634202807,-1.13980502201413,0.0594400458711391,-0.0241069010260318,0.566752772902986,-0.912049455446119,-0.0535433171069596,-0.702152599120458,-2.68177461608171,0.0252893053640222,-0.484079545573757,-0.348166508961142,1.11261117459349,1.15944474215549,-0.0872806050351121,-0.809094635325378,-0.433110192993917,0.685712457490805,-0.606574519833773,-0.312848606976351,0.389863845420424,0.137126932337718,-1.21638947834562,-0.644221824001744,0.302029433236252,0.825473302190334,-0.633593576799408,-0.727920971388941
"113556",-1.52301906636406,0.356912027822007,0.111057302710908,0.48905168932315,-0.383995789156394,-0.0221025526556802,-0.831490881578473,0.418043223725139,0.166597794594493,-1.5988167342184,0.0568900488738249,0.479591899313242,-0.282901081672606,-0.223736656904099,0.135509520852101,0.21807500476518,0.963044746011347,0.0524509296001628,0.380792420892208,0.822709500004216,0.861291597900822,-1.44960962899479,-0.138801072674978,0.722405665668876,0.27339524734371,-0.791956882948975,0.619433969701673,0.0330741306147945
"113557",2.45698963404815,-1.53531327879667,-1.57446065099508,-0.580754305854966,0.729556807431626,-0.461138772310145,0.00465310407064628,0.73423171184505,-1.86516491672666,-0.262864247451706,-1.05462930912773,-0.774241375844681,1.71457941665288,0.821418568894078,0.518195377905718,0.501581410479254,-0.29398289608514,0.566698775520745,-0.459884695369242,-0.736695154387732,1.85783946527863,-0.114956188498669,-1.21728848530616,-1.06321812188386,0.616758403020739,0.4426181581528,-0.0220694008908746,-0.736470184569238
"113558",3.1419278129938,0.575817923275212,1.23294628259517,-1.08305905349836,1.03113633910146,0.168764398903031,0.194837586854643,-0.82133062207775,1.0747850634807,-0.964418090201709,-0.118757170493716,-0.196603394800261,-0.940587474747133,0.558554011027393,-0.197988209424029,-0.0166152395541987,-0.980856456658091,0.420728612118201,0.302334994958289,-0.166311952550848,-0.532555175547154,-1.32287132114372,-0.0336374321876622,-0.0618321597419193,0.308105768342756,1.26515603614173,1.29935062139816,-0.168245353670509
"113559",-0.144021045139106,-0.361607391151252,-0.279779208109408,-1.28988324703905,-0.669634071468944,0.436837619575538,0.351213842651564,0.988160039660667,-1.2167553293976,1.33709258232558,0.240989561028072,-0.0802980067393353,-1.02702846110126,-0.0458922942693411,-0.89561589958585,-0.721539611444905,0.0103519260033707,-0.269712122419486,-0.297852305594158,1.15550604181581,0.387614672288647,-0.485245937723081,0.609025636409379,0.309428571221003,-0.852984649003836,-0.786939585033443,0.526790523011249,0.182438423884845
"113560",-0.891880296177609,-1.02877896893535,1.50349936452683,0.668817759345741,0.149410816143897,-0.161650733615395,-1.93492929503461,-1.9533511214316,0.897150580409398,0.012263916693945,1.30122725168735,0.295511333691771,-0.916731394854785,-1.02579035472915,0.0960133416180446,0.0956766870617157,-0.136091716993173,0.0803419951307231,-0.373256014929368,0.0679497487200477,0.970640246153083,0.329989864996383,-1.43809674183605,0.851702536235725,0.331466239974559,0.503701819903225,-0.198947591294478,0.65257042704119
"113561",-1.61641195673888,0.198299036958076,0.0118122094267365,0.227068991318514,-0.387121496137981,-0.393653815876503,0.251435012033074,-0.413273516034319,-0.614330449738771,-0.863739675482797,-0.750545172959295,-0.68494109211175,-0.324806975075553,0.163355313738424,0.264888638592872,-0.0425238882428747,-0.14456841971433,-0.761892948679448,0.945973160557731,-0.608465989475984,0.291532964510605,-0.212815738539089,0.591789767498909,-0.427507395082107,-0.108389658559681,0.855448936437106,-1.65878364703834,-0.180848787844193
"113562",-2.5408758267287,2.47388615013824,-1.74700566088693,1.06904473590837,0.217897431499226,0.0529429656692407,0.803801082887903,-1.85648942394977,1.63189305495347,1.65524712458147,-1.01466085216241,-0.074609859274088,0.655400955056562,-0.34644464438907,-0.767083351952174,0.515279290552229,0.597619859545866,1.08275759771938,-0.452413357492785,-0.401228030686005,0.374119503574848,-0.895126734764576,0.201935994264166,2.44014271297495,-0.661110213211253,1.25625592196402,-0.509276049289074,-1.49902904872721
"113563",-1.44549325439964,0.067205948088063,-0.311111785627775,0.507610781381579,0.0706108287440704,-0.920955210433701,-0.66010417832985,0.477147105942493,-0.146678862063717,-0.0785437115308064,0.218088049837153,-0.529541497459331,-0.236567788890084,-0.752916944618117,0.365107012595956,0.0833190213037284,-0.016982845513612,0.13785994896192,0.248383589315356,-0.484365697663857,0.958306770765431,0.0813370969382544,0.115635164009918,0.515282489787534,1.60323017787918,0.353151982732353,-0.516358739927375,-0.222019729633187
"113564",2.78199053899153,0.848551869987089,0.423524185303492,-0.260419396564027,-0.797763485092878,-1.22662539942094,-0.579715772913683,-0.226532693279356,1.53660504893475,-0.796081644699933,0.0033498124257535,0.05241369176849,-0.454605630226955,0.11693155037054,0.0481696998816298,-0.619389300571377,-0.518561533929328,0.277825362117847,0.85040447354789,-0.00620218835718859,0.14451664793389,-0.755205810376638,-0.261478721942798,0.522020160637777,0.39872826804722,-1.04774823240191,-0.483701415327155,-0.17397232891235
"113565",6.19463977678429,2.91753617564612,1.21096306564839,0.981732447526722,0.547392818343348,-0.710786715312382,-1.06352540137485,-0.835805556453979,-0.824429418336266,0.208369353381736,0.657188357023395,0.320556808755838,-0.647618984304147,0.593174170108826,0.885759105615361,0.201742568917293,-0.873446091315291,-0.738842306216607,0.27079810655023,-0.018798848453105,0.406322629249444,-0.0577634554654563,0.0406335789836493,0.650277854879871,-0.302328945021266,0.506168419036834,0.427107713093122,1.30320109052746
"113566",-1.60597659224116,-1.95494878058872,1.82067996846029,-1.32774822700935,0.00307666652275706,0.855727264755755,-0.249261098306682,-1.04777648879981,1.43111117264254,-0.348417136596945,0.0585889956646853,-0.604735121238433,1.09334204363124,-0.147152795717806,-1.22843635792903,0.875865102440645,-0.897517399625435,0.685182022477302,-0.0047777628360451,0.749802433211474,0.111415351908768,0.704286187337327,-0.648470823796658,0.752653956878965,-0.244142328433988,-0.224601733619007,-0.349467054352802,0.216914826373421
"113567",5.83182467562236,-0.742714230579099,-1.83376802001157,0.988684076245661,0.785630929041153,1.43736663904062,-1.04322866031087,-1.26190624590292,-2.06096825514036,0.415668510011023,0.651775663428623,0.313631271395294,0.726657781660688,-0.864615212047602,-0.138735541562357,0.789017481948605,1.27912410246317,1.73524644246821,1.40611316830985,-0.906012962776307,-0.626229705184767,1.21596842262955,1.42958845245822,0.919850082832531,-0.917371341481555,-0.263407828576551,-0.282671190062221,1.25437505898442
"113568",-1.32371526392621,0.0961810461208991,0.449575279162125,-0.108267552395724,-0.881169415921097,1.24306781026735,1.16579584450566,0.22909361316014,-0.0489861681013461,1.76085037964085,-0.529646545845229,1.03770279852858,0.338023906808091,-0.283782206856839,2.06928516549203,-0.62153049334003,-0.201014326021483,-0.851210161376379,-0.667853915467671,-0.435736804449671,0.563358021335979,0.339639668045963,-1.3484556936972,-0.605074655921669,-0.355173951845305,-1.17907822005406,0.618385050540205,1.164573783943
"113569",-2.31827840647209,2.04536972508268,-2.08086074072915,0.0512327372762986,0.334272725121996,0.0540900602954568,0.0236320274305568,-2.38779591771982,-0.183464149696189,-0.541205896996073,0.79374009740672,0.451605736606237,0.576948241630864,0.609998739429362,-0.370450498613606,-0.0108132757741157,-0.213014628130021,0.20455177403282,-0.703544542380609,1.07319004948102,0.0605661091473411,0.933784265198647,-0.244802811837327,-0.962815715060513,0.183692400748385,-0.186909484898033,-0.243188487156985,0.147494371268937
"113570",1.50672207526455,0.00605274473933957,1.03123846212818,0.601661341150833,-0.0782845038361522,0.527815633571693,-0.83962921170307,-1.1400479758651,0.609129953202698,0.014683188600812,-0.374017715471543,-0.751857209256423,-0.0218516591468687,0.482560972050753,0.438138582630666,-1.01453450885342,-0.107926712610272,0.625075430289023,0.814903729262043,0.273223775904357,-0.025594858094617,-0.964348164553818,-0.121533979778821,0.15391682812856,1.25274112891945,-1.65481813153118,-0.803113909047222,-0.619202266363408
"113571",-1.72901025300196,-0.348978172054046,-0.375936452879012,0.620634677764171,-0.0267544136609474,0.994671700568471,-1.42433029245347,1.181191235197,-0.524059490544673,-0.000661722283773925,-1.12087394964093,1.47249905320475,-1.15022244870695,1.39008160191093,-0.50758255591855,0.30449172810855,-0.33003607578011,-0.0932461782775398,0.0510119526046373,-0.00578398804476344,-0.316371758086471,0.200846959378192,-0.543931120906772,0.133360551719452,0.559882552980429,0.00299492112009657,-0.114228483711828,0.523037245275044
"113572",0.447026052860581,-0.721708358017288,-1.18374441357289,0.730839673995556,0.458464326478206,1.48741473609062,-0.141861670118864,-0.708531007629698,-1.1477944589731,1.26999063442152,1.046151854422,0.738057818028853,0.59406838596248,-0.304268527836702,-0.098846183830615,0.335994192177577,0.73800201829571,0.682919254942133,-0.244355091143491,-1.53539411905237,-1.51089705845845,0.671065289788979,1.95450460591025,1.86798043220077,1.2417554756112,0.294419483910859,-0.304398114932556,0.307445014142629
"113573",-1.83681276573806,-0.0163068141509004,1.40143958527509,-1.18246553336699,-0.429774781622983,-0.0698695849573228,0.110316399211479,0.881156499619798,1.16229389430214,1.75177591880589,0.56729761992672,-0.71840523032401,0.236747891208977,-0.640519736306734,-0.113200783718262,1.95953928279878,0.767872775585801,-0.863053893754125,0.368941875638835,0.280036571772724,0.625985995334645,0.693604861395066,0.88324240739934,-0.792502385244041,-0.65388891538949,0.826978204311374,-0.219808446462608,0.86328288963008
"113574",-0.176651611536032,-1.11835644051259,0.969979555014593,2.43504297031076,-0.328223704236834,-1.1487065872734,-0.935189670313186,-1.07435645045271,0.742127163915606,0.964043675897251,-2.37948413501152,-1.21034521352054,-0.389580863308838,-2.85567374949091,-0.221799967278025,-0.0453934373774976,-1.20525142163379,-1.23942405479455,0.0739464151522674,1.31478843761382,-0.827881044640814,1.2266285868563,-0.660422452072889,-0.501638011226989,-1.00398073000644,-0.0881830081217383,2.54634749030673,2.02286680990809
"113575",1.4788859919828,-1.50742408112547,-5.15772688077946,-0.0589975065243026,-6.56801093957667,-3.16051780221063,1.92345789777469,0.914880524522431,0.311355009961458,-0.419062272473076,0.0239232173827361,-1.23485526551007,4.09649164479381,2.67172774180938,0.293038115205671,0.634785114722001,-1.10524038381092,2.30779751197045,2.92210976684092,1.59836103017873,-6.11648169728077,-0.507822134244348,0.348116001422673,1.01499582820579,1.74033622392836,3.90517074298573,2.13527515811418,3.98352346066673
"113576",1.76303002890808,0.759142424046386,0.576147656716185,-0.904487985479757,0.149930082588077,-1.88436835896597,-1.3844266132679,-1.30647559841228,0.121937469543573,-0.233331056712722,0.718574350275129,0.772128862688876,-1.50751560800812,-0.05388212810959,1.1253263634803,-0.133995775092069,-1.03260151589501,0.819075457636531,0.552019330752074,-2.84785443781465,0.10101204786009,0.97437172695795,0.152810413868822,0.0857524862549879,-0.707709267043624,0.326493666249458,0.02237658307706,1.10627606110292
"113577",1.8043720345114,-0.0890536743733556,0.441584419683605,-0.0310058699456709,-0.56877652781474,0.311702937623115,-0.316004624712834,-0.817816650112172,0.696750964129431,0.0719389812418116,-0.683722144153357,-0.729400768923996,-0.531687562427427,0.640353602138657,0.24460996071895,-0.914245994170817,-0.0888483100868205,-0.00214888468350569,-0.0345863631952628,0.600918988946418,0.0253243562958613,-0.701544182643225,-0.161436964953096,0.497653968313922,1.13254090825351,-1.07150613971426,-0.750283215469489,-1.02050708270858
"113579",-0.987663850981296,-0.166467761800453,0.285290691594723,0.462686094383829,0.386270696385684,-0.215571587396171,0.244501767083652,-1.00823664474411,0.850268689950456,0.441072555018055,-0.270391866744491,0.537279920226619,-0.110810023304697,-0.676284756001891,-2.168650733892,-0.973935529382172,1.81554348727432,-1.15196810804915,0.806097212716101,-0.998818781822494,0.470510267985234,-1.87679127173749,0.361010364664615,-1.46167980796746,0.850887332621879,1.67029202685149,-1.58193772041282,2.36275765949625
"113580",-0.8919997183007,-2.69957940672295,-1.10875273850416,-2.24339855520386,-0.59985547326192,-0.322409244052514,-0.187028075154778,-1.30038171932704,-0.518120347560767,-0.615571011517929,-0.921154310816057,-1.30596919793466,-0.640401703240828,-0.0978975316913449,-0.586874159848593,-0.488682796627107,-0.313252193113306,0.154763922306084,-0.820231167851982,0.59686171395841,0.365221620377995,0.116650670642007,0.590812327788295,0.319933785475462,0.703261999745958,0.26526287253757,-0.0141784184676609,-0.85213023335264
"113581",-0.0723538182652635,-0.115495417064308,-0.471611896506443,-0.641271877597061,-0.344181237060388,-1.47630589910494,-0.24396300056546,0.0199018453548403,-2.1937055944558,-0.875525687227535,-0.0920451807406359,-0.83204823311276,-0.721650769204281,-0.516837154595671,0.343826788535031,0.36262521489812,0.712086541525853,-0.0810775070562157,-0.509902914049372,0.203344820645869,-0.667340727335359,-1.81634184981982,-1.36253618661228,0.691042646196542,0.350668175364232,0.796007875630658,0.769008229896141,1.09149607867394
"113582",-1.34263644385914,-0.0789423492081052,-0.145760253443266,0.998765517277028,0.225263584629592,1.22013149036093,-1.69801967139004,1.96597669216188,0.322849762099912,0.621116677832001,-0.698244218560142,1.60116519744719,-0.494101640217947,1.55301982664084,-0.171773085852174,0.579633528636213,0.312128598410123,0.239834928215449,0.515948523989224,0.0636532394013193,-0.351357280143891,0.043800667332382,-0.442529705671219,-0.35583276158581,0.224872723439193,-0.0291217701609578,0.169188601666642,0.0517718952562439
"113583",-2.85370004796822,1.84722815131058,-1.98586707438626,0.598744598835637,0.634166268960776,0.697236828632093,0.763368350713793,-0.215793062886999,0.361073619442134,0.628804814824313,0.60839309282611,-1.06186243792976,-0.436000520308934,0.374820108035516,0.91382149808365,0.802454309071078,-0.400526235169487,0.623185683336548,0.150172445946919,0.301904530104742,0.214573063487634,0.0382750733467345,-0.42299096238332,-0.14166049168918,0.31218867716166,0.522722042270603,-0.241234866562688,0.656851636415475
"113584",-1.84277307473944,0.269542988478253,0.177247701867609,0.145599826437146,-0.992459793318333,1.19795663592185,0.8485990600504,0.0879456258628863,-0.33638463752203,1.70066223228891,-0.683976984604564,0.42812825290369,0.637418895409872,0.0159352598762286,2.44598892856742,0.0462954066469404,0.276282446142856,0.0494690841538567,0.0850618847175222,-0.161016424325196,-0.0228013567573269,-0.25536175335067,-1.04390120745412,-0.421828506500734,0.0532147408051986,-0.696133479796076,1.1150000750197,0.80333226359645
"113585",-2.20806961995685,2.12998124592781,-1.91874134281472,0.261827165473208,0.872183366236961,0.364842808093251,0.614356903410463,-1.96864523123469,0.136971902835162,-0.455254698597009,0.543143556314059,0.351097659564818,0.217933391783105,0.416612638428915,-0.725420157966554,0.0243224905595006,-0.519362965368731,0.317722882957278,-0.500302039616855,1.01923045652458,0.293608360743086,0.995560975321172,-0.0369750594406957,-0.958940157957051,0.269450864464836,-0.467994540958611,-0.230375846008635,0.210875114194215
"113586",-0.408936045402208,-0.674956735741394,0.0965876937077864,0.735978800191257,1.27393005349842,-1.51394716699303,-0.661498406227723,-1.6080278446506,-0.225688095427838,-1.48386986099432,-1.99148017559932,-0.523366662778832,-0.463820935383346,0.556045823004379,1.35562583098338,0.128649342429452,0.0668179085372836,-1.41151707076442,1.16241040011534,0.196115732511118,0.258517304264305,0.544924469277618,1.65219760101077,-0.292413423344733,-0.682185643758064,0.477593317069467,-0.35745312794404,0.483148730344614
"113587",1.21557098966467,-0.709518495384251,-0.620856682207983,-2.24422973136626,-0.419646912405984,0.195418696341656,0.44993248062676,0.904026340864428,0.719303204058325,-1.42984977632649,0.415709014129122,0.69419068011867,-0.87618497498495,-0.420957727085452,-0.774195892911688,0.570029215862046,0.599583163153061,0.950507975573601,1.07802358669739,1.03991099606495,0.197395880236031,-1.40491983484486,-0.512081048887387,-0.549624839403313,-1.91418572192084,-0.333107210388122,0.424579910698383,-0.308824750844091
"113588",2.16916832783615,-2.02978857029617,-0.602003237942616,0.429222126731945,1.17826781151601,-0.337949749220971,-0.206253991572314,0.957345000344951,0.747549401829559,0.26642953173993,-0.74364571043199,-2.36613733360086,-0.378478604111801,-1.94460555971656,-0.841031865041906,-2.17268430613784,2.10392835813391,1.69337504589679,0.936509005915365,1.44483425435648,-1.65762847571729,0.0314264482893187,-1.2036816978298,-0.705780042156956,-2.34342558681961,-2.53264688341377,-1.05382354385727,-0.912706406061811
"113589",-1.66842275029396,-0.465774854282654,-1.21267471168584,-0.8126292879061,1.99155741005183,-0.0819144241133894,0.826097116533358,1.18447381906848,1.21143085625028,0.0386713534899448,1.31722883203431,1.09430752111845,1.1511214325717,-0.863193718562761,-0.423681806274335,-1.62123171512547,0.764263463667186,-0.733768018674703,-1.65639915024353,0.511534319298367,-0.447745769154932,0.260967930522593,-0.853037681349388,-0.151803603143081,1.16830742310179,-0.281305478928095,-0.124533510768492,-1.16956564680959
"113590",-1.65147739785527,-1.89372242995073,1.66604484155501,-1.27157180308083,-0.0179079742021436,0.695536194723083,-0.19777061288896,-1.03608936674094,1.40651045854035,-0.190284569466576,-0.146871403923799,-0.647137961272023,0.765437969076852,-0.0522067560921173,-1.46327393416548,1.2054426199066,-1.14451167840923,0.0422105774921346,-0.777363362812597,0.743280550885747,0.0276526207790243,0.465422087423622,-0.578596790320368,0.795018540004729,-0.17790147781253,0.117599829967726,-0.135691988094551,-0.263319069836802
"113591",-0.596932906298073,0.610411139840304,0.0133799070333346,0.0701606353400473,-0.290200368790487,-0.875376655028929,0.523152344476763,-1.99749796713117,0.966955709935976,0.0183016880028624,-2.85312533042287,0.356903983238531,0.514347558549445,-0.472142124210266,-1.55840136027507,-0.561799852559405,0.614668371479262,-0.0566939583397708,0.388965266340118,-1.85716148059272,0.827578471501068,-1.00690230684135,1.09415584969767,1.96302330208293,-0.875531447754051,2.19674238702494,-1.30266097906628,-2.3681010705248
"113592",-1.48774622428439,0.19354726724377,0.531966592965132,0.33284263553488,-0.425328572144101,-0.667071481295877,0.0598341647200104,-0.395125352924615,0.390579900391221,-1.58327218877444,-0.672619458035876,0.137217674718926,0.33919063303927,0.93839219499335,0.80411187274414,0.0241791345455093,0.816456575266691,-1.36786690148633,0.342532566145986,0.140308975650006,0.405579551089225,-1.05593598495676,0.408713520996244,0.156367304629519,-0.51021847029176,-0.19015664163087,-0.807107518810743,0.169288426384883
"113593",-2.16005757274215,-0.158173797532681,0.208866362522845,0.798323058026784,0.853978777418075,-1.56914845294596,-0.564818547557259,-0.824238099529173,0.246270647743178,-1.11613544187699,-1.65200023010679,-0.804467862630243,-0.200537266774671,0.299151349949347,1.74776372937166,0.164348968513938,0.273943461655925,-1.52695469035908,1.19694092808821,0.358844902618448,0.529661129309024,1.05075757120042,2.54592824810806,0.360894091759078,-0.410628302118819,-0.610083425710543,-0.752230761306843,0.75455227771873
"113594",0.000533760464970752,-1.11250909580408,0.465165730882923,-2.00061488448027,-1.04722008719684,-0.736964944291965,-0.144036375307148,0.177288818643446,0.780766590091363,1.014853420794,-0.18164353649526,-0.765789718632546,-0.0774908759155125,-0.982624282273523,-1.02141243069899,1.49889321103279,-0.187227908215689,-1.31986981438665,-0.180885572372939,-0.495052025010144,0.259749914699282,0.448205396977076,-0.0242736706613792,-1.55044241661454,-1.00854462470157,1.42643380924078,-0.173866589219508,0.760142656367642
"113595",-1.87338675735097,1.69194225336792,-2.16249648141966,0.615057193006506,0.279286362974502,0.241760087752085,0.975498412356724,-2.17793044923108,1.58862231321431,1.26577234076081,-1.26182191299742,0.0719841916360164,0.5463473105876,-0.494770692726896,-1.23318001675168,-0.126291755059324,-0.0806311123301014,0.954953039364387,-0.56127132440037,-0.71466850399176,0.700499595573237,-0.679450475907718,-0.216033881695925,2.17299716586038,-0.526201434653563,1.78101798084847,-0.597780002298189,-1.4569014077382
"113596",-1.52901457603398,0.289332932990651,0.886758870780814,0.243217222049036,-1.46665093687448,0.216081116430746,0.715572979083391,-1.02203500805452,-1.53210014329315,0.810159517439354,-0.00166582947673233,2.68995946834876,0.206801337963424,-2.77076337740257,1.61322287827058,-0.279900507171174,-1.67986792663746,0.537135515788377,2.71678141945589,0.77176096527739,-0.00149860962332356,1.23392109488713,-0.101370058535081,-0.307258411974938,0.411952000439789,-0.979870269798122,-0.634875192399726,-1.07166030655862
"113597",-1.83432551424594,2.07851736029105,-2.08070217817193,0.609603584818928,0.177004410327297,0.0771574972798243,0.494183773766616,-1.9231610027614,-0.244555471912757,-0.977383476051269,0.00943486213834804,-0.325229780732185,0.728319882480831,0.587061820260958,-0.411272078717373,0.315075217350169,0.188648667070408,0.940592694140411,0.0313653785453244,1.39236713675919,-0.487157918238703,1.08930505792363,0.207438113424219,-0.668828574949691,0.563710401234299,0.162721569929751,0.519272301389305,0.853264805120583
"113598",2.05762259267219,0.895176905805484,1.2387750150491,0.629034163760731,0.0414209180894131,-0.569223384322328,-0.447449284250239,-0.828700606686689,1.18765769296464,-0.664686920931423,0.14687336161749,0.230776274434049,-0.656671772040111,0.51800598387629,-0.0801211527017729,-0.750088861431852,-0.503024672641523,0.287503958036376,0.68587266180311,0.381138478115243,-0.0449187682721889,-1.00536315742557,-0.357492144216012,0.568817874785122,0.854520498048531,-0.0327067168400943,-0.279511479252949,-0.604558789202772
"113599",0.158563331362652,-2.70738646936839,-0.081398807843229,2.19268354372106,-1.71784617726106,0.0192338462894036,0.256045525625434,-1.548000814508,-0.533363417117718,-0.373320120188334,0.574942522382968,-0.423320407142311,-0.171812823833823,0.912508188582066,0.379122565419147,-0.33474034224337,0.206687992793606,0.0390735254017048,-1.43134326646234,-0.167266549933216,0.602849578483255,-0.437534985339107,0.60811559686637,-0.824055449378478,0.365971681036625,-0.731328960490819,1.10034469145472,-0.151223894581411
"113600",0.586865843274173,-2.59117676185779,-0.0726910426855019,1.94375059761244,-1.86344810204004,0.146001724868837,0.848296698139992,-0.739616820870141,0.174360336782818,0.112939698319134,0.729429579274173,-0.26794602445916,-0.337884029242285,1.03226550438473,0.246072227074055,-0.533512273501166,0.764454356508851,0.265620482541984,-1.25535230980835,0.378750926380984,0.482489122026741,-0.0367836567444217,0.584457242662443,-0.839581461756781,-0.213822245978471,-0.512871888612561,0.89905127822463,-0.664717208855378
"113601",-2.85153466719143,2.78623285317637,-1.95829637169158,0.423805182289233,0.587363675010183,0.195286195822587,0.192889815978349,-1.54286674207225,0.252288031578407,-0.240199225352025,0.643205658053353,-0.198424195585023,0.468255723634576,0.266270315444264,-0.291887277061646,0.357015275307895,-0.00504356315944356,0.455777886502206,-0.349743650639308,1.14769424880337,0.102301498201942,0.971983616346286,0.488282136258738,-0.700172128661255,0.0884718077540318,-0.998795974838336,-0.151085848080917,0.105487434394736
"113602",0.179057180507137,-1.05355258279068,-0.302409045359932,-1.23111927830131,-0.0669518754700265,-0.560561195390845,0.177683489638996,0.0359350827888033,-1.60122585635123,1.03894031597892,-0.235711120665405,-0.902161430008014,-0.792488277859599,-0.0404731682287836,-0.0877727417361528,-0.609614716716304,0.621365656904305,0.513838661708803,-0.144580727575238,0.555657904457962,-0.0305018627920023,-0.513901362213287,-0.369239555616632,0.291766050804392,0.150287613558393,-0.288674603371116,0.110676597903155,0.242698372241516
"113603",1.65059267396043,1.46379409206326,1.82158997049966,0.672305754937264,0.57497884310966,-0.25978660763769,0.195662156840753,0.155935877671519,1.76421594020179,-0.995423877767103,-0.501608784673819,-0.511611418535695,-1.05620182886991,-0.400318880030238,-0.255360607454768,-1.23998767660176,-0.307677290488429,1.02276240444551,1.42591730100376,-0.381610181105051,-0.369965819036171,-0.916131323256933,-0.329258633894887,0.463903791337181,0.700642637204837,-1.39264287758998,-0.328142347394702,0.19079992451033
"113604",-2.5299917732779,2.47991940011614,-2.11768150827534,0.191940000538345,0.30434705557872,0.096625715162139,0.15163880359092,-1.65229367528832,0.16749297534704,-0.510159181474701,0.455439650365385,-0.162667803914391,0.558010393610498,0.267321724259771,-0.366825166666967,0.0333212417066884,-0.0810149369145613,0.164330941130338,-0.730509543060751,0.93141131408192,-0.131735893368135,0.987909527677343,0.143244978921659,-0.809009844148995,0.129168026724166,-0.545698317970776,0.0242297240571159,0.232883404093514
"113605",1.80651741827119,0.270282651797715,-0.00403804044009453,0.498618866858385,-0.577541145632177,-1.30891891247451,-1.09148314785172,-0.453252913228076,0.165030115807356,-0.170337131933062,0.539662485897352,0.116622902667102,-1.30121645116969,-0.304100326397836,0.835599844112125,0.592886100415078,-0.595222579856875,-0.564529160310424,-0.623824129993609,-1.17470929633776,0.587106207520879,1.55475266846104,0.53197753631909,0.298844433098664,-0.666918861656658,1.12502220996869,-0.3346932257865,0.287157167731653
"113606",1.46712958482163,-0.296014835714851,0.421892202097584,-0.409431439522377,-0.533178158725527,0.151746801078393,-0.553566038787185,-1.40961033498306,0.518854236383675,0.00969615389770012,-0.617877172649724,-0.550143765081174,-0.56590955947702,0.739543124776536,0.0862848511950166,-1.39085206766915,-0.655068533929214,-0.0268535081201964,-0.144385801785419,0.133062283927354,-0.0913165228695265,-0.81126662624027,-0.241295613841114,0.48016386190628,1.37141411720945,-0.799351173485741,-0.697221571413719,-1.06208966328492
"113607",-2.09056209573965,2.41573214596862,-1.76710120180663,0.364641530846545,0.567294447770204,0.0978332439685833,0.230254835168553,-1.79129376962459,0.1777782063329,-0.518527283908865,0.464546100136128,0.0812146147769205,0.425649412649438,0.221913394970824,-0.539740489676907,-0.00831174736192382,-0.0960077394866262,0.288886143034604,-0.559200346440759,0.874092370316421,-0.0475202489866674,1.05897299997538,-0.0271246738816109,-1.07004125050523,-0.0542667335505356,-0.750765325184156,-0.0890562989861615,0.414086158328351
"113608",-0.92481946007225,-0.125140791764411,0.187553387396122,-1.2705768522804,-0.437147005345285,-0.36315687376999,0.333578796603706,0.672691276943983,-1.94309993190548,0.313709620219559,0.126935985134093,0.332535174822344,-1.27903258776461,-0.218680492582224,-1.20057828645507,-0.439790097666384,-0.0176303247474946,-0.132467879351541,-1.11963908072533,-0.226464647926723,-0.320338456929998,0.113876120831453,1.12114016398341,1.00522416218846,-0.865166224183333,-0.402610910063844,0.450778540337607,-0.0290423148035939
"113609",3.01218280898554,2.1156376715041,1.96176568183772,0.517111476997858,0.611469783245786,-0.235703380813218,0.537939591777485,1.11305485588944,0.545365557612548,1.61010493905238,1.49167817800366,0.486536066175571,-0.381692343982886,0.998065712865462,0.526368283207352,0.310810412238337,0.352588288880199,0.431270116612515,0.928620636485777,1.10633653686359,-0.498980843920883,-1.15097445197002,0.0721437254862656,0.437877506096398,-0.0749145318644643,0.602433505648322,0.804134590108054,0.409282104330842
"113610",2.03712551179502,-0.901900246716934,0.584170170677325,1.32381842608957,0.466411098781865,-1.46713978771402,-1.21218000989357,-0.289649106691886,-2.06003932818643,0.289643283220554,-0.659399751934623,-1.41508619743113,1.44863351520544,-0.217624153350636,-1.13375220138664,-1.09944189730766,-0.828043950033856,1.00622695453847,0.271447248643049,-0.839439277854153,-0.107874184918947,0.33159522496796,-0.585292317733292,-1.88261933781407,-1.03609443576318,-0.944535012369651,-1.07158361271335,-0.874842230051602
"113611",-2.39251291218097,1.1445848585072,-2.12185205854997,0.347762099588494,0.242522542171992,0.300696981687464,0.623262326920392,-1.02165852460797,0.0997450198635928,0.555212419341554,0.683918424980185,-0.746597363556513,-0.506032137119603,0.482622236377936,0.241417624147031,0.131324460398687,-1.15107130914217,0.574061359823699,0.127033425813035,0.247645142622558,-0.0695188184140011,0.224047650005934,-0.597269185449309,-0.344302208949339,0.219192223678729,1.0831581655615,-0.498015866107052,0.509138397185477
"113612",-1.11371761693944,1.2822294964537,-2.01967373696123,-0.0169758346650325,-0.564922276127501,-0.708830848524233,0.157564354042092,-1.11243667891037,0.117260159901635,0.684277139443633,0.858363746809141,-0.375146863334929,-0.511701630107629,0.359360132498604,0.144959171304225,0.0727662859317832,-0.870247324286485,0.27126471055834,-0.0990164492493494,0.167187453828299,-0.314311227152627,0.62588411785835,-0.78124443554649,-0.678026880536957,-0.886092889721437,0.343669710999202,-0.812014557284655,0.852533969247711
"113613",-0.410145922882222,-0.557595406429882,-0.984982455977409,0.110682432742879,-0.609244610422235,0.527998287327929,-1.71289532126281,1.52230239192443,-0.18868228320004,-0.0558781079155819,-1.45013776014823,1.21502384570659,-1.03077009933907,1.16767337727811,-0.803549612419394,0.0769670047369984,-0.376001327913643,-0.281119856828022,-0.153798196962415,-0.335928756712399,-0.681695154864323,0.247466990852337,-0.759479697773532,-0.308676968905895,-0.0753692321199543,0.233433091315947,0.143833850389534,0.261196073994925
"113614",2.26716028177256,-0.840299214193795,1.00187041917422,2.15903846940714,-1.153431431541,-2.10093689397473,-2.80326463688625,0.375331804060365,-1.17331878974905,0.477406010984968,0.638867300306168,-1.92895029689161,3.48264402470006,-1.35585194140497,-1.55327377275285,-1.10524548840596,-0.155428169952073,1.08585009585724,0.747563195154602,0.274587339712279,-1.3067619817192,0.456973546639878,-1.78582852566003,-1.24315770245081,-0.68524926235957,1.78168008725171,0.654698440681182,0.678074513394501
"113615",-0.532976038678246,-0.96699276419273,0.45294841306408,-1.17757469015671,0.534133695105542,0.681473380947373,0.791550999026502,-0.862653790625758,-1.21080169907125,-1.03553306232298,0.0313004515623796,0.109144793005233,0.640376882620716,1.09558399476943,-0.253552007425635,-0.396341874063551,-1.94544659870209,0.151299285542702,-0.0275018584669,-0.367835689199867,-0.243442270151913,-0.665260228260562,-1.01940949149692,0.991566302434803,-0.249958909700672,0.416217257321679,-0.776938602767347,0.335551912752663
"113616",6.2582705263398,-2.5145926282595,-4.12490202768748,-2.95463633541473,1.46265257622698,-1.31593268871909,-0.845329967149602,-0.564673837768537,-0.718449950011032,-0.0995126575428338,-0.388201734624046,0.194763369081564,0.379963974573367,0.241829446102466,0.69752518286513,-0.308021112192896,-1.593276714856,-1.92396387244473,-2.07418229653828,-0.452747978401627,1.61571979101425,-1.12209314717008,-1.04325489532104,0.694173163049252,-0.668650173200456,-1.26571206509897,1.50670856259628,0.947764683334078
"113617",-0.589306263903991,-0.428668661266184,-0.649068256962831,-0.908937835044401,-0.501825858826538,-0.788094521274106,1.27970454545681,-2.47424437156364,-1.2781940818361,0.0509438046525159,2.42345338716085,-1.79586626677871,-0.854699861061491,2.53410098282009,-2.86964552940582,0.398152831411198,1.87334412198705,-5.40150847817714,6.9565439378468,-4.32861210912533,-0.29660259353493,3.47859584946917,-2.91885951583621,1.92808768065773,-0.0726602678348283,-2.28343696135819,3.12632904429145,-2.06490995716966
"113618",-0.269994678375332,0.349856477098623,1.26237503177819,-1.28767961728593,0.425461024829496,0.712765620545775,0.0962739896945046,1.40586806742437,1.84365253484162,-0.821386440270022,0.0440936955452264,-0.315015690213737,1.88632653825817,1.25306884702776,0.733922560660095,-1.37764826261941,0.732165494241156,0.417764079568479,0.0920577115701985,0.43844763641761,-0.114205595466508,0.0857263626915064,-0.0264053892331213,1.45170928163804,-1.94719915861193,-0.772907522051972,0.801869472652124,0.0100733038199709
"113619",-1.54856636893231,-0.448876977700972,-0.443188819391696,-0.651108940456738,-0.513381589899825,-0.72917747166485,-0.179182960141422,-0.181831490564746,-1.18306352423552,0.509035912541027,-0.964959608640216,-1.11975801675578,-0.956590480726983,-0.0937692271132313,0.841670907344192,0.210217888997051,1.12621870271318,0.537292525639297,-0.320200809023161,-0.241677254508208,0.367101558624015,0.343598365925255,0.022179332740484,0.717377262305563,1.72349200379889,-0.497067761461779,-0.645322418041636,-0.219839546973976
"113620",-0.465251763953658,0.730427039916905,0.316597441501383,0.697498047865108,-1.14749566841756,0.546510766475717,0.850589414341882,-1.85434280115364,0.611876977664091,2.32593144995155,-2.76088041925727,1.19710879860517,1.37415348802662,-0.953430290852654,0.51692406049309,-0.00691288588329094,1.31467169900058,0.840740280374237,-0.211013461620759,-0.890344813120823,0.298809494940259,-1.22651866340977,-0.7158461977396,1.80346005504021,-1.2236675841674,-0.0319728136958396,0.856469121723095,-1.25044667638321
"113621",7.64758196810644,3.53695443225876,1.25436117534586,0.877805443663614,0.903564580242043,-1.13643366646199,-1.44298394566521,-1.13054442030675,-1.07374948668502,0.397618337685039,0.444968276145446,0.429063754154402,-0.879951175642885,1.02571572327579,1.01803048669744,0.712695236523257,-0.822176485676479,-0.901053895423351,-0.00925599135240382,-0.148772660431173,0.39095328425177,-0.211820603380017,0.24831653956569,0.666549385383746,-0.739865968138839,0.920909453746634,1.36431948880789,1.3308873612581
"113622",-0.291272624250349,-0.114788569930119,0.864487586704933,-0.695194904219066,0.15454409780135,0.456327568852002,1.12529899834618,0.644865818302685,-0.421174698021045,-0.565549578514704,0.183751420933717,-0.0144454015822147,0.938102682843909,0.843631572626495,0.231071173342964,0.280118774850749,-0.902713874034248,0.082448358716993,0.195114484934998,0.138399830571758,-0.0147360049312475,0.000500147753149986,-0.313440760069287,1.25110176062678,-0.841110441578065,-1.04591403745141,-0.875667045796495,1.04666956602551
"113623",-0.707117181261445,-0.974826323722475,-0.202615134781351,0.0731912991283421,-0.756992244198393,-0.607842755286943,-0.124565721561408,-1.39412130939247,0.465309622988725,1.78871334539896,-1.16170182210973,-0.338645862476821,-0.154729164773404,-0.274041090023873,-2.46504340811809,-0.744333520063133,1.94629774132814,-1.40470263193162,0.0872878733862076,-0.757575802281347,-0.0584593911975087,-1.38305185757092,1.362456474405,-1.6922416998009,0.716300696691227,0.580259053113317,-1.71623305883357,1.63676933127884
"113624",-0.30936924378156,1.74514244779134,2.10428761906738,-1.06786312978072,-0.541567432557527,0.543577613433106,-0.715224821854923,-0.480587745110056,0.820631834805144,0.650391895333781,2.07784312057405,0.896968546092388,1.0909027020413,-1.28385890350222,-0.403552834380487,0.711766175507472,0.368097815661902,-2.02338809651398,-2.35520058066126,0.815812567897883,-0.382620948814628,0.0956402241291027,-1.10270524254026,-0.361122740707208,1.42961591660393,-1.07123573691381,-0.13939471287325,1.01002497403172
"113625",-0.393580229640856,0.793312920905649,0.337776860530299,-1.8417021781279,0.100358825382944,0.33748303407757,0.163855066197806,-0.181411867370463,-0.286387343220002,-1.73541502263838,0.334087500420696,1.26755613973961,0.0741296867915532,-0.59040013513712,-1.19519123186734,0.320163671206182,1.23653837341832,1.0292727520853,0.453628831507187,0.755473472072312,0.00395165384506507,0.577795722376269,0.673161949394846,-1.22125601058068,-0.362488662683195,-0.252066641515829,1.04428508254978,0.188600717410404
"113626",-1.99343705808228,-0.235376569322868,0.882200118368822,-0.732561749953211,-0.0872877447921824,0.0988159658023702,0.504663451237526,-0.174655740389702,-2.47749446255624,-0.698676651081115,-0.0512673682304603,0.405913973812232,-0.885513655094913,-2.96190948376382,0.918428162637848,1.29569929200589,0.201936241086722,0.378724355891022,1.19726363108642,0.889383697284942,-0.88674234683418,0.491290490337873,0.574306104396395,0.271145267853403,1.84411125744549,0.316312988104727,-1.16376706987279,-1.85261945430861
"113627",4.38421498557083,0.457584747425439,-0.818433815502409,-2.10634661245097,0.302947323386251,0.916965758289811,-1.69968129624177,-1.40556882750143,-1.77474202270567,-0.945996688294166,0.0383594401555816,0.57653213449813,0.981402759867219,-0.0997245004319679,-0.453031301667868,0.747165570874951,1.49010321092268,1.05044512735221,0.712238425413358,1.09872701705067,0.739076546435754,0.596907796877361,0.815753601319241,-2.12982056022013,-2.01201448860126,-1.18112618115821,1.49173497480571,0.171390301858638
"113628",-1.38667275098538,0.839805297270898,-0.123399093301367,-0.0821569851171121,-0.978719655552434,-0.476727594747558,-0.159083379130034,0.892517754952715,-0.451871431521726,-0.502195298530617,-0.126492619514486,-0.201198428904515,-1.53061254657286,-1.07634162620748,-0.733780269817973,-0.22839856558992,0.152404399152823,0.237955328133576,0.488344385987462,0.336663281063745,0.714391945507509,0.503115070730402,0.614480117148189,0.628590967247377,-0.00352858590873986,-0.24717393015709,-0.40755784450053,0.0500285705137798
"113629",-2.521367706273,0.833560018729287,-1.11213749628725,-0.999919767743821,-1.88264389315056,-0.66092382987672,-1.87242081340143,0.946724948382238,0.00434534337182486,-0.307775039511064,0.345436466793137,-2.48534465569648,0.777214488979878,-1.00805176914578,1.14759948409605,-3.36315743868151,1.52395510547347,0.732155899725481,0.266681398493716,0.253846731655142,-0.491505589016444,2.17883222499649,0.76054275886663,1.80866049187236,0.548615929094704,2.77676787688478,0.0411428995686017,-0.780583071869392
"113630",-3.12838097754297,1.77722140884529,-1.89640876444118,0.455984309507038,0.27021555278347,0.343381138394779,0.595337049224275,-0.305811702621164,0.624688481509223,1.01622743707249,0.957758277947295,-0.901978839666563,-0.351709773346423,0.354386923093265,0.550316694928208,0.235965720487287,-0.82638079976795,0.547087939602056,0.180377877074446,0.271753156348253,0.0307327245021602,0.381642151595316,-0.0832265191263291,-0.127792326561955,0.0785259013420196,0.382438907794463,-0.559264509795675,0.450635576971522
"113631",-1.08288276666003,-0.49740974740126,-0.773798263958996,0.767737673605463,-0.598269511107213,0.632339639971041,-2.10955917435887,1.71889891047226,0.0834490013699972,0.170162844431409,-1.1297512698831,0.96265726497531,-0.403808510175792,0.921158206741577,-0.78554507648229,-0.0437894446402273,-0.688274970396098,-0.194642929082486,0.287549183008398,-0.372082532569145,-0.459443643857766,0.497430529454437,-0.0228303034673475,-0.271658121775847,0.179220991381711,-0.354632668704444,0.047571725412337,0.494470577366998
"113632",-1.07179196812753,-0.310928277369829,-0.73862579997914,0.205310954980115,-0.0610824760057236,0.403861322607802,-1.16150694863552,0.137225976577946,0.401290457599836,-1.43481861171768,0.233203602805466,0.324697912959843,-0.079462003769013,-0.339975019952808,-0.341517156328938,-0.252442766436649,-0.0497835474820003,0.331221672768686,0.920707209854486,0.847269163109732,1.79511198045983,-1.10960945646901,0.278614413831534,0.512783461832065,0.373423096629867,-0.261585221860164,0.449864286935988,-0.736177735058231
"113633",3.48717971084071,0.710704930928506,1.35881693268268,0.750479395087541,1.11834644289198,1.76761931283059,1.29833747249751,0.277521665185838,-1.01120417374766,1.32645652193307,0.0180138577710194,-1.12571746479449,-0.943254302597158,0.26438688044146,-0.46755543269966,-1.28310019563392,-1.22624325217838,-0.377370651854506,0.100449673886252,1.0326067882115,-0.574852743771036,-1.06322972544271,-0.111408514044618,0.449455975592497,0.383120059229411,-0.149745408712172,0.058354953266857,0.744149012787623
"113634",1.91884645727027,-0.424179073984532,0.998564671259873,-2.01902667702796,-0.0732391676195449,0.315702212899929,0.029962459806178,-1.06749860146432,0.967308604624505,0.31914844730103,-0.241244723368102,-0.522001471460675,-0.537011284060759,0.836013099817039,0.0929452603690782,-0.595250986482461,-0.671452415844585,0.518324016188506,0.0492265649406315,-0.176825022264995,-0.656387648076476,-0.626047744937251,0.543357081554454,-0.164879765608828,0.512376837995774,-0.58176444258806,0.282636529548695,-0.41113863694882
"113635",-0.00827006461439897,-1.23430932302039,0.981196168087931,1.82010380956544,-0.640961853593718,0.648420331702963,1.33447454444629,0.015779392597372,-0.247340576531408,0.979045934996971,0.643750202031502,-0.638024070691426,-1.32280166905514,0.115262192312717,0.515668341958414,-0.514366826122867,0.892155882272603,1.04989530386919,-0.757237650965245,-1.49574375987932,0.0826885981661455,0.30279215360816,0.134822370332439,-1.74108295134624,-0.122260242989976,-0.821242231251868,0.478158238208112,-0.144776074770562
"113636",-1.54849847290984,-1.07342430931899,1.32285075837593,-0.319151008847337,0.618336328099495,0.991898875651364,0.760331520200093,-0.675162267710582,0.00247657597401045,-1.71178693530024,0.628511880910542,0.279858982254509,1.61141523556807,0.978813253962877,-0.119839468967762,-1.20808618535313,-1.39944729293769,0.96067988561682,1.46702326324579,1.04022828085876,0.539075553167199,-0.367716718367022,-0.0883233831623872,1.89792339229944,-0.715804175148767,-2.27241038836405,-1.33330058168173,1.28407934849809
"113637",0.139528782665673,0.0421030513874556,-0.269774005464345,-1.00728577658066,-1.07743695094444,-2.80286818562486,-0.520603271948002,0.0896750524885538,-0.172192007099912,-0.414167803157186,-0.780520554094553,-0.496324729365281,-1.31010298994938,-0.753406325811719,-0.167217061581501,-0.011219044419182,0.799372844231631,1.24226642420323,0.682545866340035,-0.947301547745886,-0.161345880911361,0.660766934570008,-0.302105987519378,0.160437311094005,0.506660628736828,0.146188113379473,-0.322941152674352,0.146411977184742
"113638",-0.799640198389388,2.35583372988034,-1.48808533230135,0.262593908601102,0.745825686302884,0.164630240648712,0.359250459255009,-1.63121062843876,0.250400065389628,-0.642058805175528,0.508393698838968,0.737190328241656,0.318436041279854,0.190121442958972,-0.512003271383943,-0.0719677391965449,0.178681941603047,-0.470618136457043,-1.34847445608129,0.530220867309577,-0.208125687284181,0.669338774733467,-1.18668298806114,-1.71906857517592,-0.695111650620501,-0.78764794165472,-0.14758237602185,0.558510017299745
"113639",-1.84623332533456,0.06476614341045,0.362278754482716,-1.65901748918605,1.17621252754821,1.86273514585634,1.43453382444891,-0.588546378217266,0.297183275132468,-2.10309998717978,-0.556311121459276,0.287967167051747,1.52391198255836,0.736867896058515,-0.71602567556414,0.807005397072742,-1.03064735252255,-0.289020540144999,-1.23700022476298,-0.104907237182707,-0.159485034465749,0.911968495098138,0.621084553961389,0.0314194874154617,0.633342949624777,-0.0403032071065919,-0.38246250606944,-1.05941188094224
"113640",-2.24627805281059,1.09864487629508,0.561356020223833,0.20997783267032,0.274299689355453,-0.0766597371631821,0.0724566799387506,-0.0411532222527809,-0.457853268602594,-0.537719500962296,-0.139905996656454,-0.139789736127168,-0.179203678001962,0.323118460516397,1.36196362607894,0.636791775457765,0.684114732848672,-0.946083801310984,0.759478715582462,-0.798671278823292,0.909766597898999,-0.581408396273624,0.372305224034959,-0.371866860312749,-0.213163198045764,-0.174886014056612,-1.73843446458629,0.0797187544940135
"113641",1.11750525805757,-0.616910840543619,0.373393969426427,0.120890908378931,0.55834161357277,-1.0727817092344,0.163739449987031,0.314100925740953,-1.92537051437529,0.398876393780992,-0.599387247347599,-0.490953983321618,1.13349467922092,1.06436091357863,0.157589826213606,-0.256945489219707,0.474644296598395,1.09169399866905,-0.251124939977489,-0.247686190405857,0.28427186705129,0.260879944499281,-0.972886148875952,-0.813389523181403,-0.0613287157821862,0.165731874701824,-0.455494999548869,-0.741507390578959
"113642",1.24063855818527,2.91521499224243,0.850188781421429,0.129459661624052,-0.421133668495804,0.161346114372268,-1.16172044688343,0.146473465273463,1.23743943644127,-1.05735821815275,-0.0186575607320733,-0.605117040319898,1.05231799243822,-0.83076315292991,-0.244242102485854,-2.54661633058949,0.560409377166312,-0.590843269416886,-0.70076894010152,-0.241825708306997,-0.765412498325079,1.27615031469841,0.476246088219126,-0.216731981886535,0.971539368539113,-0.00692803895872987,0.274233756857623,-0.698832741724728
"113643",3.36842134171924,1.29576013656192,0.16018144954703,-0.60139038964606,0.277711710131203,0.71773461459852,0.128329017302779,-0.630735118008916,0.472860671970601,-0.129299917724978,-0.849363941437859,0.0732040949486468,0.280719409660361,0.228226827951543,-0.267441990707576,-0.512707784908405,0.590826020321676,0.632341512692385,0.318192014816738,0.287237166741008,0.401330667982139,0.765560811001843,0.26247559946137,-0.903535179687362,1.42683415914409,-1.77568909504569,-0.400039692400253,-0.770140595265347
"113644",-0.260700762324771,-1.30167638220956,0.421922169762946,-0.544126685587109,0.920768589125991,0.864014454279115,0.230964425781449,-0.422920984806492,1.49200611291096,-1.01165542051392,1.08459280789141,0.197915197863296,-0.902601633885894,0.173370753116163,0.741598167351454,0.763197105168788,-0.181956153144881,0.793127741910017,0.29125581186828,0.0326146780733897,0.35431707577066,0.0180180209261737,0.361733715140215,0.0202352518683028,-0.60888908325125,1.60445378272171,0.122129532767751,-0.718204432888341
"113645",-0.724575718065631,-0.337367924930285,0.012023573799929,1.18122632105954,0.726965394393708,-1.74243984943072,-0.352129426446385,-0.705415742636151,0.176687175997899,-1.12469921727277,-2.18908411398483,-0.904097662672422,-0.395772255600225,0.604715551287753,1.31246693226666,0.631223722386812,0.356402026533118,-1.99698748552208,0.577831713015065,0.647372275845976,-0.134804011454506,0.647353875807427,2.25313236079971,0.0767309914920693,-0.629615480942387,0.562608091853433,-0.0406213960232175,0.27508725926667
"113646",0.916273061984979,0.191151999967909,1.02639791623244,0.408940356342631,0.0974057289319108,0.835964750461041,0.0893466024491242,-0.507383198170982,1.02487064057113,0.0523510365619695,-1.08128832575206,-1.31840795110409,-0.865722879997785,0.16805860206064,-0.251000448472548,-1.7552918654538,-0.593134194454643,0.10610494290633,0.0708284170680309,0.299118645521266,0.0630213814266678,-0.199559115792283,0.450616010508246,0.752552452649952,1.48471298489434,-1.1514251501717,-0.556157356231834,-0.789177633477926
"113647",-1.02341676658733,0.263014399506342,0.910209419570302,0.390841603937788,-1.43716560460421,0.35121524838033,1.04453394646584,-0.55473081776814,-1.49424109536762,0.394398713964108,-0.545191204512358,2.5445449881659,-0.00358887192516084,-3.22118343479648,1.39149675339368,-0.432118738922795,-1.93375737728224,-0.581359600206856,1.61120275474371,0.300926596076917,-0.0395768244995738,1.17112806496246,-0.531175013077149,-0.442092286565926,0.383861315222031,-1.12166628734801,-0.426441097786842,-0.578197162476529
"113648",0.477968822497613,-3.17500261142055,-1.22439388815373,-0.029083605443145,3.19622974220146,-1.19346906421373,0.341626468559239,0.29741355460032,1.0583396587193,1.72535535389393,-0.912225659744614,-0.486361047897191,-0.492190955484975,0.0903041221532563,1.08591670715558,-0.149493030195266,0.835221512209027,0.318926075015361,0.215646359464106,1.25479463715373,-0.830096047354746,0.506371013389487,0.513103328093795,-0.034911433758739,0.377568458518624,-0.758287177110793,0.501186564353448,-0.834448883008665
"113649",-0.417688434740335,-1.78646985316376,-0.845792618394352,1.13936645733411,1.95372200483828,-2.81182242894139,0.304092756359178,1.33505225789263,1.12365205047738,0.426640531637056,-0.702223034939121,-0.45931765920292,-0.300352653530711,-0.394267765767797,1.15010162420744,0.870863712133726,1.15025295720906,-1.17905264324514,-1.05645232561651,0.931262044308849,-3.14513589706343,-1.22754026514085,-0.364827339784229,0.386688109225036,0.246292355683478,0.0141112536425506,1.19442964016733,-0.195603067227527
"113650",-0.551450938990376,-1.67105750721371,-0.451550122559428,-0.565753590239192,-0.0376113755251576,-0.421994843808771,0.176205817370863,0.325563694746769,0.524270754797857,-1.85000855449795,-0.611738579245803,-1.41361568543712,-0.183603141016246,-1.26328310311691,-0.913495560305074,-0.248559633245508,-0.517009435655919,0.178618112962578,0.0871221776089242,0.278409389263304,0.0648110179770109,-0.395539569079887,0.350223406208819,0.191505367959124,0.492334533970269,0.320852843613382,0.396475321515764,0.25957537808583
"113651",-0.151826370076332,-3.01722792713703,-0.835084054495508,0.728975493702145,3.28254692717955,-2.33107039984734,-0.884949035511944,0.058489520155528,0.364344769845006,1.13888684055897,0.1970894843217,1.11543427305942,0.913325856196435,-0.961971331984361,-0.397474125100808,-2.06874654109324,-0.895667557995342,-0.822424212300013,2.86111706663863,4.39919093338143,-0.803191732001674,0.0229224823892309,-0.388531387819531,-1.2930478418648,0.918159003651635,2.64092967809748,0.962147024043877,-1.43108113095395
"113652",0.174911172675386,-0.232708119803359,1.76187903210656,0.79689167035053,0.448395852629328,-1.69400297503197,-0.850359104177332,0.282375257304313,-1.12336911227155,0.802595326671213,0.60208363942826,-0.302155534406716,1.30814282844893,-0.649872670531577,-0.94479375972984,0.0874628694532492,0.220515598104889,0.867881646790795,-0.205719678595046,0.202129200013076,0.731011934552718,0.664155605745779,-2.08192584495414,-0.3110654844016,0.339189368711844,0.918909000508334,0.120179467365391,0.817286107485737
"113653",1.55258703952263,0.142053610915838,1.48813257655883,-1.68071950874478,1.2679040513746,0.686018982732304,0.907818072493791,-0.369947808710746,1.70813474181957,-1.22765032255954,0.0196946868426754,-0.261199554548772,-1.11916502121696,-0.204487986675371,-0.480713720894653,-0.993768972201783,-1.01103090500797,1.76106604018945,1.61782126959505,-0.990831863024491,-1.21021477158596,-1.96629778331312,-1.02565599089556,-0.65844895079951,0.388775843389766,0.0346446303038519,0.0395353771598494,-0.286161127054865
"113654",1.14136167037322,2.61139777371374,1.42848506784914,-0.731908944551166,0.31279739308094,0.813084673629423,0.747068252298064,0.618437814287641,0.830195354942989,-1.23063597539657,0.133093735192171,-0.0409222860512625,0.420872657580221,-0.42429165155916,0.0844793732311599,0.137623221879665,0.867096716883396,-1.03783253984763,-1.55743139717844,0.100396685821437,-1.37678492366467,-0.0187130205929369,0.159294263816715,-0.597809846727278,0.920025945900852,-0.0696786049144088,0.793580262687964,0.158577147515774
"113655",2.16035607870957,0.174493291267759,0.0281189126587435,0.680527447843805,0.781795897801835,-1.6221560052295,0.915877988085107,2.0507952744807,-0.763785575479738,-0.867451966734238,-0.935103390072494,-0.689780434416882,0.739424504207941,-0.138269118326038,-0.580347058754452,0.171550402199,-0.209055810993388,0.542366776866504,-0.136296048673187,-0.512254445959444,0.970626603299582,0.582847247611099,-0.773587335476513,-0.549398687565853,-0.326703868267641,0.547090577417281,0.0938095745224895,0.0719909364723166
"113656",-0.313444780404364,-1.22915278286059,0.284326336979584,-0.630341759630735,0.386316764330364,0.453089801651326,-0.0327168842385136,-0.572209550887358,1.2239404086937,-1.12854011772311,1.10125346205201,0.0948656167553717,-0.870402178178134,-0.0273700554799278,0.662771834635958,0.580157561513915,-0.496656695220388,0.190980209454943,-0.219434410415035,-0.0876207335661923,0.188694238986345,0.131684811604954,0.468850905925315,0.208479102296274,-0.781270110199729,1.25525711814741,-0.0451365486898409,-0.417140541274259
"113657",-1.18240627242409,2.4918417812916,2.10100727963541,-1.98539783943756,-0.428027613401165,2.06392010164424,-2.19897228694809,0.10428267515494,1.45999244128735,-0.17952812300541,1.4536818209447,-1.61320883186902,1.79118616106995,-2.91387008540016,-0.319912993239248,-4.03750380076992,0.674259003422553,-1.92276029852041,-2.69880780106301,-0.393471302643919,-0.945232414466642,2.13220212386543,-0.913245894016902,-0.171036488030326,0.547369856218096,0.692396823075596,0.763766140541976,0.874085331611938
"113658",-0.515559289901683,-0.503111555443811,1.10465917711811,-0.772927289303935,0.691027097596907,0.697248793592074,0.938712898148479,-0.429759112039313,-0.897635797214426,-0.795344872708029,0.230641886181809,0.121053251374749,0.699032417841384,0.950306562247311,-0.136565413565693,-0.367861257628889,-1.4081175303024,0.669601426430645,0.627301725027803,-0.166161259318686,-0.340332922929822,-0.397460572569323,-0.798341100329777,0.95139776612596,-0.653337317565455,-0.396264019471154,-0.9907627516756,0.711290474752648
"113659",-2.86698651335158,1.92717240527085,-1.35709781206463,0.737471599614861,0.306147537515257,-0.176435507456589,-0.309153940306734,-1.88553920313349,-0.808954992049171,0.36486836787345,0.756174625485741,-0.762956835982432,-0.784725060094375,0.482045125679684,0.703879985892897,0.63559793143061,-0.421983477425793,0.217689282542643,-0.597723804270238,-0.159104483011193,-1.12118295753425,-0.920546477174791,-1.43658780703327,-0.697821696871763,-0.282771917843921,0.710851026124252,-0.473035096947669,0.350071953279801
"113660",3.32762859305761,-0.126981439184746,-0.110401458603425,-1.41186048956607,-0.643792283065278,0.393332175922018,-0.816803809527627,0.561167351267726,0.922266160661668,1.58788393032613,0.429476825977363,-1.07300599693287,0.505555646370775,-0.287022682075925,0.441165625605618,0.575194750985105,-1.34533430985025,-0.615514110468449,-0.241870237393713,-1.19908146417424,0.00060341320119589,-0.149974614248953,0.852472764389844,-1.46250827690661,0.225177869513745,-1.0717949626563,-0.429793538307905,-0.408674682176926
"113661",-0.660695676708669,-0.582395992238301,-0.340834840163337,-0.313763167072191,-0.889993544939529,0.743210579341036,0.793503774031962,-0.946362975178562,-0.622407860767454,1.50564193041695,-1.2640716674016,0.331664237097156,-0.27591065339036,-0.28766536967778,1.0380518849272,-0.48583835229515,-1.14016414043656,0.132549477817302,0.124699415804354,-0.452802671238312,0.294212481952467,0.112852506987148,-0.986744903874913,-0.865120667169783,-0.229854258391171,-0.235844108395931,0.857780140835998,0.221567379977363
"113662",2.1880690158432,0.66180954704085,0.322138753112652,1.07318391338621,-0.786908704399436,-0.444980533191306,-0.367630358119287,0.9749192864947,2.21809972998859,-0.457981875958568,0.0778054098896278,-0.262339454769573,0.430770651021367,0.135302658647083,0.17912252664847,-0.0903878020243986,-0.473716299803253,-0.748806194174944,0.131999211770651,0.512091976180272,0.402546699404394,-0.817812654011024,0.274601187395895,0.590497550637937,1.16604335027246,-0.491645695230872,-0.0358391015292841,-0.499811897852475
"113663",-3.42195482588916,2.70739937986315,-0.727884415579367,-2.39843700906002,-1.07009532835979,2.31616404008269,-4.04769687630291,2.08003428769981,1.66153105061215,-1.69609139774032,0.551242789346779,-2.92465634783789,1.56928596114964,-1.72002256685475,2.01770813543832,-7.05060291534316,3.16493338296974,-0.394992496598061,-1.11528745096376,-0.296961746940698,-0.210422998538462,1.44714486683288,-0.0907223231902714,1.58432182035684,-2.13790123870088,2.92505337116012,2.1471088615092,-1.86076712940372
"113664",-1.3120235253864,-1.37715069569823,2.1077210726427,-0.730799686726829,-0.201961602730678,0.276761477266286,-0.490565517330005,-1.03216113143617,1.05500673275222,-0.384412888185505,-0.350474563029891,-0.818309635665281,0.873176576964801,-0.146437673478788,-1.18718727456277,1.66913612088186,-0.777675979161266,-0.287292426761714,-1.05548315293286,0.68294139551142,-0.25178537606401,0.45215649624865,-0.409999052214262,0.903872826522834,-0.348158498236851,-0.445978901585672,0.214461710639699,0.549653808174326
"113665",-2.91402725787033,1.95433068712557,0.363808782660659,0.326082808483046,0.0545723906532276,-0.652243603007937,0.425857864351778,2.46212655690218,-0.819704092786647,0.039394249153,0.70236213026547,0.165273086469271,1.06458523174338,0.605343064055026,-0.0308319458187482,0.231495953250297,-0.824866758396297,-0.180608161498161,-0.522410632366594,-0.289310779949743,0.544400210333883,-0.679183436092222,0.865903173844051,0.750037540552454,0.129329414890666,-0.208794638540996,0.495113486534002,-0.460148241555927
"113666",0.899080065451318,-0.320117064364888,0.752437351422654,-1.34830818312883,0.0929493777252806,0.588100620848124,0.33021307456965,-1.08376637450601,0.802874039919509,-1.11979767532956,0.856170323422613,0.187344225663763,-0.449441698565816,0.333970522947456,-0.0881875069092841,-0.831920306813916,-1.4940627848158,-0.261611124859072,-0.110607207990507,0.269761092597701,-0.301630657738316,-1.23541794994985,-0.456735570846236,0.348536483604395,0.86814675699201,0.920082076970743,-0.379371916713337,-0.324232004302265
"113667",0.651530627647827,-1.54696781913333,0.400830941615747,1.91807057826078,-1.36305386157943,0.241101936956347,1.30377180834077,-0.0651144613760107,-0.514089757489665,0.907640201725469,0.336672053806691,-0.804455008874605,-1.22255306551888,0.404698755152893,0.317191263592851,-0.182375607860548,0.71371897291,0.411681777493372,-1.4072635249724,-1.0027194852629,-0.0250181942397232,0.555502766336625,0.48350010006116,-1.43086659614402,0.026360869220105,0.0766650443080192,0.925055181157596,-0.226731433175873
"113668",-0.489091904732302,0.189510051145998,1.5186793471654,1.15388192411627,1.13452761932714,-1.22745693957908,0.505049883209268,0.715626640624798,-2.43692544544039,-0.194161812717951,-0.103969484117542,0.136155784093103,1.19708187251344,0.953154954736743,0.261519174324022,0.354697077706391,0.872088103299326,0.687418660067878,-1.35113763161009,-1.08274591521043,-0.472221330537185,0.566437412233994,-0.402285359368638,0.117674147452604,-0.0357818109085192,0.038849341146597,-0.829992550011908,-0.871683303319821
"113669",-2.11067207673363,2.18294972285842,-2.16184389658843,0.242753632933777,0.673721879317784,0.518379912084531,0.605119432729282,-1.20770024136281,0.529038259095411,-0.620744686129492,0.348479246777968,0.0276809619849364,0.647319180659462,0.121732014398389,-0.415488883801651,0.0258270645649558,-0.273559965202126,0.0793104291515983,-0.632328072882786,0.812725135857062,0.525371489879674,1.2342693684435,0.0883760202832941,-0.937788733798482,0.365640234221496,-0.744059458598945,0.0255448157274833,0.624823635967844
"113670",-2.48049908453812,2.75830903136118,-1.72962254440467,0.676811160433717,0.772633932801026,0.18631869518678,0.117513819761826,-1.73456716002175,0.0600888228957007,-0.482641002141614,0.339971697262191,-0.241209218627712,0.486786872723628,0.370681130967111,-0.250675575038956,0.514029970960755,0.180224081972304,0.52430599886051,-0.408079341862179,0.976623426215667,-0.171404522520553,0.743122115547224,0.255799938591817,-0.887075013052974,0.23007259356801,-0.620804690369471,0.3196505230355,0.305264155182844
"113671",-0.304989588181068,-0.240002323841834,0.0855575462814969,-1.18352264594317,0.0732359755935415,0.694921886799082,-0.0130750249290503,0.837867800383302,-1.88090790682446,0.164699211513261,0.698125556465689,0.436733042781092,-0.511960890572084,-0.119612862664976,-0.389306921583985,-0.57394849262572,1.05065831753328,0.701212157296403,-0.209492187235597,0.106235836303098,-0.201467191520455,-0.356217797306478,0.124923366302026,0.422823987541572,-1.25415035561325,0.0540047429186815,0.271618812047327,-0.416685270563733
"113672",-1.44849019853029,-0.859217841569828,0.609597465661535,-2.27072292586609,-0.0045375093310891,0.977685114609327,1.39261276433289,0.400686624331729,0.161995914003399,0.667850849220675,-0.437541400276881,-0.496627249522736,0.228530013556305,0.66874074772828,0.86819631225725,-0.00795809129164969,0.374310477422873,-0.289342033760503,0.803302452354363,-1.12700811405294,-0.0965469566780314,0.315042743210076,1.14939561687567,-1.46278611811196,-0.767445490563658,-0.427130971340711,-1.34573481868218,0.494271803722776
"113673",-1.31156600939099,-1.85562935398333,-0.601765921559942,1.28518817445903,1.92192484751518,-2.42057895754496,0.195659529427003,1.06860253172935,0.692903805137694,-0.0491902939726803,-0.285134767490342,-0.38320182703805,0.364007696522487,-0.521618350762076,1.68521374249416,0.328789810342658,1.0368403949741,-0.993363278958297,-0.607408721928892,0.731228194239516,-3.19658273003775,-1.3182764452371,-0.551513047753649,0.696453990350555,0.744624789347098,-0.508968146174451,0.876694640590093,0.8723320771898
"113674",-1.22838006198287,0.812790766353336,1.40133076724992,0.889663138475922,1.30867563689227,0.109159820824187,0.384293081118599,-0.567227486821937,1.12806952423753,1.16962427266084,0.728931752354988,1.94419455661591,-0.0031268258055321,-0.115688509851272,-0.96689554490438,0.170571375316549,2.7829960870193,-1.92150438824565,0.175475661402848,-0.744699426181624,1.72497311702854,-1.87652391727921,0.261453595941271,-1.33831432719381,0.724391456154396,0.481096394956197,-1.73500723336284,2.93075670524524
"113675",-0.290181111534232,-0.758768309119886,-0.69466926883731,-1.88894622670643,-0.242331528889628,1.38487234307378,0.41928369881488,0.59904742321345,-0.877761323998579,0.800657954600973,-0.164133839832606,-0.447897900792926,-0.95224296347624,0.366489710016868,-0.0314944418180838,1.36006759816394,0.718489376616308,0.614861571901415,-0.0445499902944828,0.817446840109671,0.120377125551708,-0.440374518493731,0.772808527796142,-0.542246817327115,-0.0764309821902396,1.13178564689686,0.867743296077308,-1.03686229484572
"113676",-0.391600565930384,1.25876383871743,0.270617996584226,1.08625125085572,-0.777098965071774,-0.151241843964366,1.71623447680643,-0.959252264975411,1.56814029589815,1.4593760283931,-2.62419315306812,1.7194076102369,0.73089344872036,-1.49214129128208,-0.457929786870548,0.298292020042592,0.186747412373511,0.40910417095832,-0.182507491284129,-1.11460695501663,0.5734839256355,-1.38933304863579,-0.69224792271085,2.12544378066409,-1.06431582286591,1.03396846642295,1.2133530188697,-1.10918352833885
"113677",-2.63063289713098,3.05341806040918,-0.638345342370612,0.596474221541702,1.23363689688073,-0.0946205387899305,0.617951275407508,-2.00532088688188,0.368758225914739,-0.0522364685793984,0.268208844635737,-0.028648211484246,-0.697364743055257,0.0618232666770775,-1.52538150013258,-0.672855773444907,-0.356603961473067,0.715272323825909,-0.485521936896566,0.429564489744606,-1.5127195185617,0.422671788362242,-0.291298492296647,-1.43621300285749,-0.683983515620535,-0.823705327124166,-0.230265246828289,-0.407652781728378
"113678",-2.55632039829654,1.88324914997977,0.411650600386537,0.410141210183456,0.2229154836488,-0.566292517506536,0.603966775978629,2.57815728106632,-0.650249704964283,0.117210420747824,0.597007626850212,0.144331387503648,0.889322255555018,0.567126883329104,-0.248434003076047,0.265278201440385,-0.751858204958702,0.0450745206267729,-0.309217212070392,-0.152594101362813,0.607025057814681,-0.580830843146845,0.851952854838347,0.579424642466166,-0.0347541629293191,-0.130072838718999,0.458670718858633,-0.66590522684793
"113679",0.54705675697872,-2.17870244399088,-0.285259633622444,2.02091548822621,-0.953112595889135,1.08034641066789,0.515569525152349,-0.00585096551287747,-0.0630777081276022,1.02702542175125,0.975849629633497,-0.973735828688462,-0.190133749134851,-0.000928278696094171,0.280342041144213,-0.849334563825815,-0.211852063157551,0.500946111872639,-0.804598774359055,-1.45174872149741,0.668610875199201,0.277596948487435,0.480591952193183,-2.03740797737065,0.199446287265579,0.0533703283775866,0.568869894192794,-0.849583289852031
"113680",-2.59887031039344,-0.192073283332001,1.3672286330742,0.445309381797941,0.996120037186876,0.635747577963333,-0.605059484865678,-0.854502136495607,-2.3568464970264,-1.18368227654288,-0.340757285739455,-0.363662768123481,2.09726461840541,-0.123520246450061,0.225471686798221,-0.626335326582024,-0.66599239967977,-0.942409481076268,3.61976779984834,2.02351345828802,-1.42682591649322,-2.12076772970118,-0.100894778902495,-2.56197618861996,1.08600596887857,4.41779484807362,0.866212876385172,0.325615708370106
"113681",-2.18115496666661,1.67333448001263,-2.03880411873138,0.206613474779678,0.147326824939962,0.0599208557461398,0.9588660449166,0.011026392518447,0.876819723446359,1.03921964507674,0.671217821091051,-0.795894118262092,-0.684864843770177,0.258105094698156,0.183154801369054,0.364635626522585,-0.882160454261596,0.467341338149408,0.0901120448333893,0.165206270498932,-0.122069882528174,0.350263982294665,-0.318287021699717,-0.393936470224927,-0.324870271558162,0.229264144091438,-0.573659073393141,0.414483980607282
"113682",2.02356169994206,0.112553233465374,0.827318542041401,0.45902776151755,-0.110276612381512,0.275890298318436,-0.751105826726696,-0.830853796054922,0.955810545929036,0.367582668131332,-0.621243441912075,-0.749065151576062,-0.262990566729514,0.757471966643969,0.281333515752525,-0.579448296242147,0.0507545030990844,0.430707257565523,0.416671029122904,0.344343800340542,-0.159381316926752,-1.07130626389167,-0.00399151733133195,0.0379971604650189,1.0992238148742,-1.07753034320734,-0.312007989598535,-1.27828585930341
"113683",3.48926700941024,-0.22529927799183,-1.83823273040087,-1.25405188501614,0.00738494619611726,-0.0947793492256858,2.11812022763484,-0.050670513505178,-0.0107704130227651,-1.51122473587971,-0.0982156032759673,1.43890245084245,-1.81655517745931,-1.43550354894268,-2.69288844388112,-2.24096057794977,-1.62350958038576,-1.43920039117243,-1.94641666344849,-1.75384232656313,-2.12861352336593,0.531501432071894,0.77240775737095,3.41261402486928,-1.05137732221297,0.00822929818868644,-0.0872391202882734,1.69743896482513
"113684",-0.354135503041618,-0.499274292151723,1.63799929811884,-1.09674697521038,0.646037113889488,0.89692260025177,0.55733886644176,0.366131279988049,0.612900558035059,0.990810825512327,0.384480121139184,-0.250382682773028,0.129940107605587,-0.449597908356195,0.0414255949928459,1.8565517412244,1.09414292718642,-0.234247516607952,0.912993533333937,0.13344309845431,0.480656514522571,-0.182687263837551,-0.740089818369608,-1.48262173014189,-0.678539206625116,1.60986684220093,-0.0774737827433421,1.16042588715723
"113685",-1.91797856957774,-0.422961204637151,0.690005045902344,0.266267467690237,0.441965534360526,0.654870307533606,0.364074938569035,-0.515794519208812,1.12258799266198,1.93503079876402,-0.526339374684754,0.22980275947263,0.508932994072664,-0.0624248274929022,-1.22804094590405,-0.800431061189331,2.82679228442295,-0.877887402460462,0.703305640666668,-1.0486214811591,0.576882082610285,-1.56510372676144,1.07852212810318,-1.57232955877649,1.38664017624795,0.00971055965618667,-1.55883320218865,2.39686520594113
"113686",-0.671068303127333,-0.433051797256676,1.73399420469737,0.162331562619765,-0.765348685454698,-0.42271153862327,-0.97465969203651,-0.905705980695333,0.160940983873066,0.556378663242149,-0.372664343679296,-0.562011281833733,0.641770092614737,-0.164409582357691,-0.678556815719623,1.36090745133831,-0.405610645916501,0.153704751862891,-0.386495386707462,0.0198435260256884,0.0909469137486366,1.37793717940878,-1.04979290240067,0.939046525093248,0.366326982077558,-0.0332247918761553,-0.793753410236069,0.516508981490604
"113687",-0.807366967927002,-0.703831805778579,0.267309411330751,1.99138338932354,0.0325986656772982,0.0262198340785531,-3.0425143017231,-0.873565161935978,1.49326580086639,-0.954757637067365,1.61315826395888,-0.382476105242493,1.04100285133175,-0.949965660331412,0.795522601477037,-1.1881424461172,-1.32655116861389,-0.578001755146828,0.113725060052757,-1.37449732672383,0.446194983898846,-0.34476013386431,0.360224636144727,-0.28316416250931,-0.431582558416696,-0.342576378363113,-0.721387005647719,-0.798251208619377
"113688",-0.0913652692879707,0.223689689864222,1.68592647283803,1.29809892159233,1.19679854788466,-1.0631455053174,0.69535712108191,1.23267806546981,-1.85845251320488,0.218370396690602,0.205959018345793,0.337804865576999,1.51935829768297,1.08513513328612,0.274097276380079,0.201205796481572,1.09313662643681,1.01590282972692,-0.836500602706256,-0.747852138175857,-0.273860883911989,1.0225685904204,-0.0821528281878437,0.0772209101303662,-0.252868994447437,0.0276730556359465,-0.833478402740399,-0.872986838523096
"113689",-0.0569657215885417,-1.15442443089435,0.0606523583417646,-0.835988399590391,-0.470550447007148,0.533218699807185,0.124296300625967,-1.15418196851667,-0.833907348404341,-0.205831783380314,-1.73148350979405,-0.898419743589165,0.344331625967923,1.33932128170983,0.194801589647886,0.419474901261654,-0.771630415285108,0.261870013189838,-0.587445191390729,-0.859984948283242,-0.413086846380446,0.716208268214796,-0.301485786132607,0.410162757841671,0.265448083283923,-0.486510514305455,-1.46824696076468,-1.11804537732413
"113690",-0.90484353140179,-1.44132654273123,0.389024988408185,2.50066541507055,-1.28043755523386,-0.608597961907701,1.08843493545077,-0.584061041642906,0.481763293269593,-0.945933640794688,1.00922625544223,-0.271269829027133,-1.17410030906397,0.187027563586905,-0.452919840018118,-0.4159686873221,-0.193364773138991,0.523779214601326,-0.679800965681562,-0.0929043256082049,0.313162001586314,-0.55433713891553,0.731368064826618,-0.308898954044725,-0.0383821403803687,-0.198874581096604,0.889744637498032,-0.460341363386814
"113691",-1.25677440496287,-0.434168676922788,-0.681887121555065,0.337781318483646,-0.464042345718179,0.759100331360742,-1.54081178815334,1.60093917098753,-0.124013056606475,0.055565593773529,-1.35342892268531,1.21062376229927,-1.06546805203483,1.21921278227099,-0.722878807618364,-0.0082520989673334,-0.273648411756515,-0.318521158258749,-0.247477620049666,-0.18408138813154,-0.628336314162442,0.378570225782881,-0.568882319269861,-0.0736634797038155,0.222093768186551,0.287048370958658,0.092820193197573,0.232939340386091
"113692",2.70755456190403,0.910395087864004,0.150997523266302,0.549006056363063,-0.477027228515637,1.06880431827945,0.169447046055754,-0.355746469065964,0.296450443149779,-0.166663052963536,-0.579028420425966,-0.206804368346263,1.03343323589294,0.2838586803379,-0.244981631588222,-0.534997718425395,0.81208609256701,-0.0340667421616163,-0.104700691659913,1.29516158740366,-0.0154210633745573,0.927253424699331,0.4650196904198,-0.591090763159602,1.80321020681211,-1.12944184440113,-0.607609778033714,-0.803855222865956
"113693",-2.64535421342332,1.8485853805868,-2.07146316406052,0.505778063207593,0.587146572581217,0.613903722703139,0.844527603881136,-0.0308918098597564,0.561118182509466,0.775720423611496,0.531263813624085,-1.01818890782391,-0.485765153294696,0.489703900353761,0.845444041395894,0.895951630278972,-0.357071266045957,0.505709854380426,-0.0374735862668964,0.302608701804988,0.135232310570689,0.0121309256252379,-0.410433886627237,-0.194474081444127,0.264786775728482,0.780156907284108,-0.0476627262967026,0.42144280662016
"113694",0.99391905051132,-3.06045695820985,-1.27720926632982,-0.0644861864121927,3.26199296837497,-1.37457219218527,0.182701884445318,0.146975518083549,0.977903905607422,1.78908894360887,-1.0821103008016,-0.509391923600533,-0.62901746738442,0.254832228789819,1.02826739663168,0.0194718786905577,0.837183413597773,0.204500875841285,-0.00425283646938013,1.24608594924065,-0.853557256287279,0.501498085574015,0.599532960703615,-0.0644692561619177,0.255804791565003,-0.373502683536532,0.888196046928767,-1.00191025712419
"113695",0.304763695760768,-0.5932131917036,0.651817129531367,-1.62106297724481,-0.187180734098054,-1.05327043093327,-0.669830449893422,-0.711981246138372,1.32803078928104,-1.2098953514933,0.986376483182598,0.36364633453275,-1.03178311049534,-0.555051056192532,0.606367514046198,0.100537852944431,-1.01977474455738,-0.185680359041328,-0.510760487663508,-1.63622876439691,-0.107755798304514,0.420263744143645,0.605990438972138,0.0450887124728864,-1.57527366033752,-0.71126680347973,-0.0282481997135102,0.960961664132633
"113696",0.723641569839281,0.562480582551754,-0.511768614310129,-1.80517049372637,-0.369437507162951,0.0345055813987995,0.180249640278371,-0.135060922623816,-0.5128721111794,-1.85889976776176,-0.404023062987811,0.627324522696314,-0.597580111544558,-0.93603788360353,-2.06749162719108,0.485047900804294,0.625091516016597,-0.13395894508611,-0.777116981744338,1.06147389226915,0.0200071285368906,0.755755645002334,0.817644896877953,-1.22947444140586,-0.826471517681199,0.421900605824493,1.16400271304546,-0.571284711861038
"113697",-0.988208294996424,-0.872961019256425,0.539759838388676,-0.289428959635006,-0.0323127428328905,-1.09454568933073,-0.318058783278716,-0.607008416000954,-2.70027923277066,0.164061489241972,0.678162945466341,-0.128268823666878,-0.183894340673095,-0.239245519398466,-0.123136388058519,-0.527961339898213,0.398523281680485,0.314042726118365,-0.71999593229951,-0.262250825964889,-0.557452326029629,0.169888899087163,0.28761018995538,1.09926668708239,0.0479768632474784,-0.553240123067411,-0.750315820762926,0.50910962006537
"113698",-0.0708551932056213,-1.17341578856632,-0.209686174431963,0.981941112390348,0.355958495172564,0.101550306720782,-1.3907528205462,-0.802649339897025,1.23309003729121,-1.58132367822998,0.68351851601912,0.1077365682165,-0.182366287549165,-0.604217950182912,0.779525633542169,-0.319315187252839,-1.13729336433767,-0.267721691087641,0.0610012055661512,-1.09587660661529,1.44351525717791,0.0152680428674145,-0.037027459218367,0.21759696583228,0.203286679997763,-0.111210947151336,-0.609872105371518,-0.127450911334482
"113699",0.276699552547425,-0.48785577327154,0.128889286519439,-0.557489645350903,-0.514813524176317,-0.0774671698293568,0.20055896609078,-0.520072055715892,-0.264466170298895,-1.11262158078606,-0.4255210455069,0.361847689837997,0.892309778949874,1.41033879578092,0.88556583270713,1.41119473092887,-0.00376182968872198,0.897649126962087,0.610603809625236,-0.357678964230272,-0.0626322923549829,0.237928030707365,-1.09517300493571,0.526327086103094,-0.0259062620958461,0.192224406735159,-1.58466269567053,-0.593474334986381
"113700",-0.890361814203957,-0.460600980248768,-0.670045346567844,-1.97560746968967,-0.41902165014692,1.39753502798539,0.71555515257495,1.49265196600683,-0.470518231087534,0.72557261041808,-0.408356644743055,-0.540710952102601,-0.902141589911762,0.0869884431136406,0.260781572123884,1.51922014267096,0.866888183723726,-0.307363452949528,-1.0131601337863,0.320632922445277,0.103774507445657,-0.561524251942721,0.682201875169648,-0.401909109200386,0.169592855539505,0.591519691933004,1.06803059331242,-0.635236183895418
"113701",1.57477217789039,-0.423100922777767,0.21168014640581,-2.41967992400676,0.311442250569564,0.494244551920738,0.159506395677491,-1.20713197325962,-0.66124515019813,1.59891965538718,0.68987461666362,0.184954785336397,-0.607011880665506,1.25950323536635,0.194983211982971,-1.71688716057981,-1.65956168173975,0.600588940135761,0.314580084482394,-0.649732561694887,-0.236890486143342,-1.45548946678836,-0.650671527944081,0.0921604928255671,1.4139371705344,0.607369673721639,0.0447302591201677,-0.372159249002021
"113702",-0.333361331847212,-0.626377229516928,-0.775004167853888,0.213340846416568,-0.476248107760675,0.586894375875306,-1.58600815448568,1.56341130846396,0.0633121896567043,0.197969753079478,-1.32603234910758,1.29866503660362,-1.15577174903161,1.24491520753937,-0.934341780827592,0.142178367461056,0.0170440065434783,0.413187187935081,0.493277942594813,0.0432384576429065,-0.638015810098308,0.451306088619463,-0.715254027756727,-0.515813413483546,-0.313731909135135,0.259911732969597,-0.108059815222085,-0.135410088128519
"113703",-1.14077863781953,-0.324561347388843,1.42021547952756,0.0103863105371854,0.197533359705648,0.228888951466897,0.531912579498789,-0.0296701468989391,0.154614930788917,-1.47254593654524,-0.10951227651193,-0.0799190751751714,1.17684140240745,1.08903196235877,-0.0425306786042604,-0.0512226181825095,-0.614045189181444,-0.392422941426502,-0.369915659109725,0.862221277964239,-0.297405219925499,-0.957484970782502,-0.18422960346983,1.72267564228428,-1.08963459438019,-1.87423046951178,-0.321197075028203,0.671776561456518
"113704",-2.76637269066246,1.52621297959071,-0.473679549263921,-1.82849266718022,-1.08764212940156,1.47408133642577,-2.26717080602249,0.541796441264653,-0.00686223539131962,-1.4473349880375,0.35963308216027,-2.14873170890571,2.31238827453881,-0.438746390537446,2.76644330992594,-5.03059844428136,1.75269187907632,-1.16111247665073,0.132767719113393,-1.78256459874598,-0.721231963809548,0.961300143442571,-0.436907213614677,0.0408242875066678,-1.31567692408346,3.18102991929539,-0.559770016997005,-0.163492356999282
"113705",0.905364347853835,0.603329525546023,-0.556696910479408,-1.90173265435906,-0.230232699430992,0.229402070486507,0.345108603874397,0.150176838524806,-0.302133266796184,-1.7190035528338,-0.226789703576672,0.8482714494662,-0.480865901035645,-0.766573966241201,-1.83870364195059,0.681063056918446,0.913080500774378,-0.000746487882985154,-0.635056653670105,1.14441936142696,0.0407214625809625,0.52016545921962,0.575932131595106,-1.33376512060826,-0.895130921046365,0.465884118070172,1.16786967414418,-0.724846449233259
"113706",-2.40409689315747,1.51918486780607,0.401021201579468,1.03436444697054,0.467536267956425,-0.491116277442281,0.0988522560902303,2.4512890598878,-0.329730878964447,0.374389252744573,0.623911121857342,-0.112764182911225,1.25889499437444,0.363675813403775,-0.886898699639163,-0.0328477747728095,-1.6088559633788,-0.0264329083016368,-0.146082108221483,-0.476433852429315,0.524693460837521,-0.723402811009518,1.23444942237848,0.0594123315001839,0.0768886502462786,0.146140991949142,0.643244769410043,-1.20245125261895
"113707",-2.36387829896779,1.55907346041784,0.518197427959581,0.44832218776739,-0.00327572281616819,-0.781249645080471,0.606064057751617,2.48972151917744,-0.467786185793148,0.179100120050322,0.560254935090745,0.28566294629871,0.958347525765629,0.497456039679174,-0.703724723610222,-0.296330972711266,-1.30156003705059,-0.347968097666764,-0.601726573341266,-0.277567595870292,0.714150881498565,0.00642552965518331,1.14587937358781,0.57042958149405,0.01900602015987,0.0422776612597267,0.490273039097189,-0.44173300137531
"113708",-0.256401255863806,-0.729190472846486,-0.63192371270926,-1.47600111602338,-0.547545803140549,0.428685666872186,-0.0177359773474143,0.119616885458639,-1.75409472277059,1.03618773122654,-0.0173986770369603,-0.30026190086488,-1.23327902963252,0.0631305604708125,-1.06822822068575,-0.756452092097466,-0.332476778505936,-0.0342757606489354,-0.274622651398022,1.06243424313175,0.44157144584823,-0.670339916954586,0.526412528422982,0.262683190864187,-0.522169144743775,-0.0118080565372166,0.705578790283154,-0.247798642677784
"113709",-2.98496735399859,1.53361726559569,0.482501070377154,-0.0795631028159505,0.354020595413941,0.434624457526824,-0.196568155090204,0.472932987035934,-0.0645830472754545,-0.37317150025484,0.0289654411353144,-0.497567295344082,0.123082353267122,0.219766203741048,1.76941004898566,-0.121839800457317,0.965675286370923,-1.28811829335544,0.279721346954151,-0.980167423885667,0.879800097062345,-0.394050749657737,0.440623621778327,-0.154042488267756,-0.265357334323055,0.306618498003793,-1.45375392901545,-0.304155223602391
"113710",3.14812167610503,0.782271044472921,1.03235221342817,-1.45261093938791,-0.413793812737739,0.11171453737935,0.015930884691227,-0.432001362089252,-0.155344470188014,1.65512230228163,0.173488446803216,-0.512855242278861,-0.63373215736344,1.11432246854828,0.842631148199342,0.826928015935189,-0.143436962308169,-0.333233628821667,-0.770216062396839,0.0128496867679354,-0.694794231989919,0.350541624822702,0.98656610344708,-0.188503448812616,0.396748180005067,0.721568734299296,0.490259778687314,-0.0614234335685818
"113711",0.31971951814167,-1.68600080328046,-0.225178519522447,-1.31572280685812,0.764599004539436,0.438226407257268,0.0694588092098575,-0.822305953063421,1.28455169715178,-1.44369138840227,0.394872367348796,0.0177250511991221,-1.3050574052498,0.00236467453530999,0.284624720038224,0.50981538908924,-1.02671546652029,0.213753093895136,-0.506889251461393,-0.840102717034103,0.281422120289563,-0.186269757259049,0.0873243478824552,-0.154807298985986,-0.45965327002823,2.08297619707311,0.579935461120658,-0.792561006135951
"113712",-1.40005757990891,-0.778560493272817,-0.0341384883692148,0.118711725451833,1.71127224726395,-0.753884495256879,0.224695425027047,-0.544220323469661,-0.49593560735922,-0.730589918588812,-1.03368771603764,-0.283647046292485,-0.0919138560540593,0.956673528570336,1.34168396349125,-0.0819236334036495,-0.463968977421487,-2.89743809979894,-0.274057755064019,0.941147275624511,0.100940462715258,-0.947962174468956,1.55120948968973,0.350254157123685,-0.85877024845278,0.842497190451581,0.706727786831178,0.803857363126403
"113713",0.458177148952956,1.02794359944347,-0.0706832781869001,-2.69197557811821,-0.0473564091246238,-0.577942896641692,0.351710074030749,0.641685000190171,0.801363777388446,-1.14210004519974,-0.446432156120602,0.993440401865562,-0.639500615903181,-0.563348361856128,-1.73387206490717,0.947121408281958,1.47034360277385,1.47366959435763,0.464430961598595,0.212304776101343,-0.330887546924888,0.52211006463831,1.01647386140321,-1.71950769625676,-0.868447489963916,-0.172395420757127,1.74837881667404,-0.861529774201273
"113714",-0.613040924625489,0.925748375042795,0.0231167411003217,-2.49859437379139,-0.303656843185882,-0.208721328362596,0.716386495281988,0.906677153397629,0.729980859083527,-1.4343030162079,-0.306390632776442,0.913983158193808,-0.491816762858114,-1.20472952079868,-2.00722338611601,-0.205446247382062,0.300058026437166,0.0157505939666492,-0.573289934406693,-0.0305620981427554,0.177058797337145,1.30048836717076,1.42876820659261,-1.01604796041776,-0.418301376424322,-0.878851172718188,1.20170828875635,0.223049747938033
"113715",2.49750651352952,1.72470596943522,1.81210842052393,0.230740328111336,0.994231813186831,0.288651141398077,1.21449455397178,1.05077916214312,0.3866617301415,0.97673651862625,0.990025489441764,0.16629184855276,-0.838774085532753,0.450334343838492,0.00282396269115439,-0.536596534943331,-0.598390201479194,0.364635616279491,0.886827604927177,0.519807554218753,-0.44465208850388,-1.19574182507631,-0.215540499110533,0.586726931390055,0.440833125786302,0.479583942901254,0.554942761566292,0.86308921972412
"113716",0.732584402903214,-1.10623190265503,0.00829117892609404,-1.20308421007807,-0.722386967955412,-1.59822877739413,-0.759805875395829,0.216282208229933,-0.752593242559766,1.22374887279998,0.621646075669275,-0.776884158692806,-0.580395139402047,-1.87726071707365,-1.32563583185579,0.0571105266139898,-0.110911684280462,0.0350856444378824,-0.0911325760425188,1.15374544749531,1.47063592405897,0.708649776500983,-0.961933241264099,1.01760462216686,0.440293690167617,0.254496820262237,0.773027447283284,2.30284424997426
"113717",-0.950393240915817,0.861822703594219,-0.318902691474252,-0.251266077940774,-1.06466708760157,-0.677417544142586,-0.0272089995849979,1.22381343759455,-0.0964659397079552,-0.211500053833487,-0.313576421847285,-0.146121822074783,-1.66267797219061,-0.820402469922992,-0.851598127263914,0.0880918363017887,0.297142969959738,0.0677587676090004,0.151249797485686,0.366544943822621,0.532693643633152,0.379330938765097,0.637722600439312,0.507541471955383,-0.0997090992270322,0.283572513750921,0.00823305288215188,-0.483070790484013
"113718",2.72238638222819,-3.81311853256324,-2.39668450818972,2.5810578093797,0.893652642096983,1.99489225420893,1.52786385426637,1.08582466268365,-0.675493217976789,0.340803494622211,0.660556428405917,-0.898853800970339,0.238906936816156,-0.984093149821715,-1.06034100293425,-0.8455685123344,0.0989455309618118,-3.2554181935085,-2.75099458741896,4.80936223852076,0.609321176592033,-0.358115725560117,-1.66494706483922,0.713475591358476,-0.984597830486863,-0.332527278630253,-2.47800367091366,-1.56644945688485
"113719",-1.70410730183371,0.107140538706895,-0.272838429429912,0.81355560445846,-0.219666518285348,0.732491914217967,-1.60291780836074,1.72949001202804,-0.157524021501424,0.309555558668408,-1.26059325275091,1.20994028300943,-1.03560875518383,1.48185604988195,-0.31911044111053,0.727037785621479,0.25411782659428,-0.192916427553615,-0.193579885242737,0.019735039758446,-0.743976473420829,0.0709352908118673,-0.31312324948582,0.074977577997903,0.3579415666109,0.102885384204358,0.379356736037493,0.207876832843258
"113720",0.113672343711684,1.84458975810134,0.026304707332014,-0.309700752968785,-0.891668908265043,0.291142057280383,0.43811053669771,0.0338315825877058,0.682657459113962,-0.605636888281633,-0.884371268480114,1.52717495186921,1.41298324052858,-0.714500410656912,0.856907878547654,-1.08262721104488,1.00236576939942,-0.662825813654002,-0.992420446908661,-0.143787120045844,-1.01912140642994,0.129545982988556,-1.82173562630332,-1.59659066951235,-1.11901696944748,0.335444973544931,2.47497120154029,0.0916612971362331
"113721",-1.73987652327412,1.7113805323242,-2.20269378597129,0.582260536669426,0.284086971661171,0.196263296889319,1.0489273210484,-2.05017667249027,1.71596026210435,1.38008300444733,-1.29850887518213,0.130472068587907,0.516173816850883,-0.383025817886215,-1.2460496522625,0.0167616743339302,-0.0279307500420345,0.896105003101023,-0.662891268048872,-0.69337080878062,0.665978368311108,-0.735816224617871,-0.201974232103773,2.14540319490446,-0.530793259475669,1.93645553204222,-0.454504335554365,-1.6064607561796
"113722",0.720935611287553,-1.67778247704671,-0.189193886731523,-1.49637245270485,0.627497133011879,0.41583096405457,0.16998082636454,-0.791145837373285,1.30070904354924,-1.27092447248617,0.853459199352674,0.46576287291208,-1.16681607813689,0.300855288818807,0.616541600032207,0.775946499383664,-0.366063541409181,0.774337699381192,0.0833422529978275,-0.395196987367083,0.142933314527489,-0.367685039822941,-0.335406307078697,-0.298343649145823,-0.88275288998606,1.93574087751908,0.18832894769828,-0.914839264969483
"113723",1.08085322202693,-0.0141839407442876,0.568208799911798,-1.26233452546207,-0.375918654081215,0.49376318117382,0.394936574865254,-0.236148382277948,1.01725288647127,-1.18801730124938,0.784279819697493,-0.0984272413875792,-0.246278422724937,0.0419589550081366,0.233218406026097,-0.36890813398224,-0.825422481990478,-0.528079599071868,-0.330529658805027,0.267285022197646,-0.855816919081974,-1.74797955562427,-0.871687606281583,0.174351570046227,0.435926599198156,0.29256778082447,-0.50697223592945,-0.295139813626093
"113724",-0.767386683331006,0.139843493864254,0.9921771279366,0.631957141105951,-0.509877559495908,0.367786190417466,0.895080307012094,-0.391931707580541,-0.851676655604206,1.11014772947483,-0.328772345201729,1.57924495094385,0.251520985691908,-0.158865814916619,1.41664926009885,0.2319268413875,0.0229123224519798,0.121708532091449,-0.466044876397939,-1.12708944103583,-0.651661478025043,0.392006669343368,-1.0233808988866,-0.574179011889313,-1.03817093715953,-0.47943889506756,0.376456209444193,0.172254791306243
"113725",0.442376166725887,1.22603795311714,0.453385287992949,-1.32571152646814,-0.0986975905120718,0.137922603288936,0.178256954330268,0.180549038337214,-0.313381004020818,-1.51125191784854,0.316457430300066,1.07547584944469,-0.188571831538839,-0.826000267176172,-1.45867999458744,0.643266819072414,1.44710783854952,0.489677741493605,0.0556204692270183,1.22098892098442,-0.262947895684195,0.574199658340999,0.715776349578357,-1.30500505998374,-1.21932060986662,-0.667613646163967,0.817295562083719,-0.000338770267979085
"113726",-1.87026321424974,-0.0471272671475816,-0.84067883913839,0.313344135959509,0.0114252685343288,0.608613089111822,2.14626774411307,-1.16817143461114,-0.931218471094429,0.566169016591158,2.66531449639256,-2.10056772821589,-0.702641996731085,2.76164415218286,-2.48731948511507,1.29709759673629,2.16752478497074,-6.62589664820999,5.88951757355046,-3.10287429799374,0.243146604886687,3.13458288675461,-2.47840448391014,2.64222615360008,0.659597103966677,-1.59744830811491,3.21797241540344,-2.93827143367
"113727",-1.03179056789346,-0.0477149055025071,-0.00613001167448448,-0.530115145925346,-1.32541372674805,0.586059561105163,1.27520259604493,0.158812693768399,0.102730137054373,2.01708452197899,-0.787342997153694,0.766733435022131,-0.166209119627111,-0.313593907402957,1.43314363295628,-0.440163522359853,-0.455348690081122,-0.273772441168679,-0.18303153363674,-0.254372705314251,0.256307111734811,0.433397086597962,-0.961314239867665,-0.647270325220673,-0.705096748432086,-1.21770806138726,0.413338663219325,0.500536817919152
"113728",0.426484428447062,0.185792712227993,1.18984305644443,0.545624188289048,0.191708338034411,1.07209764305469,0.17972523857217,-0.503056167693311,0.955232967441621,-0.0372039747738103,-0.854590162077763,-1.23143372627684,-0.690076229646805,0.0742626158357049,-0.081554892648041,-1.88206042377165,-0.646757355457646,0.179571283745419,0.287918252302303,0.303635230127791,0.207106217129396,-0.192296980297647,0.435189997880768,0.87674271378912,1.67909454288897,-1.55854490945474,-0.846046841434978,-0.426167648594584
"113729",2.70586613482937,-0.767882361120123,-0.180339770038021,-1.97692956611691,-0.232477952904042,1.32845251543032,0.240055888996521,-0.536995527394256,-0.0149803601799376,1.36225604866506,0.842591581480157,-0.0331481461283553,0.115364279992103,1.2482411514688,1.13101456867661,0.790388564337606,-0.365292310920638,0.337366546213432,0.118383705002161,0.252289475519248,0.0861341816578132,-0.416218959038674,-0.154674492292723,-0.759128434155947,1.14584479865211,1.37840645824396,-0.48272410788349,-1.00473365475364
"113730",-2.3914965862197,0.743268316735507,0.519946168599318,0.481608187401007,-0.140858288180256,-0.154780568712378,0.480662582582743,0.23257722522085,-0.310355115545195,-0.600617757355329,-0.42692076224504,-0.202763125547512,0.136281557231335,0.59611574812668,1.08590857279525,0.432064751890809,0.345220312842927,-1.36169259951479,0.323368701928235,-0.833371255687011,0.15625559951694,-0.71206978703747,0.492435366417,-0.172593685858459,0.410268300448966,0.730075543442993,-1.13462453468257,0.259970967496727
"113731",-2.78681567349785,2.83300774038306,-1.98956275706378,0.425237121697255,0.60170384470565,0.143193735028717,0.231381594273434,-1.45762938564654,0.326755728159393,-0.147261299709237,0.59414830098134,-0.19083827639467,0.40678652297769,0.343288677298165,-0.298819482641326,0.542306969049962,0.0630135181176499,0.430108668231126,-0.422002489495796,1.18306542512235,0.0785323748574715,0.902500622534901,0.521815772058158,-0.718906708670192,0.0807256545067907,-0.910678263296538,-0.0457156184937002,-0.0494465003771395
"113732",-1.20238044480133,-1.24822660127307,2.32938340072168,-0.942331650721463,-0.18214316026475,0.400154617118334,-0.279238406414122,-0.269076440725233,1.74316638303408,-0.234947203915102,-0.152536789498102,-0.681206919870962,1.23271333118383,-0.177390741032898,-0.730004090859017,1.75389608882022,0.166801610186617,0.68013842957965,-0.0687819666201626,0.665724442328846,-0.300278860341547,0.536791112237676,-0.617451471813337,0.60307640694247,-0.611276195308522,-1.03070342362535,0.0867525904408445,0.743324613447818
"113733",1.02672953751004,-0.899239067806045,0.327756122311943,-0.27510433255272,1.25119967797865,-0.8405712162955,-0.0725759345118742,-0.527466416180978,-2.18435321549138,0.3338089938058,-0.487436873589962,-0.177973456840402,0.751936633332565,1.11543183304633,0.0476236420589791,-0.392258668797235,0.0676523684165509,1.45448825717945,-0.00649320493218634,-0.527012943010018,0.985888105612172,0.193360982702064,-1.22861014693839,-1.07542299486646,0.0630196091375465,0.305948136303464,-0.704738274945225,-1.14212427095586
"113734",-0.283947225593012,-0.915537488861363,-0.985940662544112,-1.72701699608816,-0.506698724820909,0.71682277833021,0.171103499452384,0.264225884207274,-1.68451955343318,1.04955739803442,0.180338363148286,-0.115492461041786,-0.999237577245193,0.291827936530824,-0.840819106728097,-0.673197557509604,-0.345161449972764,0.0630792829377337,-0.136886916537482,1.11380748298435,0.449283590884474,-1.04232479798052,0.257958967205081,0.291510125577052,-0.305387958860728,0.282075512459164,0.703450672343582,-0.424781718485952
"113735",2.01396276744849,0.113204029064704,0.0883510672192687,0.708380582435089,0.842569828530849,-1.46712330107177,0.94103047140334,1.98799243156188,-0.825427157414346,-0.945822101203975,-0.790166428388905,-0.618413415276297,0.865348676020809,-0.179935871236893,-0.501762406198904,0.00655743530736142,-0.270975271377635,0.640130239526425,0.0537494473800676,-0.506621720163707,1.07427002283104,0.628984840331461,-0.816863918417054,-0.503629197450257,-0.248805390714398,0.394377774147812,-0.0731212254446021,0.288288793079361
"113736",-2.80117764324424,1.2898059826504,0.987220241430729,-0.400557908325486,-2.08766580926157,0.539436600792738,-1.89392757734707,0.238500852437655,0.62531994063906,1.66036524409191,0.121289062059321,-0.960739352038965,1.42929863676262,-2.38986692228586,1.64040067897878,-2.21043906777999,0.646290255964336,-0.703254647296494,-1.02276445437296,-0.836179083976392,-1.33019666998923,0.348480075865009,-2.78415280762155,-0.155001430888886,-0.720659318752665,1.75209819335313,2.65590915263006,1.48877018135039
"113737",-1.83201099330632,0.66930688996042,0.761554362236217,0.510052398948128,-0.38220154545336,0.380599553209758,0.922915549324784,0.381539976856414,1.4404460795449,-0.0272589018071841,-0.197615634142852,1.61471157016055,0.606996849393488,-0.240872244521847,1.80163960442299,-0.273044302955619,-0.129623581758445,-0.378238421506833,0.191635871352506,0.0221604362231539,0.423146071670997,-1.32317563854237,-1.53173527203761,-2.96268294596126e-05,-0.646427832436767,-1.2062153975322,1.61599207609557,1.01652901081814
"113738",-0.968411574270683,-0.50454312309308,-0.84596205943761,0.706095242066996,-0.626993525637646,0.579866491994686,-2.03729009454883,1.86572331719061,0.234882581894959,0.279681351076657,-1.18958251899741,0.984432153889059,-0.463458103410469,0.994162645048975,-0.833635041945657,0.0785680637376122,-0.617628998579455,-0.241974718930462,0.179029387625169,-0.35322662758617,-0.518916974088205,0.439782770555184,-0.040512402415347,-0.334497062709611,0.140795908575117,-0.196108112016017,0.148835552780682,0.270597823831016
"113739",-1.4350748048503,-0.294761481458771,1.49743571826797,0.182834421843277,-0.59855059214362,0.223663912233579,-0.850237860980491,-0.404405516960276,0.474375743832254,0.82470889029277,0.0929060160803326,-0.738848004398788,0.978820727946956,-0.113589802575726,-0.211555630045555,1.49177853334287,0.113513512332746,0.836644191156103,0.394751846955552,0.555608509678722,0.351077552025976,1.29136031855915,-0.915893722620257,1.11157559729004,0.440400165873017,-0.12870401751248,-1.16507201243405,0.0171277624428995
"113740",3.8383620253186,0.713926422001324,1.08126394492015,0.539678772354776,1.11801845942687,1.69718931488136,1.50362961765174,0.807215993633613,-0.464886540740973,1.72322769926844,-0.164582723979786,-1.14013548023584,-1.2349249586689,0.442157546013541,-0.584662485742784,-0.73793613055218,-0.730561780080322,-0.274351742702674,-0.0524170331451977,1.21364052048376,-0.714963916112497,-1.33222378354601,-0.284837857261379,0.10236294029122,0.102392148223843,0.308506867632216,0.231869622245673,-0.297763491701363
"113741",0.32434700464263,-0.0847806215109222,-0.851550932485145,-1.63271872317791,-0.187411019978952,-0.110453311747412,0.483167041875458,1.15781094454935,-0.717930665194815,-0.0137893951796343,0.498928051241093,0.376712704514119,-1.21109439327241,-0.373830659445916,-1.13001066053446,-0.41623188645998,-0.569194523467373,0.560068141528478,0.849688309653785,0.751774155450896,0.902910874001705,-0.888039268861161,0.147318132624188,0.39946082520689,-0.646218165858211,0.667406066810649,1.04032331845404,0.342088092522773
"113742",-1.07964047522042,-1.65427376404322,2.17998877176332,-0.535083779317146,0.176197019775695,0.743263674060714,-0.28504746577681,-0.941227819122892,1.34514316823987,-0.179484415248503,-0.259818110539407,-0.705452840289357,0.89301069855467,0.111488161184369,-1.25686464668177,1.7413846725737,-0.329822049895899,0.350123558461262,-0.528474129718263,1.10967390740657,-0.256549572806237,0.356162858942872,-0.671588578948356,0.552511378849187,-0.375572450861471,0.299430786303116,0.22647380563208,-0.174685693507356
"113743",0.383416647281713,0.629473488820852,0.267191327883714,0.678800320369766,-1.09167201420394,0.353678273066331,0.839759728969991,-1.94024030176239,0.658978940141411,2.32237777738786,-3.19667386498282,1.15765807462072,1.14287809244865,-0.834231114656663,0.112065400981957,-0.119613438942395,1.04473169542915,0.4042900118633,-0.806780147644205,-1.09107564344106,0.0928641209913605,-1.17930223302215,-0.742128820098018,1.63077222917183,-1.30716873527965,0.772855829294916,1.47698873195998,-1.46268131232925
"113744",-0.0964932911902974,-0.0459844969008597,1.51447346334884,0.867847234108823,1.07151844028382,-1.4274590522596,0.619064052141869,0.88851733385059,-1.77437737204773,0.342023472266306,0.152449216071075,0.484798057666419,1.26684368044981,1.06339932751039,-0.213867923788059,-0.200438114317228,0.35325421563387,0.805533272836121,-1.0733305898838,-1.06662137572184,-0.112921102909485,1.31337021790167,0.156846658623383,0.0669152356218181,-0.216931665156974,0.133277685255039,-0.895004105382909,-1.05072423090898
"113745",4.00353440851035,1.50084458106451,0.0445973036322663,-0.656953816417924,0.299103538928478,0.322723792343862,-0.137144973947205,-0.8915070727479,0.321895490135214,-0.0224459017568485,-1.22467546225015,-0.0479265679040668,-0.0276458443904315,0.43863676604223,-0.493405156511076,-0.317798630794828,0.344705071168989,0.130415726358992,-0.3725358461872,0.167155088028634,0.335808940329808,0.811664298763415,0.552259507188204,-0.840372200514008,1.33076476146179,-1.12031619171368,0.29562960574935,-1.03925009074452
"113746",-0.866258922036987,-1.809335205371,1.30793956666173,2.45122039319528,-1.46547760910356,0.119682203612805,0.934409470330075,-1.27655857140392,-0.994249662980058,-0.817168847010474,1.69670867346578,2.27506164243506,-0.235311517858845,-1.21839909368262,0.864664303176726,-0.13741334635258,-0.141416385830274,0.502543284805755,0.849403219790384,0.920292832031556,0.157480816533501,0.118367152736945,0.858804484155397,-0.480553823177222,1.19223204346868,-0.581734007418219,-0.0969849639486139,-2.29615808766046
"113747",-2.33721396096966,1.42011440314834,0.285383933409593,0.565503052892435,0.212019188867334,-0.651706781144964,0.0196133006885687,1.8525996520299,-1.10964240277242,-0.291502511302609,0.414720271100333,0.0924803228083699,1.16989411756501,0.541388393920896,-0.468288200431745,-0.0266467535696327,-1.41247083862484,-0.413167075363352,-0.789811011527727,-0.789007609794556,0.173028569724262,-1.16346419733197,0.408834795840091,0.191024972802625,0.281555407015022,0.496577437116284,0.828174931530058,-0.662754917361716
"113748",1.11631681267712,-2.70003419335375,-1.64797963204325,-0.629523578456602,-4.52967482520455,-1.6806549238103,4.08057689010955,4.37810075411852,4.689535730066,0.274306198540864,0.313493318187371,1.65010984264792,4.34700264175722,3.14007386516173,-0.56062657091081,-1.66445030328165,-1.11189613912419,-0.144929104811266,3.32845440453662,1.58345152749235,-2.31749023409393,0.455665876621824,2.79494443243593,1.47178537724284,1.216140187574,2.21587689368783,0.57890064645688,1.92973530009732
"113749",-1.19769076707861,-0.105601662196003,-0.186117023996192,0.94213405581274,0.202897597344395,1.21588419949107,-1.68107504032032,2.03054228822115,0.403900164967989,0.65900064875225,-0.698262774277249,1.61656456423578,-0.479516072427424,1.58365765207647,-0.17879555002502,0.576215075226433,0.392095285505819,0.316900483249196,0.577069814040099,0.095217916061634,-0.38145784059871,0.0541309411075942,-0.482121745170707,-0.414253855920703,0.152302299032351,0.0542810350191075,0.191562285492747,-0.0355306544911472
"113750",0.454473793758278,-3.20926481990585,-1.57442114380252,-0.363989881827759,2.36108869916389,-1.84476209637194,-0.510252442636916,-0.456931283927003,0.366020592078793,1.68358192940758,-0.309998007521959,-0.0289102912507661,-0.11048650302425,0.260615952551476,1.43911090542283,-0.119542468817597,0.522578284610753,-0.709567167297529,-0.679670716568324,1.18626281575537,-0.874000989630178,0.300650034142964,0.282283280524871,0.124327875504125,0.131579523822529,-1.00353986966462,0.132259680005074,-0.654213264327358
"113751",-0.310913234882075,-0.261213776776127,0.414956030865282,-1.37104574045846,-0.0904873362410715,-1.25600959309468,0.611540904861189,0.323084149948833,1.00556658136312,-0.31627475494039,-0.0824744619571394,0.603849588011538,0.127011821485363,1.31403487724863,-0.219232867271152,-0.44050357900974,0.284319765133102,-0.85299014608187,0.724439642984259,0.386809980965908,0.233265073743939,-1.6860888316581,0.684586097944751,-0.258812974063776,-1.89854625310511,-0.161122110431432,0.318278160449567,-0.0283520972825231
"113752",-1.4720524213721,-0.908124182841557,0.990922568615267,-1.3166285495331,0.768359400140572,-0.0886585648398337,0.312749984628496,-0.22466080046023,-0.523607040300847,0.0556217421126947,-0.182177030036872,0.73159470622203,1.02705302032121,-0.184787723518179,-1.28462662138176,-1.85891557761813,-1.83105576994771,-1.19701733275122,3.39009314061396,1.99246790665533,0.300843662381192,0.264625329160201,0.857684214189661,-2.72722517995949,0.22344040711637,4.25438692745449,0.0967310798455586,-0.522406843557411
"113753",-2.27939690382193,1.6563387328057,0.4748064290708,0.759942202156479,0.349614830353934,-0.746020909663865,-0.238496317929286,2.10669840417584,-0.663658403644027,0.215009131498979,0.726837172532813,0.180257040350431,1.2161885913395,0.409654131546931,-0.565603570301043,0.0691687938839612,-1.41294078561443,-0.431262428698819,-0.655102582301413,-0.732091284735401,0.546253030325317,-0.893777472781293,0.805362763797678,-0.0171643666543252,-0.118165112665299,-0.0587106373561515,0.596227718276509,-0.983673829197951
"113754",4.18117270229061,0.164055086279784,0.0804694052115099,-0.24847633811636,-0.539296373342258,-0.0729032785338199,-1.98993210686499,0.399709447220402,1.09240480552515,2.30425869721301,0.489123698632615,-1.57290649895628,0.233199278188356,-0.929302845763454,-0.846946953655477,0.59590719790491,-2.27891523525574,-1.95097705774726,-1.4246602118557,-1.68643972931238,-1.1986951325695,-1.37507815871164,0.595007641590428,-2.75876224404174,-1.12023436705297,-1.18629677691771,-0.617652409224882,-2.28233457206174
"113755",2.06983170227359,-3.83668146658488,-1.52595190790917,2.99724886326529,-2.81149254075463,-0.0357794376912762,0.408877067148351,0.703526829068243,0.901529615092613,-0.610993532486875,0.17089246168157,-1.20114381951674,2.42692312539591,0.737971404982185,0.492628562139374,0.548387161675405,-0.21471582868031,0.733704061439406,0.272640368823232,-0.71892086185452,-0.337792394927484,-1.39649290111978,1.095860299299,-1.55072751297865,1.25899061033736,-0.937113874500642,2.36251850347695,0.87244953607752
"113756",0.0143649192383308,-1.10189612052862,0.222223458778314,-0.207767828252711,-1.02695227340055,-0.114424929937512,1.38780213201694,0.16506722495125,-2.5695957039996,-1.04165116870604,-0.811050055341444,-0.23115583893316,-0.700887549250658,-2.8721070188803,-0.475822355664597,0.639865291045331,-0.719444400255178,0.360128647480612,1.41865960582182,1.34854564658661,-2.99308070712464,-0.029602553989902,0.346876253003975,0.17223105371891,1.66124709181516,1.97808682325389,-0.592215398701068,-1.93507188490493
"113757",0.0306386665741564,-1.62515715902594,-0.0757358460863766,0.633258584724084,0.576612704977748,0.472295957939041,-1.8857014926783,0.276686084315421,2.12708050821314,-0.159175323907996,-0.642358531875623,1.85114087816729,-0.913959210677694,2.35642650966176,0.63264435713271,0.180110286656051,-0.140775589708982,0.439727113606789,-0.0702138885003586,-0.797037531949678,-0.702883231852111,0.499322101926486,-0.909463930565973,-0.133090439796059,-0.46250128610561,0.605841265621068,-0.130964989759167,-0.667412936756227
"113758",-1.67845462533682,0.525076936087144,-2.04658712594896,1.5700688273861,1.53750099235692,-0.815532000303456,-0.477901014003296,-1.51988244732616,0.638441484179537,-0.144339830159251,-0.718517984584576,-1.29158899256863,-0.443882787504393,0.20483735969964,1.32764878095534,0.645516107371357,-0.702138708246548,-0.532338912894108,0.0652118562267524,1.08069892602151,-0.366902682514209,0.789655712578318,0.609629262259285,-0.330127992632977,-0.541846614452853,-0.193881170501822,0.510182021911189,1.18358684786014
"113759",-1.23405026478033,-0.158479966015785,-0.489968944657956,0.498008462029819,-0.430265383860892,0.684560854599608,-1.37040974547103,2.04433132855831,0.319654811857156,0.477384924132396,-1.27321897308461,1.15277941662063,-1.15291601557299,1.21920405411671,-0.802912779852382,0.155519299358002,-0.00121322126787944,0.00321297891015376,0.129998607625132,0.166858180172254,-0.438228837494479,0.821962040745729,-0.032398826465445,0.0100574654246877,-0.027356514425942,-0.0189136788864066,0.0291355235154606,0.0817619054282022
"113760",0.288727771901708,0.895591595478774,-0.239871594840998,0.545353698751337,-0.434788417158275,-0.61867866767981,-1.5170265872576,1.48610482018413,0.564723772776027,0.518221483051609,0.732145519435388,0.644278365523562,-0.188564164857469,-0.716758298396361,-0.46856566982529,0.840115267460076,-0.157431102311493,-0.8036829529875,-0.159545561760934,-0.871667080706302,0.166303114824511,-1.6751268694271,-0.25902004200631,-1.19334206028133,-0.604308138710447,-0.302210157454329,0.352607435307385,-1.26130305315668
"113761",1.13760440031467,-1.50630290852399,-1.08878588662341,-1.29529223552693,-0.441963259255615,-0.930405867560076,-0.513193944706302,1.25603499235855,-0.391464535162634,0.4205447259917,-0.33639991969468,-1.73019663888359,-0.231006347491077,-2.63911410633867,-1.07540438012664,0.579838038292663,-0.399888025976811,-0.0662428506307624,0.0353995512190027,0.571966285730304,2.64658959510592,0.815710511512164,-0.713593439462983,0.988905588843769,1.24484086269606,-0.195542169641207,1.30702031655069,2.97642603403785
"113762",1.3950574341615,-0.280448496988731,-0.148683161293499,0.548161730660248,0.852819572683653,0.833046802541069,0.774216549998489,0.975331438893265,1.03609960202067,-0.522247566446554,0.404323019569196,0.108062117670279,-1.22218587684159,-0.410182094216816,1.19580886502475,0.627902120541601,0.0373943568556155,0.94884254975645,0.986581184996434,-0.862917561689867,1.19909530566991,1.03782946194885,-0.355076050393644,0.112304106601415,0.214061807998893,1.32126178553763,-0.634718058781299,0.247822811018922
"113763",-0.325882091897256,-0.190719483335876,1.49472933565085,0.343675455875399,0.140258358865288,0.262799150717164,0.278665130093202,-0.591335463545096,-1.26940824751451,-0.813503616543175,-1.02627095825412,0.0753386640507771,0.858092684183002,1.39693564431822,0.769538933884877,1.38319779845607,0.416820837855316,0.411905645708274,-0.975503604610602,-1.53737739349406,-1.1116256264151,1.11711121214696,0.02043102070915,1.00147484138659,-0.236791309443288,-0.982749303547581,-1.68926973670233,-0.637631138399712
"113764",-2.48481863837387,1.68525690177789,-0.0359689334540986,-0.2281594114886,-0.301325413726615,-0.97574683625543,0.398362470040396,2.25747393998564,-1.05862625898276,-0.347637223993635,0.378518062483426,0.10217274538788,0.679739977659571,0.193690219207913,-0.51257092939081,-0.224443012889348,-1.46927356751798,-0.929750146408219,-1.34269426746606,-0.963382856257372,0.0413905098510262,-1.13519097529701,0.13074823603977,0.446658999361106,-0.214406143620788,-0.322025176454842,0.246266052531792,-0.535331121138247
"113765",2.661570423894,2.68542899471193,0.667027146141423,0.329645377185245,0.157093254319737,0.268693300556927,0.881332607841647,1.22415774787376,1.68641115869889,-0.702103602727972,-0.405483102799404,0.365024381696788,0.254586303293882,0.0665306896181512,-0.294488042553662,-0.0298143148559107,1.27792427356635,-0.115299320638391,-0.311512577158454,0.533767168358999,-0.918979489036587,-0.157760623784869,-0.332776275911183,-0.520107589955458,1.24146109884558,0.0128645184530709,0.440733179211538,-1.12374959677297
"113766",-1.83942012402862,-1.08891053566406,1.67553542131296,-0.84891625981251,-0.709600019583094,1.27893989161509,-0.0557347908568258,0.71578598976354,1.87626765957284,-0.35107358859983,0.0099264276554066,-1.26644126318885,2.1668668119179,-0.0465360994731142,-0.175184656388176,1.00134757826872,0.237733168775497,-0.310805289983257,-0.937816261008058,1.04669483923952,-0.880945848738195,0.418235239652153,-0.564772682793332,1.39922325305587,-0.155527307344015,0.233520062802494,0.64876068047234,0.739538051247099
"113767",-0.644815819410445,-2.00909977333843,0.492999299615707,2.11131849478537,-0.770738512389753,0.277079355692045,1.08512954478799,-0.655047729661915,-0.499278554598106,-0.921730035798877,1.01770964486878,0.269519204931529,-0.453147337565632,0.710053914209691,0.342454246160075,-0.214955950543362,0.664273092713633,0.310921118128993,-1.9999302424373,-1.38216170049464,-0.380553002923059,-0.639419203629245,0.31066011024845,-0.351777298216753,-0.186420339311698,-0.619719871247798,0.544363628360439,-1.0310794337146
"113768",-2.72379629485765,1.92497192546377,-1.39930957268908,0.696783961718927,0.297242495160224,-0.231374751982418,-0.204097431701587,-1.74777540303795,-0.659732644779202,0.494746974317692,0.727357814805837,-0.675625400311966,-0.804181100935735,0.602956177748008,0.654481674847173,0.727506755576908,-0.452906009123057,0.102678088900031,-0.734436104236696,-0.149009736490222,-1.13673413053857,-0.929749415547257,-1.37865831059165,-0.694914132657839,-0.260381489773493,0.879649962967534,-0.318635825750815,0.241574626155938
"113769",-1.07040600977601,-0.937369997967083,0.698070720829993,-0.937008928232418,0.387850837115517,-0.00883576786827272,1.11941520276634,0.70670809483348,-1.06261428928863,0.0661783647038217,0.0539658562476481,-0.37746041809232,-0.685812358544171,-0.431638379627223,0.116720551378632,0.908386617680539,1.13255192148377,0.590413121147071,-0.942576511879879,-0.64982173691193,-0.739367958904259,1.12317040600357,0.653967536323656,0.320735194594601,0.273680563719402,0.326523728123979,-0.859253190068969,-0.323046209533808
"113770",-0.999414243982882,0.334238586602214,0.703737676581419,0.0993328473553706,-1.51485727736132,-0.0160863933342524,0.840822905122118,-0.691533048664163,-1.18340716138858,1.111943715284,-0.236737333093427,2.74399547553741,-0.00996218569071645,-2.5050184929303,1.49981711155438,0.209192685972614,-1.40273047391992,0.419718820410441,2.3849146393031,0.831014901502945,-0.204296870895024,1.0183225209101,-0.159297337116895,-0.519323664868668,0.244765796946218,-0.458951520145979,-0.218320255454981,-1.72020359959734
"113772",3.22265246588418,0.545471325692024,0.515561549851545,-1.62233561450492,-0.0642158964478269,0.113169857192686,0.183758572725129,-0.133943629049377,-0.424558410400921,1.9356916575955,0.759027158949346,-0.0780005761386837,-0.48115290434924,0.917428361016405,0.35121888744652,-1.00914004458347,-0.8920296193497,0.21119668048673,0.369091268536104,0.0743919669653814,-0.253281919621858,-0.969326434592104,-0.11798072134261,0.188511177415784,0.124795067233506,-0.719987508835573,-0.0342386926010373,0.319143741061942
"113773",0.331865159645951,-0.348273120062143,0.990946053182468,2.36212176759858,-0.938674722602252,-0.577807412636428,1.12176854631726,0.260609465443857,-0.0486328230493108,-0.0590257067740499,0.987760345156594,-0.216994921030397,-1.53216700553055,-0.00988007217753443,0.539261349003862,0.581530309826823,1.30738908171179,1.01856409234379,-0.58122148612418,-0.994685374413679,0.265122504174874,0.331959344026112,0.112944104546777,-1.32486322534587,-0.363580786108877,0.529749402670901,1.05236678043363,0.0704756621335413
"113774",2.90786775724178,1.88407795955956,0.73800580711748,-0.666169602781031,0.100873390977523,-0.271239188181621,-0.256653295536367,-1.21550796601755,0.378398494480531,0.402679541266905,-1.17890781763302,0.206411764157828,-0.23942692901072,0.872900925295569,-0.588168902042095,-0.586330886680581,0.275279285528559,-0.278553746022731,-1.1148615847602,-0.0460066527468389,-0.2348446639679,1.02282190446788,1.03023714971649,-0.474721111777966,1.63214641845739,-0.665785507914608,0.764608122241975,-1.12091299382345
"113775",1.51133524055086,-0.121220387614896,0.168893733725264,-0.467500648856209,-1.07672021891098,-0.167428568939736,-0.234169296313275,-0.331455252109783,1.18815581765032,0.198180483955061,-0.893920923656825,-0.770686008251086,-0.351403041645524,0.603529031639329,0.203581111808606,-1.03896012474672,-0.48789533233142,-0.471967798332322,-0.47124452523903,0.197318486789973,0.279569997538536,-0.124146054957953,0.528160839318647,0.84103757377914,1.51040069007296,-1.26759177084265,-0.370103988362607,-0.590148901555823
"113776",-3.09216111611815,0.965701991903894,0.886462505811236,-0.380507655185377,0.727666659338738,1.17469268889742,-0.231652511327433,0.684370099820614,-2.62106101136672,0.111150932957815,0.997424683973612,0.30905692053449,-0.449689662373646,0.0491808602318935,0.7482607936309,0.192868222741537,1.28062556725211,-0.263936640201506,-1.3130213953448,-0.172666562582186,-0.284357936889138,-1.35649207082053,0.341256864726777,1.32056306815616,-0.165950666063397,-0.57852860109316,0.582890557253249,0.0887239635853429
"113777",-0.903767117097751,-1.97543979095053,1.05549877619497,2.4241522449448,-0.362910909657533,0.423039802253981,0.905077318961949,-0.909434517805881,-0.420246208872196,-0.745447602243938,1.16981418904527,0.584871543271769,-0.470541463085237,0.849330610712702,0.445108838290973,-0.249517292641886,0.864458120553648,0.231989871126987,-2.15327399242501,-1.28345264445088,0.232233721185405,-0.108717214019578,0.52944994039106,-0.40450594816894,-0.03634377279043,-0.483368134951271,0.627754126699048,-0.98660396490827
"113778",-1.90293286882736,0.439468488765642,1.60473488569147,-0.423514330811182,-0.354867776009549,0.709406380296175,0.0532989427003489,-0.674313548593948,-2.55719516147645,-0.991133819957895,-0.0518460922119921,0.979743567462717,0.538580328516997,-1.83936017937856,1.75120096529321,1.24758832186092,-0.0764827036038282,-2.44272553160007,0.334604353455861,-0.351173866311528,-1.77143907375042,-0.89949921875692,0.541829990467176,-1.33123346377102,-0.00246301675070627,0.593747804801688,-1.56344433945775,-1.64392514087186
"113779",-1.59071407827994,-0.564356770033103,0.74684441425661,-1.06180109653747,0.526429085868209,0.0164576787427277,-0.0245618407442593,0.0714814919605632,-0.56391249230079,0.182935670819373,-0.155264841244361,0.325207553045391,1.27871112642953,-0.133749380439174,-1.02628928134478,-1.69368740942624,-1.52888314910167,-1.73762398938437,2.80027472502538,2.24913645093523,-0.00764449859937483,0.0411463503679698,0.963664906871601,-2.56807331443295,0.0930890098962249,4.73188110304647,0.418904391974394,-0.977969851467827
"113780",2.06095104497781,-2.4435306875067,-0.824811896520857,0.387930677065848,1.35642696543515,-0.225342367746322,-0.0599902854061688,0.536114044681022,0.433238562166235,0.0899129615202776,-0.750892228966042,-2.11040558911593,-0.468266439815165,-1.74679571592746,-0.888527387444312,-1.83497861815641,1.77111310875073,1.70774572976538,0.935488886216204,1.40341418339294,-1.54181840365233,-0.457554441179928,-1.52395316364038,-0.780374374349605,-1.90200983632186,-2.29468227474427,-1.14144110308545,-1.03667850722233
"113781",-0.216217318360385,-1.16485291970634,0.596409660113202,-1.88580631715566,-0.99241105228308,-0.609419067819091,-0.173043440699348,0.0599036132876418,0.700734983411118,0.945524804475636,-0.0673424510814959,-0.724951638749104,0.0773210167632893,-0.972019349476621,-0.919967693215732,1.36164647867223,-0.182378898402254,-1.18111470600109,0.0192611750647876,-0.432959639466603,0.386312645648607,0.600842072794798,0.0508996388760676,-1.46233828015923,-0.853491615752597,1.38378690568396,-0.23879160296874,0.999343641452985
"113782",1.10830519057372,0.161163083291284,0.240925387449267,0.644061040428212,-0.568361387513807,-0.977182853712382,-1.08112171348387,-0.624149019827061,-0.0770726962645943,-0.485172421867023,0.888174668249519,0.179214584773035,-0.934956581873313,-0.576275568121479,1.03755697847669,0.0203730132956539,-0.824056225243499,-0.440325936008973,-0.229762708590627,-1.26499891122418,0.745012652033001,1.72990985045115,0.474391952882839,0.506630744477165,-0.414729877401667,0.475916338277391,-0.859154234203854,1.08935883122246
"113783",-0.591429760328735,-2.30532210943288,-1.06279081861783,-0.309761101179479,2.75874004359721,-2.39473944057251,0.233915486966169,0.895337944583058,1.8373255266173,0.916915501465815,0.223071353710479,0.632614741107951,-0.326958615796091,-0.340279707614179,1.21650453228494,-0.164020881659464,0.373060930703207,-0.374117623417501,-0.0252816101139541,0.588605339291047,-0.817213031620111,0.167423641968714,0.0466926491842214,0.337781232839941,0.279396840672025,-0.595878709387367,0.314101836672905,-0.231269813831335
"113784",3.24931729714281,1.39643174626832,0.120978929078059,0.612610523324285,-2.42784754763681,-1.29237757613774,-0.294494255525354,0.737095314746222,0.34577292378774,0.616726176609583,1.28974169448757,0.417052335102741,0.0877360540262673,0.418588483054273,1.08621273372674,0.864520779729216,0.638204348924834,-0.872747808486698,0.0802353104518448,1.62399315008282,0.328483650592042,0.808445272261515,0.0531706999746304,0.851779491876748,0.195998092631287,-0.0651004817189679,-1.70295656002712,0.176613533896539
"113785",-1.6590071714536,0.59150585427178,-0.156415828357206,0.373914956705851,0.0915311928854122,-0.899892088285893,0.00532966193164534,1.03496763370335,-0.460068609985878,-0.847699613451004,-0.805730571821462,-1.04343881126219,-0.838010078930393,-0.998944952867599,0.789615327641748,0.623844608916854,0.803018337110336,-0.187576576768917,-0.518630510031326,-0.876496845762279,0.399230138618198,-0.380953448192612,-0.481434504491336,0.801048359022301,1.86991015306176,0.169756649029384,0.072218917962839,0.541600534535969
"113786",1.18600357859941,-0.345286197942939,-0.0430440386607291,0.936969404247843,-0.322358807852849,-0.529214563227658,-1.05098406978712,-0.119199263545016,1.21848777785375,-1.56135121867721,0.166225363653278,-0.359265118157553,-0.68358462736138,-0.549008574543171,0.989932371478338,0.27850668454731,0.455942364585228,0.200857953824444,0.23813341285327,-0.242164200431098,0.676256280155627,0.458562080851348,0.0232951596121632,0.467479462116534,-0.921090729502276,-0.210953363131791,-0.330689711479987,0.0461320075790049
"113787",-1.06779700665708,-0.424129079535413,1.15578418378968,1.66910028720533,0.551716512500471,-0.206024505706227,0.163165797317146,-1.85231637431631,-1.41338033445638,-0.057829992619874,-1.62501899624675,2.45773456693763,-0.0843137992848572,-2.36627351936516,2.86363329178697,0.529907104334376,-1.01070799085902,-0.88390632238416,1.91411049033814,1.75710407705246,-0.730425884265879,0.876439227809132,0.287249256017024,-0.232240665544647,0.315617417496798,-0.640295534169674,1.00996725249644,-0.939804440609917
"113788",-1.4680346944811,-0.107555340009718,-0.492041049948579,0.674352650274363,-0.465778301479396,0.616170768781954,-1.70127239182126,1.86566805116073,0.196525107311342,0.449246495624783,-1.23941746547771,0.929023807684641,-1.03994150506944,1.04246347793539,-0.868083016118784,0.0544494879140375,-0.256202450058671,-0.0399828324344336,0.178831738499627,0.0523942338264425,-0.429525573175529,0.839797588351234,0.204311877806077,0.0247490415980822,-0.0059438977975558,-0.235486504116311,-0.0219967846305074,0.123967886834025
"113789",-0.871687974385543,0.165496218000232,-0.284152153109703,0.366898932481382,-0.706790887268134,-0.55852294366192,-1.22249017357727,0.195058742918558,0.360824320222304,-1.23614103044607,-0.0417843846363175,0.183558889625446,-0.400476711820864,-0.206706667412356,-0.49381279969818,0.17866135042281,0.619379561140467,0.485203753469485,0.809501967985083,0.9769610151545,0.634908366624887,-1.26116179406623,0.352189904403843,0.466069584576635,-0.167718267209099,-0.427937952424458,0.674055381034405,-0.788716353713513
"113790",-0.284694513835678,-0.38517314966802,0.413635858924336,-0.752006186035724,0.544065739237439,0.822295657918074,1.31079675502153,0.897965706350766,-0.165793744602462,-0.731407591481042,-0.444271175965278,-0.640433763192274,0.545720062695272,0.401199239941674,-0.4772517570115,-0.0356073121605693,-1.64467820957735,-0.177720965540822,-0.195476124708655,-0.492076177434978,-0.428608315973303,-0.677731052884051,-0.641109096649133,0.822933461961221,-0.706944783983339,-0.52410547743509,-0.637917740454877,0.205947774040681
"113791",-0.204267569244774,-0.361429913345574,-0.531876279498937,0.438037672608132,-0.479454637457078,0.456936967000693,-1.68530083966819,1.63851219733546,0.0784522979665444,0.284803533806285,-1.31367987248249,1.27778014542631,-1.08265072235455,1.23142667589394,-0.899054981621799,0.138388716121831,0.0158300611845327,0.226904696030463,0.382412903107773,0.0417227685901411,-0.620178428695886,0.669868358504996,-0.419361844346937,-0.395849006017072,-0.40384703433313,0.0665520726020356,0.0662547041081425,0.178860046136935
"113792",-1.09673848329423,-0.233007021107012,-0.546076977639665,0.392369544920823,-0.0608631975446051,1.11992268765706,-1.11328791094101,2.20954308079358,0.404592015730012,0.448088398631288,-1.06537893803754,1.47597816996563,-0.99367522354791,1.37322196233386,-0.465844191273795,0.316813169641391,0.142841347681083,0.175680963513296,0.388129704007084,0.215987394243431,-0.032177617193303,0.669318017599694,-0.301531838723132,-0.0103532276941203,0.139878275270573,-0.0620148446251691,-0.0241582903509009,0.231538766723606
"113793",0.893792608127906,-2.41054722465542,-0.582761848868873,0.658798677771676,3.19808119107357,-2.06368106224908,-0.453302285063468,-0.205395625618535,-0.242449995589751,0.96043821622184,0.137219755369985,0.716319900756271,0.305111871110474,0.337527725710823,1.76399176905337,0.748382222865795,1.12119516188648,-0.41464177399289,-0.83220754484253,0.544465930054164,-1.01118135929842,1.08787254631039,1.08519553926398,0.889426858598344,-0.251667241270048,-1.09597173860909,0.242855110810501,-0.120266750517186
"113794",-3.46320679690472,1.00493685414593,0.048995385426574,0.973353837780919,-0.42221236626299,-0.582058403288101,-3.35145912182959,1.16414408792927,1.83578386796789,3.55057412302309,1.80441917037322,-3.18798795312448,1.97399446650463,-1.94220300761742,-0.785223386492751,3.36492612384672,-1.38416486979702,-0.371303499666947,2.15897436971916,-0.301662311350253,0.0334519547926802,-1.59610805689841,3.53252270283483,-1.82722542743469,-1.36481784955697,-1.64841048093753,-0.77024141998556,-2.21378449152034
"113795",0.729667160021552,-0.812621006696351,-0.464557518020637,-1.60018322614856,-0.239655181456426,0.216383104947536,0.211286368489764,0.611154044909107,0.682328835815616,-1.2571899434156,0.0879637672954788,0.365235388971698,-0.937128960568572,-0.143821365836218,-0.99312451275385,0.886818135605395,0.599739252274526,0.881143806056149,0.780415364170015,1.34895283456824,0.300382195651116,-1.16363478735895,0.131077805893556,-0.457342966040885,-1.34613459464741,0.7142766691619,1.06979203449874,-0.882245829133001
"113796",-0.430188177677795,-1.4131524657497,0.663559026302114,2.87920969474884,-1.5486263724117,-1.00090383202135,1.2400220009126,-0.396980374224538,0.514060147475336,-0.829910616671743,1.01729786939444,0.12322458692142,-1.05454292914022,0.427088776646773,-0.36144152179495,0.211730915307936,0.0518799708569626,0.0971287429020431,-1.02596546842859,0.106229164377929,0.287059297973435,-0.499434155127121,0.803418364802563,-0.311500209817564,-0.0317988582679445,-0.415503740517778,1.06227349296393,-0.0126434487085383
"113797",2.24207432490333,-0.0901682297361448,-0.0814829705842643,-1.85160711831052,0.0532856913297831,-0.730249439889032,-0.132002598496684,0.388677681372217,0.936287828635743,0.0695507451805082,0.980085022059595,0.393519158668834,-1.1405645754514,0.00051532367965103,1.35591006865786,1.8340965563846,-0.250754112574221,0.285377920591439,-0.238432034614742,-1.68564247260912,0.199210749521037,1.02132588702858,0.60919128956082,-0.534677972566041,-1.2665358929478,1.49656812446975,0.645871086362367,0.545805083239779
"113798",-0.999714980043212,-0.368271973033766,-0.60806828113534,0.391232381373216,-0.224633630628328,0.832512876094151,-1.62177307212131,1.47511198059928,-0.149569621234893,0.21466863549568,-1.15883166034752,1.41332406943334,-1.04327952884489,1.46024556628479,-0.574316284205565,0.296153610812142,0.00355883538172656,0.0306157083203913,0.0687604355276172,-0.035683518334894,-0.685154704069571,0.0546582394564432,-0.772399021590478,-0.26822560480699,0.0747545114092518,0.417244036478617,0.102544348448669,-0.0748796333246571
"113799",0.510214451568902,-0.623734168541904,1.48542258564156,0.537863228126567,0.384284290451731,-1.85977198056524,-0.887867502514962,-0.319972178538658,-1.34931746746884,1.07435698932507,0.896109218801067,0.274782577049963,1.14598706610605,-0.029047932401892,-1.06463286247481,0.437575769152508,0.167282424240699,0.886875508319688,-0.345113726103142,0.563175355686409,0.604734055715219,0.218883271681174,-2.47847672397204,-0.495663477192548,0.299970848148907,1.79801527843482,0.0284767412474391,-0.0526144313817023
"113800",-1.86016229336051,0.489554654601795,1.09301167140614,1.04793361930851,1.10828550923086,0.0608779252932775,0.980074394031587,-0.104232992794454,1.36498863751951,0.994756787884635,0.172967357128272,1.3906582885323,-0.0308480612017575,-0.273812182754683,-1.46405571325757,0.325360774609898,2.26959330017161,-1.60019427491323,0.48250323876475,-1.10365958881005,0.745951336415081,-2.66457826097706,0.306192668269723,-1.35831822817082,1.38424697904427,0.580174193457687,-1.50048716462882,2.78651606738592
"113801",-0.606168413862956,-1.13777439216521,0.0363731670591437,-0.277749154658018,-0.15882015051791,-0.130377852257238,-0.113389569804447,-1.80387098319048,0.290073778148656,1.46839448499899,-0.993108177434613,0.114360827753652,0.013851122239627,-0.0506349559149681,-2.01383088442412,-1.09111450013444,2.1525730616712,-0.874000866208249,0.529020576906859,-1.08909433495753,0.221900986647817,-1.50815101135421,0.749504629170434,-1.84583245618785,0.977144228887373,0.847928525763894,-1.60023922787427,2.05372884491598
"113802",-1.21095518824342,-0.411454481804574,-1.05817275191853,-0.157273457451033,-0.265113162355276,0.885642141815873,-1.48798256347067,1.5594283195504,-0.0586269959761818,0.277512089609098,-1.0823611523046,1.35862235809235,-1.39875729981924,1.15366819023132,-0.837891313370184,-0.00648355186204056,-0.513310450364381,-0.240070600782255,-0.149097889313274,-0.191411891105714,-0.421386354000612,0.0457916854517411,-0.844033035721172,-0.210301106507064,-0.154806487063607,0.0411685075933646,-0.433050178681876,-0.444769154036878
"113803",2.6667316882089,0.787324248417942,0.99002301764578,-1.09657035912673,-0.280397725990754,-0.193131511948457,0.270580354018016,0.0808754924846658,-0.128099069229433,2.45132333226719,0.637909263955737,-0.111585735217841,-0.66511298079032,1.26352502734369,0.165689542892954,-0.711276519743446,-0.486249491243279,-0.15121632833803,-0.257528270966573,0.533625206927463,-0.588378820964468,-0.638112871658411,0.438546092343195,0.372667398904177,0.247579969859681,-0.0640703779592752,0.386210048603442,-0.209444899608003
"113804",-1.56629736130418,-0.590057754141336,1.2485716589444,-0.311519034325565,0.284266039441218,-0.331932491358198,0.154951652782615,-0.303902829764959,-1.21025288887229,2.08710324720331,0.817394114473115,-0.6540943739477,-1.00485122935998,-0.154977477998415,-0.928265464986339,-2.1725038101236,0.167735129566626,0.741044982937033,0.247262656105506,1.04380522670619,-0.681845424882337,0.112877413166593,0.289413439861198,0.392946899883375,-0.390969882628551,-0.575442756649853,-0.926807528818272,-0.452286594729932
"113805",-0.516158092607884,0.862131539782555,0.76916507578968,0.860996087305275,0.309376646068972,-0.26697276019403,0.00773381849079439,0.630532754869872,0.958716916746751,0.384480548330867,0.714419286287378,0.128065133369587,-1.68522320546801,-0.122568686104985,1.13383298944759,0.760262013723404,0.18952298360974,-0.275556514144717,-0.695989188150509,-1.03340418662356,0.0471760356823851,0.757173739653875,0.239725217212811,0.470100008494367,-0.0738922769678413,1.26484950347349,-0.434710510785976,-0.63126476999244
"113806",7.0570816897209,2.26106766996793,-0.104895160376491,0.803566727073635,-0.0556482568692606,-0.486650333996854,-0.389585205325696,0.359863572830424,-0.506098934794086,-0.713440797692515,-0.919183675196329,-1.40307765476184,-1.41751168639586,-0.730679912458102,0.108104582247281,0.633065777570767,-0.287227081503466,-0.232420928211358,0.560183066026671,0.173378227254663,0.124416014122251,-0.164179444413229,-0.572861000838862,0.0207350956527384,-0.819225042062927,0.287363510383259,-0.0277357227341839,0.51809318045715
"113807",-0.571516194285418,-0.00882283600806887,-0.0538984963465432,0.0107237681442983,-0.688928851957394,-0.671103064471151,-0.741885792252852,-0.407345323654369,-0.161446952071949,-1.58081868692189,-0.383656518099563,0.513621076763289,-1.18675349297534,-0.0343495209216326,-0.800674135154869,-0.150446301652801,0.606522772927161,0.186889573920065,0.177266449625926,1.07918787407451,0.473695912459172,-1.06218661579273,-0.198805178938278,0.618637891339805,-0.236508731655197,0.190188477131686,0.620727242725428,-0.638490560267134
"113808",-0.936056404836473,0.0477952307098804,-0.252310215647605,0.519338700743248,-0.272307462942343,0.694258778808861,-1.34672716639118,2.12445132261964,0.367703811038771,0.663812648106997,-1.01720219350841,1.56883562688044,-1.03249893243198,1.58158099416015,-0.473578532402051,0.508361784511943,0.474588858504636,0.0874660708537231,0.140103224246436,0.163813936582899,-0.843382862919474,0.220243011739063,-0.52945451737426,-0.221072898791605,-0.215036278745857,0.0995728545024833,0.175917660582518,-0.0716884339401873
"113809",-1.66404917541424,-1.6490005721814,1.84375410189485,-1.37232261900295,-0.616117115945653,0.0788853351988798,-0.773638474212194,-1.14634625791312,1.37168451243771,-0.017424293055498,0.176644600719211,-0.449783966535761,1.05728018376992,0.0579734696830556,-1.05296093021447,1.42843703021004,-0.515643056372658,0.0480275245999815,-0.805112667714382,0.856353484413137,-0.0704098500023587,0.719581198164976,-0.485374954016091,0.765246166212226,-0.578334597910663,-0.317896163870352,-0.2588701893601,-0.0988118822089276
"113810",0.202947155055904,-0.0232019250470504,0.126715713468945,0.564866440432914,0.363195479176377,-0.0131736082314189,0.0901208539482205,0.234296558251046,0.851246196819534,0.066030414364655,0.637214620113323,0.155561672753134,-1.52384326241402,-0.102583189249507,0.824379569405093,0.534187541563252,-0.295971980851691,0.394465607315187,0.112822782380633,-0.944311420628253,0.430375273170463,0.839381588667911,0.0529883027958628,0.219005397192826,0.154939092859697,1.77873993963044,-0.602503099604774,-0.745921582408
"113811",-1.94373610272569,-2.48134941742706,-0.0768106446097373,0.469356137798946,2.66173245164852,-2.03406523046031,-0.571139993655841,0.891492275708046,2.27803403813188,2.59509239907057,0.325697549049146,-0.426118306687175,-0.601042972778195,-1.76796914426823,-0.146055238369898,0.353926513172478,0.267377535225631,-1.25573564316061,-1.25887520728165,1.42682687752049,-0.699805245031736,0.479618319594333,-0.466981960124933,0.693120020722331,0.935317863904749,-0.17239487625578,0.92675292894679,-0.128446767529984
"113812",-2.45525526360404,2.42484048267888,-2.23130278056679,0.305936860029368,0.568247289152418,0.360542078345562,0.342348190410637,-1.41106703951267,0.33220358198614,-0.391924255450371,0.549538887212975,0.0249978856165293,0.758357312731972,0.515461300142291,-0.112156965654306,0.497918898980629,0.0124242743619876,0.246085370074235,-0.570020974170831,1.09309306151171,0.272691360010875,0.889411496638981,0.254883667520913,-0.755326597934362,0.454949242802326,-0.433529762348048,0.219396838686851,0.237644586831058
"113813",-0.109434097918367,-0.222894668928195,-0.486214759984637,-0.658867140578539,-0.407693563732437,-1.48518565130587,-0.246289500802881,-0.0613811917306863,-2.23567762081665,-0.946780650103013,-0.0938049824489811,-0.884988894067457,-0.78044170781161,-0.655249175862532,0.224797138580028,0.228725195299707,0.654935741779139,0.0218539409410989,-0.380772842823697,0.224810715174335,-0.653050011364557,-1.73000190768732,-1.4050876318999,0.638724737542427,0.27234029119188,0.653127565569927,0.541371216019132,1.09439896913348
"113814",-0.627820636603618,-1.7068558073258,1.70439271657353,-1.59296880192064,-0.30942764695161,0.0527096608312835,-0.566223729457918,-0.806011176817776,1.71214452322122,-0.0339817245565208,-0.12525418661639,-0.354074565463494,1.15992005309392,0.372333405365099,-0.812298967108327,2.09487298726154,0.05976398268585,0.970846243578972,-0.00308094467182969,0.706466368045888,-0.18996774760612,0.309202452882435,-0.753406083943765,0.35740727634719,-0.57001903653822,-0.071173226773488,0.350663881923425,-0.128473928933473
"113815",-0.361624458927791,-1.3755046131534,-0.310834771028293,-0.295588012208663,-0.168586781801042,0.365713433754713,-0.644272057137904,-0.454512317994053,1.34569829587811,0.10085932276526,-0.0592432606254539,-0.0216905436693355,-0.629985207124341,0.726564425218389,1.46622999389807,0.100909575530539,0.440848599145298,-0.117513294576779,-0.862460944596364,-0.527132324013261,0.933452472319456,0.402955012499197,0.351569457692445,0.480184242207348,0.324960972166692,-0.239517660182175,-0.21756072427857,-1.1074748165346
"113816",-0.0993312046721196,-0.571209579671769,-0.840424786866459,-1.98088382376947,-0.589385863670448,1.18497755649581,0.578674798996377,1.6810872574791,-0.226573655996242,0.770884662251003,-0.539958754576568,-0.726119819983903,-0.829738027769945,-0.0887866859584082,0.0719753499146509,1.58671150969714,0.989291719022794,0.0723922868115222,-0.537243102769892,0.415131554821058,0.226086408952209,-0.233165808342581,0.875290554796376,-0.662118339788685,-0.21543612494044,0.396818823717863,1.05062398690686,-0.669961950337018
"113817",-0.886780217587533,-0.884629444525977,-0.769989030914074,0.0196639368745548,0.658645645593834,-0.416297115644321,0.0611562897963948,-0.331636058574134,0.216929282103288,-1.41398281089665,-0.588166166626647,-0.214212151173976,-0.843750127424259,0.0636302344902965,-0.032650377457508,-0.140808908576128,0.282478621168568,0.305958921930648,0.0285843698328194,0.872960708518501,1.52526539236302,-0.688258581496971,-0.428860036900035,1.26792467329064,1.61802754148162,1.06336673464548,0.184534545518541,-0.96132110009162
"113818",3.69208692721944,1.49087669105247,0.982037086413283,0.491458816028123,0.0344310587742373,-0.924655859736983,-0.761267713849228,-0.372425558094564,1.33703838492072,-0.427901704109417,0.0744760984938825,0.293473305726267,-0.508021924898725,0.902148342491757,0.751705459122027,0.610909395552502,0.777690416390344,0.765326146908271,1.139278832096,0.969078979831396,0.78640947856171,-0.554762726244243,0.0638192880908256,0.600176303085612,0.260710567548449,-0.276597344129796,0.32756738649897,-0.409817944812472
"113819",-1.88198204790031,0.330739139059597,-0.0881690658498378,0.0422387693144473,0.283873691246225,-0.414664685756226,1.2011270707521,1.91256395009257,0.627042054918941,-0.119655883462922,-0.277792218914455,-0.464599666342979,-1.00989747290354,-1.06322440110826,0.131438642685667,-0.417872126730575,-0.0699703160952842,-0.289411004536304,-0.199979416650865,-0.423846686044853,1.40351210883636,0.962345870335382,0.331201841750119,1.28472928566005,1.86682053435908,-0.190691055349264,-0.667687978337554,0.638414450475029
"113820",-0.495905926982168,-1.43855450288266,0.175812116567851,0.0178739807997931,1.47257908700898,-0.0689172986895965,0.0866777836784327,-0.757547848705468,-0.800997627004129,0.549447925640089,-1.00197956019447,-0.457807708257313,0.446257625754246,1.32788233964348,1.829004071939,-0.20375035548966,0.43100186448372,-2.12713111480561,0.495181833241838,1.63289345506047,0.482994581805583,-0.0820728949802691,2.04364259946963,-0.0608729468609593,-1.42098336042814,-1.18277812627828,-0.172561023324857,1.04333289977208
"113821",-1.17889681323459,-0.308093905030208,-0.568475760445849,0.432978447200799,-0.64106351375198,0.545566300793428,-1.66149386650551,1.58382694294172,-0.231908826588689,-0.100844812998336,-1.49506933987728,0.996221848485289,-1.08603356598745,0.954454476070738,-0.781516576953069,-0.128824733103051,-0.316682475794371,-0.361908825564207,-0.214846964868547,-0.254638277630737,-0.585894563749655,0.715755027569773,-0.330709140586802,0.0257407311142607,0.0911867039819439,-0.164040673126924,0.0410627008312641,0.696854772611302
"113822",-0.320095222997092,-2.72740185919188,-0.169343957239072,1.78606578833989,-1.51101186543827,0.37286577190929,0.582897095070661,-1.09566552424124,0.166712015802543,0.105575815386664,0.891763823924556,-0.408357256678891,-0.366354838425969,0.728241316374852,0.0571291247199187,-0.992139252899292,0.0119436640483619,0.41427812610709,-1.01204447950032,-0.0818254732985634,0.85524181575359,-0.0884215331953923,0.78479859457783,-0.865608168533588,0.0920519744161494,-0.871990656634904,0.553152362011013,-0.853614500945078
"113823",-0.690000954585323,0.622561867848479,1.19063553328008,-0.1235317419966,1.87257087013872,0.948497056994633,0.270024560713124,0.473548090729508,1.67378995020892,0.0263340972160111,0.46019622247509,-0.925244344983978,-0.418568420856237,-0.280359647929645,1.84060437112314,-0.850574315011549,-0.595749063581534,-1.00980622135246,0.20977305921826,1.03186146038828,-0.540534252481041,0.72423957628586,1.61709856562687,0.910865067862042,0.637346878870443,0.460616894941885,-0.0661846760017067,0.0523280677402191
"113824",-1.8698212048114,-1.04543732135565,1.58098112298254,1.3781196401686,-1.53791722334283,-0.622452657575811,-1.23814142571293,-0.246397967612771,1.73016845257813,0.448581232028281,1.85757041863356,0.629653592692707,1.31319900909937,0.130525273678263,1.07158887926528,0.604178772052193,0.494890685296949,-0.0773727421559505,-0.163059423271261,0.357099057259631,-1.27939560296511,-0.553421528790228,-0.951287898123612,1.62412959847359,1.65197139009946,1.14244079142926,1.03370283528836,1.84699792680091
"113825",-1.29278156240715,-0.697796705945127,0.469349526432309,-0.68183055824074,0.182655455728029,0.110566029714813,1.62158382013728,1.35741446604843,-1.08822327296567,-0.279554309601971,-0.553134565261042,-1.2041333162097,-0.632674828704735,-0.64556065235944,0.0383203800019205,0.950585333732347,1.04316806229501,0.666051526401776,-0.845654726429117,-0.745073960834629,-1.61718013699298,0.693560369571264,0.852809352331504,0.71477703632624,0.629464342131308,0.41159371629142,-0.352262508901076,0.0665408051557029
"113826",-0.44951538731017,-0.831969152985284,-0.869066621141284,0.68169510011648,0.00936176582068123,0.904088600009403,-2.45152802260619,1.05235339813752,-0.12303346325438,0.229870329213443,-0.976568195568853,1.37663435207986,-0.521864096640985,1.30827085539153,-0.780349254149409,0.260451828950417,-0.558599034994563,0.0887460950172017,0.353978296660404,-0.445883602301787,-0.483455438192454,-0.318654401190434,-0.872752299132611,-0.980901187181926,0.0440646302425246,0.525503941946666,0.14190812009192,-0.497365179310751
"113827",-0.000876144329037928,-0.0525588492582835,-0.265236451779797,-0.639297005276524,-0.392352256350656,-1.37250645127944,0.215219987237649,0.429431862108266,-1.82674432054173,-0.469148642985721,0.508235687000766,-0.204982610923633,-0.48053715628717,-0.355711534310721,0.463806894977947,0.188807109852887,0.552120741171247,-0.274657074581089,-0.325211331371782,0.648906234837852,0.0649453187891165,-1.03446923792575,-0.862513697167607,1.1116074885009,0.301639761249752,0.200439427407687,0.356169867258784,1.70488219652256
"113828",-0.655072054236195,-0.65169803421333,-0.782480339069302,0.367214509382052,-0.051540320221631,1.02241526804625,-1.58621091073886,1.5431611165014,0.0715364265588461,0.248526341548652,-1.1766582579377,1.42327302688921,-0.972049223702057,1.41808904136625,-0.700240312083625,0.254133217712192,-0.0994551767293106,0.289444491005071,0.408711270320548,0.0459538336761968,-0.226439687260127,0.332384951651673,-0.653270753383844,-0.426572812271633,0.109785704142142,0.533972042074031,0.0723756344023199,-0.200898747669625
"113829",-0.0693913556408823,-0.414090527453847,-0.525945262554417,-1.44587327064068,-0.618345782251845,0.430999562308065,0.261413583517223,1.04328738046939,-1.06285872396857,1.48546131199849,0.195656628527307,-0.12116120420763,-1.04828141108616,0.101158825928615,-0.887386517992934,-0.486455793941454,0.111536266061995,-0.136403915321079,-0.287044238544693,1.13636602258569,0.32217688624255,-0.752428232478496,0.539582352627209,0.142235867421542,-0.848748089166656,-0.417639935181212,0.706154909037847,-0.376566021677452
"113830",-0.757870297849656,-1.32527499777554,0.293071271447018,0.330776377290836,-0.143738292658824,0.93847257567864,-0.977098663635528,0.139795961854791,0.829638735275136,0.225316002711631,-0.441106859594492,-0.998770546515532,1.79510753256098,-0.604331940097481,-0.322998709544137,1.80151223725555,-1.36598393972057,-0.329250887117833,-0.306543276825334,-0.566497119514032,1.51159614966864,0.737373132095032,-1.02379327847493,0.604425030769137,1.60683679010201,0.00493131096790816,-0.504053775752552,0.353113640051654
"113831",-0.840055786834902,-0.785512955719473,0.513149219697457,-0.756896400077771,0.473180635574399,-0.219230069472723,0.958241820595449,0.493230387055342,-1.38404867048311,0.00118367976705111,-0.273481150964673,-0.615829089554115,-0.874972966432673,-0.328818180383435,-0.00403621385198285,1.41532055678771,0.857251183333458,0.275473660329818,-1.34954132675609,-0.836171243007134,-1.11340036915295,0.486851336467436,0.65654230137503,0.302441881641735,0.391274693729448,0.621306317169869,-0.392485837016192,-0.563861144315705
"113832",2.81189671023066,0.154277673291015,0.541527919966581,-0.0198165114163957,0.0326599280579335,0.0330575894034585,-0.538991697440277,-0.247561826259399,1.68425296664131,0.681308388439641,-0.971576242841776,-0.870283011228503,-0.623503012018257,0.578377268804489,-0.199503504367265,-0.556284264465265,-0.173239028511063,0.608808527866157,0.525254680335032,-0.108206445481713,-0.243797852671646,-1.15908272413368,0.0419180173073161,-0.387288115893735,0.67255301571575,-1.19610259455121,-0.0949973652684861,-1.82722562615773
"113833",0.429834548460109,0.35637661652055,-0.305873701902577,-0.0221343968931118,-0.658943885160645,-0.857910418224426,0.419937522380175,0.922403434288812,0.248244048542688,-0.848618542354045,-1.31950214122547,-0.657046517763803,-0.140759951657229,-0.0656173741470462,0.397595307673612,0.710213575412638,0.416520566056585,-1.24375274769108,0.531466923588381,-1.1361127771142,0.324573970035197,-0.276129113066981,0.30030273880965,-1.05531269466094,-0.751265729525376,0.293669352987347,-0.980775038392938,0.22709402719522
"113834",-0.996896230855463,-0.730067844795944,0.129082523213201,-1.13854610973037,-0.0629629375881422,-0.308580656374099,0.830346906666774,1.1424644542391,-0.775287878147405,0.28359696894171,-0.159720254549736,-0.905608558731753,-0.491704318242982,-0.39551635684013,0.172211399764351,1.11486617296785,1.19797859505878,0.47834742051801,-1.11700575304872,-0.60963899177582,-0.896275150487753,1.2144485695398,1.2194423022582,0.510464197761612,0.228721412171337,0.672679349986426,-0.35310877396326,-0.749961302067113
"113835",5.98910974962345,2.76639849436974,0.77876880381624,-0.703805491203839,-0.0216087859106501,-1.70840457293184,-2.00562603345763,-1.66016608807277,-0.765236317490958,0.622290501814982,1.40955250625416,1.48821016453783,-0.0464308515072005,1.95142104992101,2.40321740286029,1.26275555876454,0.636201757046216,0.81151786325346,1.29387215343765,0.0261829548194958,1.03389461006299,0.0527440934456899,-0.0513511106010063,0.604130440023,-0.049878374530934,0.956848113611397,0.789457668559656,0.959134700798983
"113836",5.20195908490665,1.06960052680206,1.06997940793792,-0.968241838182968,0.880203786491587,0.454873766837983,-0.547414415966433,-1.82662487632924,-1.42928892922618,1.06191168838103,-0.358466314086933,-0.657210564411937,-0.847011389960739,1.32408815967307,0.556415424234065,0.499257868101401,-1.69202204946833,-1.13347144730033,-1.35319801255732,-0.460111527604025,-0.00922085969547265,0.395030251094723,1.3989670079137,0.149794213241869,0.633826127119677,1.7897965087071,1.88027940916393,0.919653686085269
"113837",-2.61360602356055,2.4546448379215,-2.19405804066078,0.281309175774614,0.423184559904186,0.194865458756237,0.209492504825514,-1.52421916884315,0.288662386745035,-0.344486291647795,0.655646870105956,0.0133670570590209,0.706335930013385,0.373857615724398,-0.229647114149989,0.359909931693376,-0.137644284626424,0.179389172439464,-0.58342736937456,1.05250654857947,0.239926937788053,0.964080152560156,0.322256931888033,-0.761745418292668,0.292746614647071,-0.753395707048665,-0.048242078748044,0.232137209099278
"113838",4.76119110693615,2.03320684403009,0.88735960339723,2.51854548674939,0.631238350538363,0.602969422379711,0.460974282525104,2.11896951849937,1.39682388022642,0.607429949214775,-0.357483976669295,-1.38413135521462,-1.27144867871247,-1.11966357068275,-0.81454795170827,0.670088520239768,-0.238584921549134,-0.584343548901878,0.315479476323651,0.288450522742084,-0.868452472261112,-1.33258636680811,-0.874858730465733,-1.1002800116292,-0.591913582023358,0.121665403990181,-0.862555361165504,-1.71058037611339
"113839",0.951879223751368,0.351964600822852,0.945190275876228,0.638450071341463,0.91426423066664,-1.72666663929337,0.796694727274674,1.46055990258463,-0.702743424760093,-0.243140520465697,0.051966443025089,0.257184308120783,0.887134207387718,0.420441871707724,-0.412127802581553,-0.415909204803006,-0.217264826886748,0.729242905941368,0.0166999731336661,-0.435395460341568,0.767903210388031,0.705886932942811,-0.720592311293085,-0.388286485327207,-0.253575087539824,0.52824618081666,-0.328757027711589,-0.0098465197174255
"113840",-1.46511874780371,0.430961033443553,0.441601383781423,0.199618874268092,-0.668767048324903,-0.588281225971392,0.455214482103285,0.169737980012637,-0.3848334800329,-0.979796011092322,-0.736916348782305,-0.211787437193288,0.0338716264333705,0.228220007379748,0.682887808082944,-0.094474986161676,0.15049921105544,-1.70807468253786,0.00111544363520269,-1.17494679311604,-0.188782545375227,-0.46485809292077,0.0622207327402151,-0.472455119231152,-0.0702845675638636,0.547430464262193,-1.28709328316518,0.708198334993961
"113841",0.301683566571128,-0.68950719868393,0.261652904012208,1.77374445739037,-1.40596466081823,-0.527363359391177,1.2748713759178,0.689535029705461,0.163541491413821,-0.0520539501005829,1.34051959272444,0.227795215199624,-1.02822077796934,0.116765150667074,0.894675606584487,0.626247316629453,0.933226321644919,0.20396291688972,-1.1721191288963,-1.15840338427425,0.681110232740045,0.204674564657755,-0.0814620150393955,-1.12802619562316,-0.0619124814172846,0.416269290970789,0.901625101471343,0.284791834689898
"113842",0.138174589819231,-1.02506719622662,-1.41343332494423,-0.767182734398053,-0.626640263545588,-0.127275568547842,-0.488682650068254,-0.416927713381501,-0.0835893370004602,-1.97609873019377,-0.599654470175959,0.361424246105973,-1.0777419175769,-0.156160037116114,-1.01240849528715,-0.315744420169067,-0.101990120377039,0.526011855794164,0.67763437731108,1.12694586527464,1.50027459852445,-0.858168614842451,-0.312331804368087,0.548557700627687,0.16641963426232,0.783507617760312,0.446501601411075,-0.964380674970272
"113843",0.352513105892623,-1.03295179643029,-0.138744248204177,-1.22759643911623,-0.457088524163249,-2.02906715793099,-0.0895272948146123,0.032012591337512,0.0082430279539835,-0.868796446227145,0.343054107856839,0.0602714048561345,-0.373534265421545,-0.24092628906468,-0.562583286979555,-0.897953395878066,0.663728638533529,1.29636732188607,1.26332864525266,1.25163093044202,0.397934073865924,-0.860918180874625,-0.363731911823798,0.912413578574717,-0.649216697186886,-1.05051279263483,0.303907136488598,0.864321636645602
"113844",-1.24739617877096,-1.82621233142994,1.56114794259322,-0.961319616611506,0.00425253428860905,0.923974200926462,0.00951481437684297,-0.571843556066591,1.57144266401921,-0.128512032807304,-0.212975649571372,-0.823845103541804,0.943124756754786,0.0165131251512343,-1.38631534151573,1.49347968785962,-0.84106137407431,0.143918139264798,-0.605299918945209,1.06798195069989,-0.13973123777289,0.31173747186699,-0.566642987379015,0.777837915911267,-0.24058595307907,0.338819351612843,0.0665818324856481,-0.374046918186804
"113845",-1.2389311204885,-0.991939681818247,-0.330464652976589,0.39128820701747,1.11482662484239,-1.34492823421297,-0.435481996859204,-1.46577736464896,-0.0896683838228174,-1.56677989538265,-2.05320077098542,-0.684311487218518,-0.528718173673308,0.385515898045587,1.21180766320523,-0.109037777881529,-0.32486412315397,-1.54807843588597,0.994365124724608,0.0392206725714881,0.34520362594077,0.472989585440571,1.6378068560619,-0.159301233649711,-0.286920472472344,0.526842905064671,-0.622171294487477,0.202103470490915
"113846",-1.55062625880046,-1.26412512788203,2.42171373004558,-0.560434571077328,0.0447024383531815,0.614552964905565,-0.0372122098988137,-0.505564923615841,1.51451773764308,-0.224770550240216,-0.284225231040188,-0.974559512646816,0.745272369581204,-0.472965760505399,-1.45076639430837,1.27705540430256,-0.694975229640932,0.214573543697893,-0.443693150521253,0.758903489617658,-0.415176461351403,0.572263163973787,-0.389669749634379,0.790831970679101,-0.599554507869286,-0.938208871950243,-0.200246743095759,0.487308861538251
"113847",-0.574128717430544,-0.121513654193924,-0.854017642864779,-0.552747213904816,1.21607426964929,-1.53801298788186,0.598722575544787,1.25252607695745,1.05158895357288,0.0955298167101715,1.02889405572771,1.49478021265142,1.00935309546872,-0.738773426324591,-0.290508711421606,-0.157232129808664,1.3588963721153,-1.21386629689425,-2.15382578849488,0.388077694700722,-0.830525219004001,0.0730193446386045,-0.831290760806698,-0.417595118604447,0.673963791255154,-1.4293303719759,0.108529191532018,-0.401545032661233
"113848",-0.848509391355524,0.262711125124813,-0.438112391556794,-0.0429769307712996,-0.988785062189008,-0.65997577232262,-0.468602142971434,0.486232014560464,0.353746102924301,-1.34089445398796,-0.375642364542131,0.020097549784535,-1.00505542443917,-0.283419416905107,-0.662440941332918,0.10042995426716,0.797770069247888,0.657074720903828,0.884116369872478,1.48237905628521,0.878997799301112,-0.508289676873543,0.677251804649337,1.05229534412238,-0.273082258974665,-0.561296590464234,0.443913391836125,-0.488694639206137
"113849",5.9137198891601,-0.696297414999162,-1.89346538395295,0.975640435020172,0.864204850169741,1.34729035451195,-0.912498393072926,-1.14976666363615,-1.92566646149489,0.612327475162206,0.538218662134572,0.416441106624128,0.555344464393182,-0.689807658851144,-0.259480260119834,1.03027123950435,1.11504091583643,1.36101755541515,0.955677277659239,-0.938516975082857,-0.580061694716303,1.13208797037429,1.55406748690601,0.960479826983205,-0.806758386745304,0.0222088754867682,-0.00484207486586057,1.00017161236672
"113850",-1.16992741832613,-0.274393626941002,0.589121525535902,-0.411342016920594,1.13759287228902,0.497224190384849,1.07352127506022,0.148794457335034,0.115376399615406,-0.869687125893224,0.427107106665078,1.08054304097051,0.498276573030322,1.58291705037819,0.878048632558674,0.293547668530741,0.468095600439791,-1.64027151966602,0.196049554697292,0.941954118945366,1.37434739720649,-2.49061779144141,-0.0803930191033436,0.184292359308956,-0.806039960488692,-0.00782873102703718,0.0993876534254818,0.571057097869576
"113851",0.385702785973556,-0.859235951285175,0.532992487804267,-0.776234609830964,0.187750745786557,-0.162596038571807,0.0201914659317632,0.0195829715256404,1.66741731916442,-1.12265157824483,0.546315999398303,-0.113919854782946,-1.22071900349141,-0.426915355467372,0.374457244389515,0.660537892065593,-0.295396877650923,-0.0856185903930116,-0.632738480224871,-0.746115332546586,-0.367362060469136,0.0629229053187413,0.31862892374274,-0.197085623985821,-1.36684985915179,0.616653169683815,0.253975681633698,-0.212519773649216
"113852",-0.667106373664298,-1.07038926646073,1.24299207972089,-0.251053720002841,-0.145853120053808,1.18963425507821,-0.174139735485382,0.727050967546422,0.575273619958705,0.0236288818339529,-0.434358657511572,-1.57674365972373,1.56744408837289,-0.838866655514571,-0.0316821880383918,3.37007629549793,-0.196742028870876,-0.176220091002641,-0.632409790159413,-0.0356880518526938,0.270207214637034,0.63501733172879,-0.678079217735752,0.152464835849029,0.497526913412092,-0.124115219866378,0.137653321591681,1.27783601458256
"113853",0.062056060936502,-0.396042363357915,1.09338430995007,0.692696098405424,0.614434338389733,-1.75076260605849,0.533782664135565,0.686387721437906,-1.87989409945708,0.489316046891114,0.39537512318701,0.886232157576633,1.57354959885569,1.63553383488026,0.153688006104091,0.578385135225469,0.692191945387413,1.03013973476662,-0.847781326372842,-0.493041207359886,0.315036386953514,1.47820487231872,0.385629795855123,0.244987835241022,0.0790437969334618,0.465324043793713,-0.855099732411086,-1.1423874975922
"113854",2.82450885849139,0.0919161949415841,0.454907366924902,-2.70853710631913,-0.353234619254137,0.160773949306831,0.114470435269658,-0.217793497979409,0.629729779965237,1.81164723158367,0.547305916290209,0.0240298990351285,-0.319573309823478,1.286720973833,1.10228832962353,0.848481824891691,0.0794208458441277,1.08376574142776,0.518679711151518,-0.679343600361074,-0.753255567323616,-0.428442909197621,0.147038587356938,-0.967746475039035,0.559855721661512,0.502568184092379,0.0543859656443567,-0.797450390529331
"113855",-2.83596194007446,2.06318646097972,0.472168447517327,0.734493625640622,0.298439427955119,-0.608592512442533,0.0138399110593944,2.21302648871512,-1.07430657014963,-0.104059730443931,0.576770756396574,-0.120922406560517,1.14708408830993,0.534110239549558,0.0639201418224094,0.590238920048035,-0.625706122478651,0.0951757869499483,-0.293486626980658,-0.415843066421071,0.265437408522567,-1.20747937232559,0.693340025823881,0.439246118777882,0.10711944341004,-0.203632667158442,0.684028808752031,-0.635136255154679
"113856",-0.187817014494109,1.381594366865,1.31859113494999,0.547771792940823,-0.5948276192753,-0.526733224129734,-0.121393608452416,0.123619291721122,1.56846293016215,-0.595540870928509,0.377518483039476,-0.153626910344576,-0.432328927190686,-0.0144826985515118,0.298646603816776,-1.11681966148911,-0.501896690981967,-0.333754857867949,0.216222022380033,0.260059663981389,-0.02185209981775,-0.599316764236515,0.24974819966048,1.38619354594455,1.26894210637655,-1.33203350557541,-0.855158555717786,0.0164160151188432
"113857",-1.25415895058376,0.923422953964884,-0.704677420091018,-0.676949880025232,0.056005443440711,-0.0318447200571184,-0.636205693771017,1.9256235953543,0.236522459491204,-0.73484325555851,-0.0608881894513973,-1.02887608085311,0.183882361975851,-1.10450406742787,1.69177868754733,-0.754513593006883,1.4671783033459,-0.516316642934122,-0.883393958886682,-1.55672610419058,-0.245392054841406,-1.08058211410933,-1.80187636503157,0.277054292395166,0.980429938725455,0.839114329807531,0.195902193122398,-0.187686600953896
"113858",0.928895432557935,-2.03913066724192,-0.440256574331252,2.29851228218315,-0.672475978734291,1.11688389924546,0.610575454692727,0.401012094928451,0.0257792644451681,0.716240715126094,0.277965251172198,-1.65468345304418,-0.380141722973452,-0.526455633703639,-0.0391259308698541,-0.61645067418494,-0.594712150345284,0.414751217097333,-0.824125317673508,-2.01001193847581,0.49085756935737,-0.0989445731140907,0.579702567558365,-2.23946076537537,0.268628592117383,-0.367151614087967,0.956384684160532,-0.634770339431794
"113859",-1.15912691869587,-0.800095725413635,1.20919682656795,-1.69135808376351,-0.626046818418257,-0.178084120323793,0.452197868078432,0.643375268063895,1.44734792412639,1.66775211960277,0.364384886813143,-0.61838435960987,-0.0227181836364817,-0.867177612358247,-1.13301657369442,0.680372616798205,-0.195139312814023,-0.747505621792263,0.549199687308762,0.0595098957277544,0.594489759868082,1.42030642621182,0.87611893203842,-0.997941847015122,-0.827694358184383,1.3254355629123,-0.480987784923203,0.816429534874407
"113860",2.21258130210402,2.29633861640908,1.56218497409214,-0.505631208005797,0.563724876832417,0.420442165328996,0.597053576384454,0.374595109945407,1.30540956190779,-0.321396941582845,0.764253972832413,0.874470175911091,0.535538249073924,0.25414307600773,-0.136071191817785,1.04981930509223,0.98743750385745,-0.270298210562305,-0.619903030126251,0.677464266625556,-0.878691427438265,-0.00132531600657653,0.450641658879804,-1.19894562356644,0.550770649440034,-0.0370252061882986,0.61114060017335,-0.649794255416067
"113861",-1.66779386880082,-0.305552071394704,-0.648963292191184,0.490663695378123,-0.887971353769028,0.302774657767054,-1.84478587354253,1.5262268188146,-0.178571190567178,0.026391213850769,-1.57615727443187,0.685201241014496,-1.27486360329532,0.658150524760666,-1.22778049541333,-0.410027822012368,-0.819134333671933,-0.739424443943766,-0.578854835039544,-0.383666237804073,-0.717032943067475,0.85362034204606,0.0131093006441649,0.069800300291571,0.0218960160901323,-0.319115682930693,-0.155167843894072,0.372777776958581
"113862",-1.4867040401221,1.9860025256388,-2.4816439805311,0.0669911182594679,0.571229694474349,0.459252370785481,0.624569613293703,-1.05577343219261,0.674917045310305,-0.534863925440098,0.299392793052879,0.283701108240239,0.792424981832944,0.436473459181313,-0.327113701583783,0.325035415757707,-0.216467855079946,-0.301673209194862,-1.07625158734663,0.810036007923019,0.567469232493845,1.05273100586541,-0.118864182572817,-1.07605078148315,0.420978688594954,-0.142065923645335,0.414087922740733,0.379117901565936
"113863",2.76486629316154,2.14411449169093,0.856210615843706,0.821974141882599,0.128677710008048,0.433126034008052,0.590179784634959,0.0831415349487954,0.730463280298168,-1.34492855881835,-0.175471186131259,0.224701506718063,0.140435457084457,-0.656650430358741,-0.866159865455823,-0.861935868807156,0.458332595863696,0.110224987083025,0.36779625425536,0.818858283515432,-0.441248906059951,0.446120640916003,-0.384192432036301,-0.546502398855894,0.957423180479518,-0.89103561271366,-0.830106238696533,-0.354429060205181
"113864",6.23170608755671,1.35409465312131,-0.73309430536578,0.493323764591521,-1.46237533343899,-0.75764809751062,-0.78959426610941,0.455738690717966,-0.43335403187796,-1.14759922265414,-0.651462209934651,-1.77847946213765,-0.501007139656935,-1.02520452367174,0.468219802319626,0.528884480615532,0.64373954527003,1.02295753836459,1.84677575694886,0.49203547748467,-0.530408851656878,-0.226356888313979,-1.07357489567521,-0.358712501228921,-0.786254686381094,-0.0599483225319933,-0.957951998597189,0.388217246002988
"113865",-0.260429067188824,-2.92289462479186,-0.0774197004671945,1.51119805044872,-1.57169915414785,0.147743286377271,0.831529921792678,-1.19406641456158,0.166717485964697,-0.101404075956637,0.574737354858847,-0.192672985570257,-0.629798221964087,0.706136047456388,-0.0459973172141645,-1.08388038873751,-0.166410856352124,0.112538560656523,-1.40552531161235,-0.287939275665792,1.35383852233369,0.519819142248616,0.932914991445742,-0.695757409845088,0.378146684962202,-0.931581284111756,0.686432704342015,-0.280051703177498
"113866",-0.683038100929831,0.305324049352275,0.481965617539475,-0.885394865367753,-0.850086353035253,0.245185721510954,0.388543217189153,0.765173362151064,-2.36713425693245,0.416669193696325,0.926743720381325,2.19190024162702,-0.981567856501267,-2.27544896485585,-0.514732223028082,-0.261431767398045,-0.809235428503989,-0.845309650866101,0.889089906535468,1.97441621167169,-0.370252695169066,-0.45723612058746,0.623284856076969,0.573692169767361,0.104112096965986,-0.00493013917328011,-0.20781283627231,-2.09202739925323
"113867",-2.22025581373945,1.49185383958005,0.235017297716956,0.0348846897517444,-0.0757930444936281,-0.830216804323239,0.551486880575526,2.44824327554992,-0.567149674528733,0.010762828726562,0.56576391366122,0.351652490650764,0.875002557740064,0.356399181278549,-0.691581324535605,-0.35323589936591,-1.45117262901563,-0.537024900231031,-0.823356995579241,-0.687898804832713,0.424381836449892,-0.581841459812701,0.533691320276621,0.324045318575971,-0.177533477754701,-0.150729931605585,0.29173415851421,-0.590035098508361
"113869",-1.39646833190598,-0.130130531179667,-0.620778185159052,0.654348859925351,-0.183677537392911,0.957535535707414,-1.55200318245406,1.96994961975376,0.242076176357746,0.52567879479835,-1.04477402275653,1.11326709804486,-0.860052490003012,1.33006787353394,-0.531743188598815,0.396090522422175,0.00110675889623994,0.317465268164294,0.564783239370206,0.281650398208148,-0.209425147258244,0.597209057104996,0.0938439411191463,0.0477962072427657,0.172202586150454,-0.0323051472141112,0.0506562645785694,-0.00177499005918834
"113870",-0.927728924983546,-1.92494604967323,1.46109410448201,-1.34667691495811,-0.327007880055227,0.311883434588936,-0.295991927924146,-0.954458080774004,1.44620782160247,-0.115613225695126,-0.321117552285364,-0.582747213648559,0.768723261133042,0.155548643481975,-1.46212690140064,1.62985174962364,-0.914777702755936,-0.168666710853716,-1.07967090670453,0.840162673378425,-0.113572997696595,0.423594235523412,-0.608895250023886,0.67601863645576,-0.363955759390923,0.443201580679492,0.202799135082481,-0.420792650260469
"113871",-0.683922146446226,-2.1409030700517,-0.871984851593026,-1.35041651537425,2.75332343456051,-2.89060124670934,0.325044104412412,1.33832308914233,2.57451838037188,0.914011132000447,0.218435864412145,0.838106721791584,-0.109462116759982,-0.492507629243046,1.54206614973325,-0.436993910568009,0.646120949079295,1.04938813207036,1.37160503379279,-0.4867466257104,-1.04215958842486,0.158078474275824,-0.00701473461503643,0.0417401522391607,0.216791372398563,-1.84767024086965,0.358644373206132,0.550174495451754
"113872",-0.20120499614793,0.543060240825836,-0.562664599387689,-0.339489777884465,-1.01686929338568,-0.679746269446139,-0.31636519116995,0.705024606552667,-0.492652063866627,-0.530046108634041,-0.342816367638799,-0.0798302547076113,-1.5047765978098,-0.745734568664041,-0.818519302483974,0.116334354859901,0.18358775976388,0.331395276966262,0.46132821815862,0.289039628120945,0.548322405599798,0.148197102778781,0.287445615383454,0.264913779327311,-0.142624573838456,0.550799248364798,0.077998994158303,-0.368812566077208
"113873",-5.02177948986747,1.69567687155821,-2.52051276866659,-0.618331596966404,0.0136718390048024,-0.42961069885366,-1.76327538737419,0.276860736889496,-2.85347085719313,1.55122369117599,-0.146539798656374,-4.79846305358731,-0.731962956949065,-0.614971915885858,1.72056538011026,2.93875945511824,1.2389861225632,2.8941252146836,2.24534726203565,1.47351028575972,-0.330276650217006,-3.18999302642782,2.52738793040603,2.18513241625173,1.02875034768412,-2.52936561054903,-0.0267936319635572,-2.23553814712189
"113874",2.6821510782358,-1.0265500794189,-0.00866658464275347,-2.684614873071,-0.080067781106694,0.618051777864537,-0.0904265300143313,-1.31580743231514,0.710572102908399,0.0269435810694042,-0.0520265118695053,-0.235952140090856,-0.212932580537387,1.1057527606157,0.493442360988563,-0.204602719092911,-0.690834084571347,0.755699656037921,0.344269492417848,-0.134861790886272,-0.220877017742902,-1.22003349691273,-0.16872683928972,-0.406473579512799,0.634661893636721,-0.114195650486745,0.173757891794533,-0.744236423611013
"113875",-0.339433507331553,1.11517102500583,0.931313113726331,-1.01972605992789,-0.726465391758261,1.72909026532303,-0.440005907859744,0.515473239240581,0.0498129869373403,0.914380298424793,0.034182936807643,-2.75540086164654,0.24830718803323,-0.186065075183254,1.45728163499876,-1.16477925267792,0.694137294221191,0.219512532770804,-0.362236878633852,0.0218721772591696,-1.42159002422879,0.760220328391864,1.17441236293889,0.386549288248027,0.958038821498228,0.970077808254094,0.104514250590363,-0.324054966603506
"113876",0.268862711281374,-0.370953133936945,0.832334687778193,2.30054612305721,-1.27784184405087,-0.366398553452678,1.24019758667259,0.744863976525477,0.0727262121080277,-0.217176100164561,1.16359850258839,-0.252216310258721,-1.06353088718993,-0.121729129312189,0.900416342324831,0.39638454314294,1.59033714782559,0.91536981050649,-0.530284764973962,-0.918874288117362,0.169511098448106,0.360870811502093,-0.0815205202625736,-1.2053334690314,-0.372315114644237,0.307362304019862,0.905645194275372,0.478256671466885
"113877",-0.905003574335078,-1.82568119305965,-0.754217788313323,-0.0871669468507575,2.73825900547746,-2.4905166817621,0.532041824937794,1.52351179727192,2.15792080100084,1.11757514630875,0.0459039469425018,0.446991964820696,-0.583810074215646,-0.529647157491078,1.1736940158712,0.0271880845740088,0.6168845158469,-0.715124086974619,-0.414293898811118,0.576834538711915,-1.0126784348009,0.2223056205526,0.262569100439972,0.466256818026452,0.123666010124259,-1.0644991712575,0.368123158933675,-0.180236082969468
"113878",2.05388863411405,1.84552172004636,0.659182413425225,-1.70251630242147,-0.549201928456049,-0.52085313216772,0.579117719702529,0.0597222492257391,1.11182019065574,-0.698453888649263,0.128580267361733,0.55312126717155,-0.00354414531864596,-0.103850219713481,-0.80796852493987,0.333984840330934,-0.0871808243723659,-1.19977507196054,-1.7360370577032,0.104945507399307,-0.890988965594841,0.662172603908586,0.758596324060542,-0.758758693111311,0.656845510847215,0.0902226838351824,0.558358968292411,-0.494731122649777
"113879",2.51618107349293,-1.03253367024099,-0.4995820511522,-0.211890105387679,0.758483963983415,-0.83662561061971,0.431002878503031,0.323030169316525,-2.18298561845674,-0.127788084523547,-1.1726234940259,-0.85103093171481,0.736902682445357,0.724220215792491,-0.177579222768381,0.0389643937807818,0.14010598871182,1.2474961573786,-0.0276971696359678,-0.29018219364095,0.605440760236671,-0.0642855295701208,-1.45777223261232,-1.11439378600963,-0.306655845829902,0.237794480564504,-0.53292626996971,-0.892708575614724
"113880",-0.361565803304107,-0.0209764390400232,-0.744870571713186,0.814156252358759,-0.559519043980908,-0.356711464814716,-1.48936012615263,1.08230865422088,1.12776688359846,-1.00384063321664,-0.145582951849273,-0.0096385494973782,0.44795001960138,-0.256050556282862,-0.299110900859532,0.818038289212852,0.392725225633136,0.130123585442682,0.779876902511919,0.702733887344852,1.33881409802911,-1.24880112792835,0.965070411644413,0.190537473037027,0.305419438856603,-0.45453523927342,1.39824698556854,-0.763322755157449
"113881",-0.471749920467527,0.784986418443349,-0.0875715549060191,-1.69453789528186,0.837114365485442,2.08169974846409,-0.013110792892269,-0.136165349257465,-1.06698189881657,-0.527023888470745,-0.151928870631516,0.671093571471219,0.283355454004843,0.422759308514108,0.221004315255684,1.63198171532374,2.58906066039392,0.148282237844989,-1.08638164290971,1.39265768931727,0.421316493313616,-0.307487352462857,0.542968249198453,-1.28816832298414,0.0954531417433293,-0.302678736177283,1.59692587599417,-1.05032037887246
"113882",-0.782003936101416,-0.313574872160248,-0.83591808306469,-0.257503270026848,-0.346784924236112,-1.00147728337816,0.746471662155913,0.980044012690599,-0.171701216423307,-0.632653067452156,-0.7710985667658,-0.652034904477533,-0.970285358185599,-0.58931254417754,-0.0476456422032024,-0.00516592829043174,-0.00924210241013497,0.0187437705101452,-0.232787738284707,-0.453063678187775,0.205948691891327,-0.0531873494270944,-0.468106036691852,0.877319502397563,1.88443592373209,1.2976921766795,-0.0765771621327578,0.04195679869065
"113883",-0.454979214690554,-0.101857436320497,-0.697695211872494,-0.22446450039533,-0.973660320485533,0.0343050498952575,1.12889696261012,0.711992292587189,1.76258368644833,-0.283951845487108,-1.09011514985399,0.867590165907398,0.367919300572964,-0.527488760251843,1.16724561275664,-0.0933124335776265,-0.608136139218239,0.057117574705012,0.675937134002955,0.331824954483218,1.37503954977716,-0.230750653040421,-0.685499271639277,0.126163069651946,-0.615997950318849,-0.741459202226,1.87712783323298,0.793873856924429
"113884",1.1077397944487,-1.1388328927451,-0.0152416660507256,-0.0904995070345541,0.561035334461942,-0.919413684243248,0.0167877319094837,-0.524317438437796,-2.5026987749732,0.147711355738136,-0.511603948327657,-0.337037317478647,1.06690617889085,1.22408181676009,-0.0991311346634491,-0.672317747273484,-0.269718063370222,0.752422972887463,-0.599930034104234,-0.246661919430491,0.348417281386355,0.0785639059516689,-1.26044772070901,-0.737278335816764,0.217122606085716,0.955244421305871,-0.581753453516042,-0.998194180401324
"113885",6.13964583289242,-0.27035468797475,-1.25943655560335,2.40645056249044,2.3562741727196,2.9080346899656,0.578281963821109,-0.247225747020728,-1.80995136825405,0.461455647229825,-0.367706163346478,-0.157061225197822,0.0619905078229175,-0.602080479923677,-0.725309272193968,0.814537583890809,0.633220555182438,0.445610582575863,0.0597225179028017,-0.472781440293727,-0.421754598067532,1.33091663720461,2.07437208287566,1.68620959276089,0.101997680789265,1.51498548380865,1.2975210867069,1.39760811242493
"113886",-0.376869660449345,-0.849161608214087,0.666316231281605,-0.88343447313456,0.329934098396585,0.347500481717282,0.920919000052516,0.301093447452946,1.01730032251059,-0.880912623475234,-0.110765176916387,0.152391893050791,1.05301403831894,1.62341750847829,-0.454294652919148,-0.229618926653558,-0.758492430476633,0.35279838428294,0.182799944853801,1.04893732455248,-0.151560878885158,-0.842666434705122,-0.105025560838639,1.45417603096392,-1.1559421500275,-0.537898898975525,0.00612752050402578,-0.667623632474491
"113887",-0.798173655692739,-2.00639632447749,0.162379763502353,1.8509944294451,-0.882176182829068,-0.19999403824472,0.838003805621889,-1.29680391667415,0.272072974388042,-1.28122569387976,1.06664855792784,0.0771914148659091,-1.19183619898547,0.218195803221379,-0.555324036761927,-1.33232785417567,-0.805717811781062,0.237829070939311,-1.11169051578187,-0.726238005145797,0.607960971504699,-0.66851387857489,-0.00190700366544796,-0.616584699354447,0.177461411718042,0.640555615011912,0.918050206820941,-0.680757105979105
"113888",0.364459412814916,0.033724759270222,-1.05727319191905,0.158199607395754,-0.54120457637072,-0.675156371218672,-1.60576127898592,0.43144858411125,0.0240465848267825,0.0482286158925733,0.137200457305698,-0.111162331422445,-0.782787114595205,-1.04196031631486,-1.38034520445001,0.280179971102934,-1.10276067642607,0.136221942196766,0.738452171392925,-0.467825341068368,0.971097072559946,-0.614783097979421,0.52773947396829,-0.906806224328523,-0.296994460114138,0.31935782934576,0.0224114297013424,-1.58489696352958
"113889",0.471428976020904,-1.23993037810677,0.227460120166177,-0.694988877469301,0.877826393302897,0.548927145180967,0.17990934759814,-0.333124762149771,1.65622193163658,-0.803443105289569,0.769642109997149,0.166961723747513,-1.17963851327478,0.407670213927186,0.571521286217891,1.17494072145074,0.0171184625449857,0.672661190634432,-0.063762424989677,0.0588329116860117,0.159373232083555,-0.125292565582755,0.334527940832426,-0.194008618427298,-0.859222605495132,2.20914959702018,0.609393193210656,-1.32032954266633
"113890",0.404430790052641,-3.00764822929029,-0.706078147701437,2.64385859014997,-1.70798783252637,0.214565636488027,0.551025064529863,-0.346724666441714,0.589615357428587,0.173727969577564,0.541895601354593,-0.944025118609951,0.328397979948802,0.425612502480765,-0.458090265431985,-0.455894949775568,-1.0960303173811,-0.134935890055496,-0.98913392230306,-0.429659309489173,0.694932046200467,-0.50807092175736,1.55094725115567,-1.03883995327109,0.52684173200268,-1.21194462668326,1.13326297634079,-0.55195922759302
"113891",-0.74188172719698,-0.094769504675716,0.119344913132389,-0.736323161160308,0.110091070291906,0.517365873777012,0.431855614665412,1.09605630272253,-1.86959052140904,0.504918151749132,0.745136475164418,0.805662358344721,-0.40238890649605,0.512783942063266,-0.187540470354614,0.57452327861773,0.88263461853565,0.23077834516467,-0.635191323005417,0.275084521396838,-0.385316111550757,-1.04968519268075,0.468822199186315,0.788649433451443,-0.486575716692184,0.198741295232264,0.78922776296579,-0.365131206030817
"113892",-0.856870025339121,-0.367033017417804,0.315974926621656,-0.815958369135469,-0.0689040742607731,1.45934076782985,0.171086303593612,1.01283560177692,-0.686769225772275,-0.348539143182015,0.0657084440614508,1.05047265012403,1.69652326864778,-1.80062500897387,1.91640921644912,1.47573179357522,-0.456216165948795,-2.43596808718961,0.820522861773456,-0.397186731088014,0.318804469084479,0.123370151178055,1.55741820842136,-1.66047864582504,0.568119375464831,1.03908296647618,-0.917132073045656,-2.13085149424904
"113893",2.05908783046711,2.12447137308911,1.39685886604938,-0.525597262173092,0.18526899081951,-0.307620114536262,0.884767928135962,-0.450511061511519,0.407680723214171,-1.01501546251437,-0.384322276610745,0.168492529662618,-0.585514265853335,-0.30153989725894,-1.37335044900947,0.522531414721524,-0.654309673644134,-1.35533071668963,-1.82011295864375,0.176009738545923,-1.20672748025256,0.37869123955515,0.997692131202262,-0.591990752697194,0.930656451112592,0.00669486694273524,0.791590130760099,-0.00563380043210988
"113894",-0.665791360847771,-0.0564998853068119,-0.818274258726205,-0.291041580498194,-0.377758132112903,-0.94057091591488,0.655941538701948,1.2975424822893,-0.295427334688086,-1.077944632044,-1.03791515725191,-0.840037851460588,-0.883942774207205,-0.961300678677956,0.368802986760805,0.107632092338122,0.27809485699485,-0.484879515970862,-0.726618494946226,-0.857733290257864,0.378051520045101,-0.0842509430031642,-0.758427841257375,0.88727580061879,1.85196520615664,0.703826341087449,0.0503593113458545,0.76187313712801
"113895",-0.0454903292794064,-2.11386578054392,0.738325780095402,2.34369508363604,-0.44792150894282,0.571486707445794,0.775074090102479,-0.94196101634762,-0.448481719769874,-0.803492697983489,1.27430488485639,0.335795127393263,-0.256337741658802,0.803536020142835,0.410144884651589,-0.462339298152084,1.10377726432731,1.09506571784793,-1.15323016398489,-0.866599113380308,0.170593789376917,0.0592872653678678,0.50708012087134,-0.547056238487425,-0.512792951523175,-0.31523574217584,0.455493422611983,-1.14228563551122
"113896",-2.33121368111165,1.72217095517448,-1.59135673587289,0.444124992001556,0.249051755217938,-0.0106625518957104,0.597738089494282,-0.597879841912012,0.33419103737084,0.672945365985267,0.53717336272211,-0.73909902982527,-0.755963563835935,0.254518768468068,0.274096611170042,0.240843836083493,-0.757676679790367,0.121045979631398,-0.46550120927122,-0.211211238606857,-0.647805171533413,-0.108043776717759,-0.926336952859693,-0.620660846328752,-0.279814343038647,0.479992356395508,-0.391663196280422,0.594498555553945
"113897",1.44697050407228,-0.463932066482417,0.97802549928053,0.475582801136255,0.998051147438799,-1.34069482703333,-0.200860163801141,-0.317334421556812,-1.9930794974471,0.555889074168695,-0.707799455587942,-0.601081252240509,0.820384639923909,0.738211181466982,-0.762529404039836,-1.24839163582599,-0.777338852595615,0.795828699517685,-0.378845863873535,-0.820395789511351,0.211965466815696,0.731189208145292,-0.364306625699963,-0.916140998577241,-0.316143302458949,0.0240806877725487,-0.301454828636509,-0.503154361190753
"113898",0.318055816309861,-1.01623513280719,0.630531418315275,-0.256991587452183,0.34324405162518,0.232039388277433,0.0523923264011723,0.125302660156349,1.7217343968755,-1.07565831662246,0.781819548046887,-0.110323365722877,-0.94953029124335,-0.569481024825453,0.260794118440571,0.490026752879342,-0.549639050736439,-0.283768970076907,-0.567304373771115,-0.533762091307776,-0.14755594507801,0.15090369777061,0.41048088490434,-0.23904120337264,-1.29490218074011,0.523347418832549,0.00443450685453876,-0.159782336423621
"113899",2.67101127664722,2.15134285024804,0.488424828132372,0.310387323929508,-0.556617712111494,-0.675156301792631,0.0420475678728518,-0.3231267117551,0.622806456546272,-1.13607459131914,-0.493067415794247,0.297295015236079,-0.176931547787742,-0.308810716932099,-0.852100250655326,-0.0621418527538202,0.585295664670138,-0.36595428868707,-0.506127298893889,0.674791925106586,-0.394131588189333,0.544766605514854,-0.02052657007326,-0.496509576602165,1.03736664926979,-0.564871901421115,-0.378416458868292,-0.860321516975555
"113900",0.0386312629749064,-0.409050572756044,-0.247681394324173,-0.273271401029687,-1.34918352749393,0.371755954224742,0.483089695296742,-0.824083874359752,-0.606942582129433,1.52170794488358,-1.28292960258771,0.319044244806229,-0.0813386546525127,-0.267565379720622,1.18433979968046,-0.493395834549994,-0.644757471947495,-0.0966700417422268,-0.129033647907767,-0.305340779787009,0.089779247110457,0.449137480711441,-0.9888635532849,-0.933942030179515,-0.717354292832171,-0.183227842796551,1.04997766630228,0.428548526071402
"113901",-2.22831545658925,1.59362203973855,0.344312603625578,0.461809927054973,-0.0473545641788422,-0.905214060418888,0.0224994298291781,2.14190021542425,-0.915757530616494,-0.172273418840138,0.48692395556328,0.135322359026084,1.09701601189187,0.301707093531917,-0.564115905201461,-0.135887471089706,-1.43447966854028,-0.755549407510839,-1.05111112431503,-0.909666268383713,0.104004523919494,-1.03568710253004,0.404580844820692,0.138225613174487,-0.114996022953508,-0.0895294088646863,0.561742401292789,-0.552116860905326
"113902",5.81198235899169,-0.318303768246768,-0.097694839369272,2.08048995497318,2.03432923410629,0.848117999586277,2.37062989041023,2.2800844340977,-1.79587973555292,-0.187488290402367,-2.10011023094297,-1.5853069344121,1.27914284818997,0.905232311698559,-0.753313178820092,-0.460386182141875,-1.04508461128931,-0.173002386358875,-0.39034818195734,1.05504135493116,1.5805244900575,1.77677308866329,0.699719499399019,0.486286676123687,0.248225358976492,1.67428530154288,1.74649452435394,1.56838507877219
"113903",3.60526874137755,-0.433585689912769,-2.91596471341082,-1.03912165654822,0.0620181820398773,0.391619905538473,0.285229091200002,0.58431648803698,-0.112578861057427,0.346011286964019,2.0763838280376,2.41395253345411,0.325346051542778,-0.791671437771125,-0.365145002499494,0.973317283017066,0.0329343918591606,-0.263321278820584,-0.531921782143532,-2.45175091993824,-1.77211477568061,-1.40245483998481,-0.698273314281159,0.905307441958749,-0.649875261412566,0.631370681677854,-0.899256763373867,-0.31916054542703
"113904",-2.33086928205952,1.84474544986579,0.566773365976155,0.517440956014848,0.364420882934903,-0.617777576115836,0.551651218986361,2.58099170068572,-0.454734179291305,0.250078578430204,0.528539186728464,0.177585757218359,0.809682379602731,0.497252498569365,-0.533748078462955,0.0769892138200047,-0.990062076185917,-0.104703235875606,-0.444277695344928,-0.297125528500825,0.694920104293831,-0.383783082470942,0.991801934353987,0.416255487048791,-0.123425827607484,-0.0622358367779767,0.561087897436219,-0.757251358031244
"113905",-3.36136934740678,2.12655158535363,0.276905554975666,0.646111268296702,0.437695388216694,-0.272641268337727,0.629857638864471,2.68382579439141,-0.64712598661439,0.320618904663765,0.716198331220883,-0.239964894732225,0.975672621214072,0.72768805628027,0.0554411078426154,0.757027585764608,-0.431037222876583,0.852601380898318,0.507585476066178,0.389949717111198,0.866024201261998,-0.569965405183237,1.48137510862895,0.962754830879859,0.313855685339658,-0.128409217723862,0.466810651754631,-0.996304894414154
"113906",1.6192315464809,-0.482586700741538,-0.741254960574982,1.06842105442371,0.751856520832299,-0.11272806643507,-0.695552223848325,-1.61096642575216,-0.196809490306079,-0.621148660826837,1.14200137554841,1.94271291095012,0.143872984577751,-0.227268735833442,-1.18976294365685,0.127038200597012,-0.0356544382943317,-0.235878292411436,-0.861757787145959,-1.21615077287747,-1.20977816227026,-0.158133127892146,1.59477432844033,2.29157942717928,0.277774629443772,0.807827442447188,0.724989776767114,0.339597319242194
"113907",-0.596849563368678,-0.533622946517131,-0.713066249629146,0.241747891482728,-0.484423143913032,0.461892765487655,-1.74458820307225,1.13886081083831,-0.361169689007432,0.00495278045892311,-1.53428500486723,1.21958858761628,-1.34646418038706,1.29315149588136,-0.993554491487719,0.0216848871318737,-0.311891168724968,-0.182568893585253,-0.238227710889502,-0.171137986173542,-0.779308340272566,0.370291886243191,-0.698762614356471,-0.28885408526714,-0.0746227088834347,0.614030746868267,0.187903750828739,-0.00709159150600001
"113908",2.05549219463102,-1.36659128377844,0.712605322818733,5.6899786594379,2.11785718870477,4.38507866997324,-0.0733819500058125,1.5638071861177,0.475144496090311,-1.55898435929962,-1.0717034496052,-0.267393706075041,-1.37382483179431,0.133904688454357,-0.645141783943791,-0.400578424889912,-0.347304896639356,-1.86525164031125,-0.896370418653565,2.56602391716617,-0.196882457026421,0.873364997996121,-1.56206825126867,0.286262525457942,-1.73160756192868,0.255071302035611,-2.03302100906228,0.207180154147357
"113909",-0.745084753429006,-0.568344623472903,1.0266881247569,1.46474732070825,-0.488434187766708,0.354823478174324,0.905579349521902,0.0667753044706302,-0.00386134099881257,1.42333628046899,0.431986228181228,-0.981067298001387,-1.78425438399262,0.343725087147195,0.799775680308416,-0.0122494328025434,1.66513707133387,1.33454473142178,-1.03443258274396,-1.56904812438647,-0.0672554719299638,0.154106056660907,0.408302013393927,-1.73760048189779,-0.268170392639395,-0.406195200817422,0.980879833347614,-1.24057901318866
"113910",-2.30058227583896,0.834062111929241,1.18430171819486,-0.269060877840847,0.0937058940579401,1.20732897088687,0.392311484846326,0.682777395500269,-2.83452727050181,0.160201208184047,1.36985457091732,2.56712269760927,-0.34590261051319,-1.7094059248111,0.987712236526386,0.543474834797168,0.0898156012194562,-0.678921840107548,0.958707455339704,1.90313935091915,-0.167447480681533,-1.41895540198195,0.20117485814424,0.949933506217272,1.28758777182903,-0.00231126839363149,0.272777258405625,-1.39896122168253
"113912",3.91728435459727,2.30212991638426,1.23858971882934,0.22643918216448,-0.229907140502485,-1.14263068401107,-0.948710641002913,-0.677732715438647,-0.185533584771795,0.166485044490166,0.653700975218772,0.229255430443082,-0.627854695127135,0.202893274172974,0.71415382414556,-0.409800137830517,-0.743087263886654,0.0387383396742817,0.759595159379739,-0.630322912896197,-0.0149874240674745,0.139976386941219,-0.0489399721034651,0.457081505002624,0.245931087180285,-0.139867742636324,-0.358471269623609,1.0483242144263
"113913",3.26887783777221,0.433542369113665,0.443364701678811,-0.377403608520102,0.155153801978174,1.02504514511296,0.686488315893792,0.013608429836167,-1.08456578934846,1.35278996294078,0.301064748666024,-0.677508197837352,-0.354847593418411,0.699058731205603,0.0932561849202973,-1.23307692814849,-1.6574054243455,-1.23496293410046,-0.768808745773654,0.619967039648095,-0.0507209418298295,-0.766532163334676,0.210121238325091,0.909696848145452,0.850861837654067,0.101902366784635,0.399143481698883,1.03339419521973
"113914",5.36136747726051,0.885276813425,-1.70393173011591,0.554100678746795,-4.39579551233872,-1.97812714724117,-1.43255949113031,0.316171199238559,-0.500199702593294,0.874872175858142,1.67272208899702,0.378902523284636,0.50772596045191,1.11298681175218,1.35179338252571,1.94864034824444,1.47405517939215,-2.66030231924468,-1.7530367127802,3.72597276145646,0.642071062648326,1.25133286253677,-0.0510545384381492,1.03846023596712,-0.95868477252963,1.96781667998363,-1.81250757577452,-1.50234770072347
"113915",-0.474855826416092,-0.230023952570641,0.466549736114851,-0.53793018972087,0.846889651328962,0.445718449479218,0.580961482846817,-0.00166749473702834,-0.0391509845486015,-1.13351218648565,0.248974168120542,0.522917154808053,0.684239876799873,1.43129764032301,0.877369679624679,-0.235810750605598,1.0252517444975,-0.958042653911528,0.721823578769574,0.962838329009184,0.523712356839328,-2.5990581601939,-0.479281372218144,-0.149141778598419,-1.44260658153255,0.542010353517557,0.274191536416614,0.283746101259003
"113916",-0.886708687358275,0.721023539471445,-0.561443524238476,-0.352685939559322,-0.652172666965462,-0.148673766188424,0.136645346382787,1.24537180785057,-0.11190165261203,-0.202573471962893,-0.0443277750820996,0.135269918204586,-1.37564460566877,-0.427919246395804,-0.38428095091545,0.447361627721018,0.527236855230352,0.509716818776459,0.629505896795077,0.577554580354367,0.857046942929198,-0.014999713782109,0.378034029880434,0.518961181573637,0.240286968512845,0.663435222257514,0.110831672320861,-0.629138960499551
"113917",-0.00977993313081614,-0.0223593019730611,-0.99503682914157,0.0809186005849239,-0.0119556122436782,0.2049495533103,-0.974688896098398,0.576522585740122,-0.0683854326757487,-0.0458094483177316,0.35556276428454,0.428282138892936,-0.402187391660413,-0.090914327969269,-0.394219137744062,0.716873633147748,-0.197371756991655,0.578129252892734,0.939342186328762,0.0399574955359208,1.10700843237962,-1.01065872164986,0.0467644737596485,-0.504511273752648,0.593352194861763,1.61008808660406,0.654082566643203,-1.48770814394909
"113918",-0.424401423142603,-0.469248219882131,0.749953305818868,0.362230788236359,0.692578255798448,-1.41805786978134,0.443690256417627,0.728065607810241,-2.12325122623624,-0.148398114379258,0.0665347877051783,0.487808574368705,1.54996941026675,1.06680220439177,0.262180496347126,0.143171625275875,0.273337554299793,0.445554829111867,-1.45776496325784,-1.28185326776577,0.327162296867408,1.07966896537212,-0.140954778045956,0.219908809507888,0.346046036760317,0.170303121240354,-0.915094879579263,-0.812882555451253
"113919",3.21547752525512,1.03847816161681,0.370255622133759,-2.06004440588043,-0.278235215737531,0.514793185268715,-0.000801808990114027,-0.83730428352081,0.299717861639196,0.446932001918027,0.336269306052459,0.592785411461951,0.786176044600245,0.794208467709752,0.124713745908955,0.580542214020969,0.591537825905716,-0.349556970470051,-0.974530579130157,0.606965529233668,-0.362729206346477,0.63384143036563,0.815753170565298,-1.26273873739821,0.50338758717902,-1.01529218562923,0.16581680992978,-0.701091506784227
"113920",0.0903441896146939,-0.64434205840769,0.432606531271535,1.70782558770859,-1.51968685069382,-0.458973823732301,0.922521536360437,0.543655577807415,0.218189688196646,0.115248988359458,1.83130832729537,0.444312677876654,-0.623767441093389,0.270767710356052,1.26097222214463,0.309399329425928,1.30221261625593,0.489542322853741,-0.830948854008674,-0.89425247894022,0.960654043438931,0.68544839380272,0.0728438689364114,-1.04077795466324,-0.187427368867682,0.437707091286443,0.726427044979986,0.367572100150515
"113921",-1.01240556448761,-0.777972883537909,0.453330310770716,-1.03137222546796,0.211512354349038,-0.983642362141627,0.26123958248068,0.209564347763685,-1.99182487205802,0.217312964103811,0.570585119215553,0.194355142728471,-0.153029604754373,-0.157114329143435,0.275303318723784,-0.370927805205594,0.693493539721363,0.63510613198888,-0.487566835748354,-0.828569991193098,-0.326008308914681,0.042534322875558,0.058154323016694,1.04612866538316,0.290359408540147,-0.95786831997253,-0.490617321808873,0.843587884741572
"113922",1.02614219852436,1.22534190003255,1.11791802907722,-0.498470717166359,-0.593932877720378,-1.02701323097456,-0.286984946584865,0.356945508933035,2.33012002593549,-0.217959889567617,0.444473734275713,0.509126615801167,-0.262786162022388,0.587855168795131,0.712566715025375,-0.606687804804721,0.46409479948103,0.801034641008257,1.01917361001654,-0.0975386960858949,-0.0731319829628609,-0.817803601712143,-0.270624889904202,0.625474853523994,0.855680314121883,-0.969055613802696,-0.359111585715817,-0.520556866056483
"113923",-0.0862932578022701,-0.0634071947295809,-0.578235874972892,0.656130206427415,-1.10830136602396,-1.00521581316362,-1.74056276377731,0.358300057350699,0.600907202008453,-1.23075035813236,-0.218611752841823,-0.16547030786336,0.0406729360649804,-0.593011205815345,-0.889286186724521,0.130060176538029,0.026066129564591,0.216257558779618,0.870882105410542,0.672401430149136,0.742797789568974,-0.94559918369584,0.902628172332985,0.183458930148779,-0.337672577698708,-0.825885260919253,0.854099553178097,-0.528553275528192
"113924",-1.51639901200869,-0.417487385148069,-0.673853523450822,0.845256677318225,-0.0222934233255151,1.20813149229753,-2.28650003508543,1.69579175661903,0.242337715669818,0.405543005660518,-0.815093429509087,1.09827858558036,-0.257557345086378,1.12969545715079,-0.496219398694897,-0.0698543035885241,-0.466768920205941,-0.085828671641583,0.296118681373043,-0.353913254834768,-0.251943916885065,0.188651109482485,-0.236133881759077,-0.442898944370492,0.315505262229323,0.137771315958811,0.138098553095114,-0.148340443426034
"113925",-0.904416124716686,0.695615013829542,0.49468224586267,-0.379665281774527,-0.479252885198413,-0.769787796246175,0.634346803232656,0.921181871470546,0.736889405284544,-0.143588249292574,-0.541033977271435,0.16731566364365,-0.0453217012270985,0.514449327654228,0.664207522088751,-0.0921518994936738,0.534753970507891,-1.25566819923842,0.361144512193262,-1.15995730379538,0.237138593444305,0.125449134651686,0.50806039374939,-0.667438765154368,-0.542822694000401,0.591778919503207,-1.03223706231794,0.125100657761316
"113926",-1.405112452187,0.129270231816934,-0.329613581399936,-0.261954923367652,-1.39155540351269,0.951894736719447,0.501274424097597,0.0811472535102808,-0.129046347783607,1.65628653027724,-1.11441449822119,-0.415382455131793,0.301382012838497,-0.618295997228008,1.64877851051869,-0.916367900447166,-0.20135491497241,0.170344803348091,0.15889194234934,-0.265768606461321,-0.105797500610251,0.488371890443856,-0.627990684483063,-0.541963474134134,-0.593254693667009,-0.488248186625128,0.961151958124173,0.233259113318455
"113927",-0.399413054307619,0.0122337846278174,-0.0409962175871585,-0.886575126794082,-0.976638630426861,-2.44187848817714,-0.53769367549457,-0.0177411763128691,-0.345053922636184,-0.646928915175417,-0.451647569077223,-0.4352723845087,-0.996928785022002,-0.958696033191988,0.0858335357378401,-0.453488398048115,0.749982735833045,1.42192152681169,1.06686213199075,-0.985554081593462,0.0124350601653345,0.781248217589471,-0.405035595216922,0.293197949017156,0.654778734175379,-0.367515001282312,-0.749210946036677,0.738494441976629
"113928",4.47265877829754,-3.44898376455991,-4.56566902510166,-3.3343135416512,0.848239416200633,-0.676074343450889,0.201388438748694,0.815243249610483,0.424046307123718,-0.0253006519390837,0.00872802842508325,0.18809435956144,0.566252321807711,-0.378070737561749,0.63016658269933,-0.378945818698113,-0.793578969010505,-0.94721318092878,-1.06176668078292,-0.185055953837232,1.21937936817068,-1.67630567284757,-2.10363226128295,0.0458469515765009,-0.592875889393979,-2.25992742578988,-0.285781060986744,-0.0447612875574114
"113929",-3.70804013946006,2.95885035671346,0.613283715793168,1.71580017415578,0.928947114110967,-0.617013991843913,-1.53828190333544,1.81973274845434,-1.464959709737,0.13347879696045,0.728872439962632,-0.958188417832803,1.51550847777981,0.39660677265,0.723012952751037,1.94006711251279,-0.0952030567383961,0.579518238469654,0.126251094528331,-0.728630257122797,-0.0450457537863353,-2.62750817240219,0.952289106635676,-0.0576221495720205,0.0617244656193496,-0.774932450977722,1.07779025287773,-1.60270618263625
"113930",-1.31437965772052,-0.204171761519093,0.386922844069085,-1.14034291092892,-0.362511504491924,-0.114752762014193,0.225266304877269,0.338689492136641,-2.28515303421017,-0.000603725689333909,0.377130184996543,0.351386407560544,-1.03999212281037,-0.444680577020967,-1.05741533580785,-0.901357358244498,-0.225047205638803,0.0342452405147331,-0.743477147771095,-0.284115601918757,-0.132619755883034,0.284607146482099,1.07348513778584,1.14987780032015,-0.729833458458153,-0.886859797100543,0.0448848632283225,0.629162438008071
"113931",-1.47590371703486,1.12240348709528,-0.433392551975296,-0.398198634512313,-1.41993546737399,-0.679460933842498,-0.340994807587511,1.26743295055617,-0.139971649410023,-0.278977058061559,-0.366041976042342,-0.741063370869701,-1.51917134394739,-1.02606738779812,-0.79066335919268,-0.592320077623197,0.364475422634192,0.126501212201006,0.147756053468128,0.423174678712507,0.287714051457167,0.838714456305437,1.04764144913488,0.884347088698968,-0.198763557878153,0.502854738407684,0.105980045406722,-0.483147393787728
"113932",-0.793525863615975,-0.106457591231662,0.627224547446726,-0.998916610602382,-0.0709600119980647,0.375464335131946,-0.383688162816829,1.16745178591346,-0.0213057449349846,2.19886210711293,1.5416430043115,0.511036504262501,-0.896819455131538,-0.857547264620034,-1.54068912274503,0.573406686889447,0.432986608865094,0.131744742487367,0.00741220659022462,1.96314045286518,1.08795082862736,-0.868973151382155,-0.913486032247527,0.550221985327877,-0.114788212462298,1.39449642469024,1.72638419063956,0.352896252073254
"113933",-0.174349599217095,-1.42494285822745,0.376228643766335,-1.44565661380146,0.558146195171386,-0.0154448652652949,-0.115410019667561,-0.875714510124715,1.63211211187584,-0.883439319976268,1.03634896801007,0.508657283960551,-1.14784834690799,0.264336341385745,0.459040216883057,0.461365212652142,-0.466582039468223,1.01249253440706,0.254662429263424,-0.766328896572087,-0.200798432577637,-0.207620728643004,0.101700155571977,-0.353161739146422,-0.874304538551925,1.51777675020467,0.159556477252552,-0.980335238615249
"113934",-0.647372582458079,-0.0117483503852142,-0.477953489445578,-0.196164190174892,-0.111915322452068,-1.21339364747378,0.0642007328691225,0.229859273232824,-0.749028941180656,-0.982767853491751,-0.891159645128174,-0.999732276666924,-1.48575624796759,-1.21395000017428,-0.127999365266975,-0.107055311151314,0.235265210234968,0.450940355823845,0.125558489929089,-0.634368400069686,0.437970995524926,0.131545666004387,-0.67588518214343,0.532575645581095,1.1577426508356,0.324081219766189,-0.675102397638868,0.155578118347945
"113935",4.12552942535948,-1.15453770037864,-1.93569644240566,3.67022756841787,1.7626871506743,0.609634324153332,-4.83082392079332,-0.584226816637311,1.13685842155629,-0.654966688068894,1.77641855018235,0.163161985117621,3.65731016111069,-2.76021332915765,-1.14867632837029,1.17353707933188,-1.49392069870118,-0.0893722878159766,1.17468336669801,-3.74505679267101,-0.168077296098259,-2.40770491492321,1.6333944060151,-1.42347992965961,-0.681831408241912,-2.51375078807657,0.631426797549038,-0.369967593200537
"113936",2.57990891728405,1.84145658864624,1.90656178157743,0.493944431187086,0.488094064055579,-0.156870188973517,0.690835941647229,1.08018882462883,0.523965868924238,1.47929489958385,1.55308265552148,0.502234114473764,-0.36891932744707,0.809672954818547,0.38429427530237,0.0983315398366816,0.0972987132374422,0.422026331648209,1.00538540789388,1.05353531732577,-0.476263424640224,-1.14718703353849,-0.0285982790057591,0.441479355088635,0.0907058609941542,0.335676369897535,0.404002267078872,0.514385048938263
"113937",-1.51452442370233,1.34652290558228,-2.23462076416235,0.179493646185913,0.229055330478204,0.0045795848485895,0.819235588506497,-0.505243773658138,0.461554869776691,0.769666925115979,0.309145973322253,-0.632588628317605,-0.809037904206284,0.663574795348906,0.191813035044072,0.727470671987991,-0.815717724404131,0.0873647841870767,-0.579776703418129,0.109391305032191,-0.268380924993192,-0.0581147011645808,-0.826358505657116,-0.606567943066779,-0.080465741799048,1.39598963024533,0.0489933574651036,0.122962524983355
"113938",-1.19603467055809,-1.04709622749763,1.37367863327958,1.11522131220303,0.51323392419962,0.407326446722488,-1.54970111916795,-1.3327616276573,1.42528388916649,0.51635990314462,1.39284007998254,0.291166307279625,-0.749760523080365,-0.614678098123397,0.222940417275873,0.645067384141093,0.12694838900941,0.078087614903953,-0.377624311773143,0.738143335008738,1.4802398501758,0.470109031879467,-0.912554119309148,1.05148440714239,0.804840733398745,1.27692264527081,0.170174791314438,-0.0361120802466049
"113939",-1.73802953170128,0.910523925717275,-1.71046302983307,0.64338404158621,-0.141278708654727,-0.41295687423474,-0.0311247509581057,-1.3942279757959,1.02788067150446,-0.114006833355859,0.716722742822803,-0.351425058448189,0.00149738346846411,0.831018205665095,0.158251559242216,0.0350514487926254,-0.333839060034021,0.646784919237626,0.343480610339223,1.30447765905755,0.0386176616649911,-0.135212309681522,-0.404494241697315,-0.0972833253076528,-0.846958416713228,-0.401942356964444,-0.21815403373895,0.521313152404107
"113940",2.44866595552054,0.661389576548287,1.16352526654257,-1.42267485746753,0.56301589513296,0.254074202483594,0.483787371205056,-0.0618295348497916,0.0315045071822068,2.2014945594165,0.453248150499613,-0.163531623816517,-0.806997670405247,1.1468506643548,0.18409417945943,-0.965497340989287,-0.540683389228371,1.08685780421442,0.877198812545874,-0.0803556358055605,-0.525837348695822,-0.992036687775861,0.113942896959167,0.0366044228834433,0.565248789230672,-0.230081722740333,0.449519953293025,-0.120708325270758
"113941",-1.23076259365379,-1.0788410140556,-0.0572489747172484,0.175288865799596,-0.716026313891147,-0.343045458479123,-0.0543010753437785,-1.48950512758849,0.324347218439726,1.6068225853846,-0.888231036379341,-0.243145901629537,0.10946595524105,-0.41104576496857,-2.31663622301454,-1.08054032140814,1.7545414722504,-1.30546252377791,0.387462989091912,-0.791355094648299,0.0933619940040539,-1.29921560120246,1.33937754607067,-1.52798913443136,0.960403299085338,0.150594678740899,-2.08243609594237,2.16535495037493
"113942",2.11436667113768,2.44028228263599,-1.97018000802039,0.975629660774808,0.236210234236463,-1.37096694352619,-0.13778622479038,-2.7110219217149,1.17333442740545,1.39182412082134,-2.03603455618037,0.196213475784267,0.266296613528362,-0.380956452014856,-1.84098996961858,0.516846638074055,-0.87455607891078,-0.618499110370915,-1.97293890968795,-1.45720447780451,0.640159310268395,-0.388108400230543,0.383147000092886,1.72675221662099,-1.8091185403216,1.80378292436605,1.07762191704018,-0.598913860820686
"113943",1.57096969422102,0.525847595206303,0.493989511246852,1.19012550397421,-0.888147623193287,-0.299467466221931,-0.555445503078372,0.536372444014327,1.75645602506025,-0.915646658502277,0.233837205720072,-0.385026601462962,0.64564932331336,-0.244186839257375,0.225556571607113,-0.722633791639565,-0.839769776146203,-0.734580728151103,0.345588464538804,0.32239443289845,0.459162365924979,-0.627050947919296,0.224148046861345,0.774499247172685,1.35361246866,-1.05694365491543,-0.512028020801151,0.261199190949566
"113944",-0.998835957695756,-1.48446498759176,0.630834535909945,2.46048881226067,-0.635595129541393,0.0528944722958409,1.52121019125214,-0.212322932682284,0.805961866285249,-1.20910534955897,0.669035261072721,-0.428840418945581,-1.26309086036726,-0.071284710268765,-0.587792118719454,-1.10577938011832,-0.381803225844059,0.539444655058297,-0.743003673921492,-0.657882599788173,0.238415241770655,-0.635340254818048,0.375706799409221,-0.46840099253868,0.228129895848127,0.0824861507030825,1.20094204756081,-0.260494040574946
"113945",-1.78164878063669,0.274322910397665,0.0497274005910845,-1.45932705095635,0.660391060488219,1.68081270800884,-0.369268049171018,0.881858959117383,-1.84251598294419,0.355725417141594,1.08204238201931,0.273799761834503,-0.281734953024164,0.0965342268123041,0.221873384862536,-1.45092068170999,1.02929565405645,-0.0960936379273973,-1.28056077584295,-0.140752797604743,-0.105825027103606,-0.590940464863121,0.00660512147741665,0.868920995744095,-0.838817177726757,1.2474889274405,0.738342604691147,-1.16841889880414
"113946",0.314753795417278,-2.93775350430995,0.360237569029709,2.43626950200702,-2.78112477844138,-0.579417168247673,1.33793605631794,-1.07533433412304,-0.15887643338056,-0.147309549609546,0.503902939103939,-0.674005714592007,-0.201064265089042,0.916460558950347,-0.921510288105057,-1.61460554287756,-0.264293495735163,0.871645363435033,-0.46246727570181,0.0597131789187986,-2.25042101003571,-0.878395418223744,0.463387670516211,-0.808191068358567,-0.151067027348255,-0.416895589149902,0.78968611078853,-0.127877767189001
"113947",-2.60238872188163,-0.881318874797576,-1.25583130332898,-1.80981402046754,-0.157758543306161,1.03572099004491,-1.72492846039789,-0.158262466555501,-1.23519238706189,-0.869836917967809,-0.265834020189952,-2.59385646856471,1.1015786358223,-0.35816689990145,1.46062841976862,-3.11330801521277,1.29359788176258,-0.14586719226615,-1.00934436362986,0.552202712344942,-0.0266602099878823,-1.38097738579755,-0.509125309998243,1.64975337737641,0.581037523080838,0.240219459636607,1.3391142841325,-0.102724688957604
"113948",-0.0768593428433384,-0.0417342286814256,2.0110682578925,0.206323971924065,0.389160196007874,-2.41212965030123,-0.997526332866944,0.189036574711064,-0.650376839506484,1.40772167005643,0.806189220979428,0.238602763011137,1.01276453400018,-0.313299839646952,-0.946799396087917,0.385096878520021,0.419569266944124,1.20555183539385,-0.107790836601455,-0.069517930373746,0.822756164343219,0.801975380965865,-1.84320815583669,-0.485998627312838,0.151732682906661,0.61301637947996,0.128693238554401,0.389776379140243
"113949",-1.200443667689,0.284685421858047,1.05362577384193,0.668019120550017,-1.75900755254427,0.214519693711705,0.707022775263092,-0.961826397917468,-1.92579093293906,0.497287061412282,-0.0890566745153225,2.94445155002716,0.429050694225644,-2.58044829787862,1.93102251519824,0.086689415322957,-1.27680641880787,-0.611655746410546,1.4623227538257,0.725827560933842,-0.693747666057717,0.494455357174601,-0.989207332255907,-0.466240768486751,0.450706899877917,-0.506872107276029,-0.310281037667568,-0.844742107708208
"113950",-1.93460574345768,1.43414181413684,0.362985353823649,0.724312027966346,-0.0380662449903071,-0.848808810764254,0.108300900376276,2.23428629907716,-0.781647300822798,-0.114955347011348,0.460474749752383,0.0929206092984431,1.38241794442866,0.467976764090974,-0.65408741773392,-0.140620007766317,-1.48519440473316,-0.429034296705579,-0.627012411794584,-0.759078451425094,-0.0378126317461773,-0.969130039389583,0.637471687682338,0.128735641102653,0.0610265186611125,0.25244951360463,0.845372591840704,-0.461317424548736
"113951",-1.30164914372509,-0.230678398024172,-0.580793947293334,0.509887713892888,-0.379348671976428,0.783799103629016,-1.50351627491428,1.81491911791439,0.0616271331891386,0.260728212414131,-1.29282652809682,1.09362855619838,-1.05074381285625,1.19912322787097,-0.689136916991497,0.126814784294137,-0.122216402349688,-0.0275213621137573,0.124761922409674,0.077637544848335,-0.366221199083665,0.718490382936614,-0.107796134245016,0.0647561668800331,0.151366715812115,0.0357119659818625,0.0730446406350717,0.261801757391315
"113952",0.718115064791159,2.76671041851981,1.04437258608255,0.529048039662797,-0.290389622656103,0.102877220148558,-0.689638786009275,0.100644637974859,1.06863873366173,-1.060108728976,0.0698965333140641,-0.200525767552345,0.98608898244955,-0.657678383231314,-0.212018333707132,-1.7413130634906,0.315390927945578,-0.679503834498583,-0.640429949954147,-0.175709915128043,-0.645090463175733,0.807385771772911,0.490494226208294,-0.0972113574043902,1.56253153788366,-0.605391121861813,0.0425405607659804,-0.309276553521334
"113953",-2.0389703095994,1.08451337824655,-1.30633496828412,0.761550671865294,0.401099074638746,-0.0818132366355234,0.381245571744447,-1.04382169510485,1.44176471294251,-0.00199569033191169,0.516348174954731,-0.516578827974193,-0.278872800394596,0.655197113329551,-0.111671555824999,-0.307517096423802,-0.387355046632814,1.01819614655996,0.64508740496988,1.07765889225779,-0.0859728804798723,-0.0940078756229068,-0.321825885119622,-0.184499306723189,-0.788797637956971,-0.465758516238103,-0.120679085087915,0.438416251736161
"113954",3.25705552997689,-0.856738136197509,-1.67659327344428,1.34235110161708,-0.0425886046710049,0.597129231935323,0.343757072711545,0.376658070345899,0.382313340303375,-1.08357165591437,1.18973832926317,1.61700648364464,1.60409834935071,-0.166168161003623,-0.19367563626881,1.00938561226942,1.45772794811092,0.99232020770261,0.967815985345924,-0.120207572349285,-1.50551707541177,-0.376925663819753,1.20875462134997,2.37820436909607,0.241470599684996,0.465827808969967,0.757957145405884,1.43576727219543
"113955",-2.20278010769171,2.31489558311605,-1.62882929524972,0.4880144742865,0.732610475136478,0.0232981345212976,-0.0116856370341794,-2.48808323984192,-0.129636507830332,-0.350925241443505,0.543664706597845,0.238199724674975,0.216025577777254,0.614774740138897,-0.705623038619565,0.0547251026869683,-0.138271038650406,0.393346651940774,-0.665043738337155,1.10485443596682,-0.211340946265772,0.908774165795756,-0.0481952409399147,-1.12829499832393,0.020386783378981,0.0691989155895717,0.054190922828365,-0.211267844232337
"113956",1.35635736532181,-1.35051220244559,-2.25931175052154,-1.57971117372088,0.522556981528451,-2.10266348790821,0.172151706947314,0.345831188291196,0.809513819493115,0.0856707923066065,1.16233513628062,1.94840891618672,1.15402967908868,-0.185675738980686,-0.593626151312254,0.123280998773239,1.06624555958397,-0.510963921120334,-1.41744917100554,0.985788747680162,-0.121375647577064,0.485463197608148,-0.934594070196493,-0.773738253138366,0.363119677145688,-0.324014203973982,-0.0803550912387597,-1.18447760430249
"113957",-0.165817084571591,0.270615481529005,0.630580645651118,0.65043331608141,0.327305590400325,-0.0663044868072366,0.122314167133176,0.562151991361343,0.929069437447013,-0.298576236535271,0.449917656472209,-0.0337864804062565,-1.5169235897611,-0.762644428107268,0.888833466725712,0.0406620086783863,-0.323759070698037,0.0728124647327895,-0.0935854167545723,-1.56649974314336,0.437263728504947,1.16654932644757,0.00976747754571299,0.238157471092314,0.0629394836541422,0.608662412708978,-0.806711617359321,0.314562343152131
"113959",-0.863180437684902,-0.819187343134696,0.427921076792894,-0.565152656091779,0.0901993548775516,-0.818700043198303,0.243655593299645,0.022648293538648,-2.47935727128368,-0.0651520372642997,0.51252420570083,-0.0415712810579545,-0.201126056952475,-0.339470373328017,0.202386242161529,-0.312657177452118,0.706764610365413,0.323686774411756,-0.697784302084255,-0.429083493726411,-0.394626030792817,0.0137908175977012,-0.0764074440043631,1.14633736419181,0.171168033726963,-0.950925975324273,-0.740989925595652,0.971989792828741
"113960",0.438175996529028,-0.753443054783236,1.12488517216007,-0.121178812882019,0.917417042841006,0.382691006163312,0.203280270560129,-0.342417051501131,1.37831390177293,-1.27817658372161,0.476000933113038,-0.326801501403517,-1.41651815587121,-0.580224271075529,0.0255458736598869,0.11956045444236,-0.610015104097271,0.329480290316091,-0.103802435886282,-0.600605104211064,-0.416292673066054,0.214774512588727,0.44833376226204,-0.140042147313643,-1.33297326705526,0.756393411642837,0.243011393473501,0.0645635979100462
"113961",0.671346163925503,1.17750922439873,0.287266641849403,-0.405239503050512,0.364028529495494,-0.360760465255896,-0.692749900729382,3.35336455209782,0.788554986189594,-0.0898426722389086,0.647247826242925,-1.03432547702986,3.02947941010675,0.141416512603569,1.46535750050751,-2.6964040751948,2.12766221708421,1.28032472408146,0.299688463282723,-0.547641547143179,0.513745140819146,1.80725174808698,-0.849722965970704,-0.410684442857033,-1.13620327149025,2.19887747903639,0.73127738896107,-0.738898116954567
"113962",-0.115277297777335,1.99979279993321,-1.61561526755742,0.950013225964625,0.104943059349822,-0.238499936975164,0.954774928361405,-1.81053014289842,1.8027164295338,1.42288608143935,-1.33651354775191,0.461114356424418,0.654616933305002,-0.258813525431828,-1.05930783724076,0.395814339358053,0.918127742372873,0.986149404944917,-0.544073300813498,-0.454632144862665,0.377447894834114,-0.487273737581254,-0.485805095609514,1.74317498928278,-1.35305858958414,1.6727178374707,-0.194153166084777,-1.02864901351892
"113963",-2.39252506000878,2.45112528696216,-2.13749267783285,0.199599858073758,0.300311980234033,0.00959679341859826,0.227724506567347,-1.61684679833409,0.214479543990724,-0.450401913443053,0.395113737335675,-0.0998808302035549,0.475686703681243,0.334570896330319,-0.436038324704431,0.209912669814565,-0.0826871393733905,0.120586041491662,-0.801487792668756,0.950905950707168,-0.152963924208641,0.923382187800236,0.136772665813633,-0.858267986964528,0.127559620677465,-0.49264715535671,0.083443986776104,0.14025383286027
"113964",-0.6002625534128,-0.655280553922342,0.625714018417024,-0.0608084913193734,-0.248438958352079,0.848740738065557,0.236046758452,-0.405484982841502,-0.611561410807042,-0.317710140713198,-1.95939023682284,-1.31323211562389,0.463748233091786,0.905886267083944,0.395840368596017,0.603051919906728,-0.326944784840208,-0.164048323980079,-0.99101357297563,-1.11935843519665,-0.830142986214396,0.350609249104083,-0.443168301938479,0.286771845209749,0.301454159158886,-1.08349986424475,-1.30758441436623,-0.791978530022647
"113965",-1.20603667850126,-0.0237358709199886,-0.522380149929957,0.551491231333655,-0.471730385766503,0.586942287405716,-1.44566041060228,2.09678956462967,0.347749292495598,0.600728699848173,-1.24829626153261,1.06805831550764,-1.14903480984482,1.25872395011487,-0.787710430897607,0.324548671245825,0.0709846015469308,0.0996865383244355,0.23290557027408,0.258157990220805,-0.520179347456222,0.763254395985521,0.11599528371634,0.0332990511034102,-0.120810342893461,-0.0674970033663295,0.0723457440212542,-0.0550256889740669
"113966",-0.523817370721121,0.692917653785707,-0.0307370311174102,-0.402259699012378,-0.986344138632779,0.430043024279029,0.530114968925232,-1.22224147744563,-0.136549770758199,0.732452655431927,-1.18988472119406,1.40061693034586,1.04075474817729,-0.294249934026171,0.538653234015695,-0.519035367425709,0.321387821549139,-0.169981379173651,-0.543228089389794,0.431094080381222,0.225176564764945,1.10808812841371,-0.297853235023693,-1.4737721273152,-0.4889698879282,-2.02681165591883,1.27365153256612,0.10794623742823
"113967",-0.945395742138352,-0.975655268327138,0.278437585216646,0.0587442661039378,0.295985423659029,0.441672594395089,0.0241488526180612,-1.5077054980865,0.427877939500953,1.57936867651807,-0.638104540356855,0.265387161529883,0.236798524709485,-0.0619998842821049,-1.70623874615458,-0.985520872334864,2.37323365813997,-0.808478040468043,0.729482928810867,-1.00858371559045,0.328861771638986,-1.87706706231176,0.495238162704973,-1.9426135429816,1.02999359340639,0.571053093283634,-1.81405497462789,2.01187782967166
